0	0.4154663086	13.9964687897	5.7253121565
1	0.0859375000	3.6730233636	4.2374862502
2	0.7999267578	7.9705096610	3.0408145911
3	0.2089233398	5.3709230025	5.1595027880
4	0.5059509277	15.3235483935	4.1980334579
5	0.6504211426	10.7577941869	3.0963252023
6	0.5230712891	14.8767881468	3.9390944491
7	0.5164489746	15.0647914271	4.0345847279
8	0.6069946289	12.0214317928	3.2212403274
9	0.8239746094	7.6410232395	3.0417630406
10	0.8529052734	7.2462341823	3.0377838559
11	0.9112548828	6.3137470874	2.9888233658
12	0.6380310059	11.0917973841	3.1218515222
13	0.1703186035	4.7884503540	4.8974509465
14	0.4644775391	15.6174879207	4.9428731464
15	0.8830871582	6.8049141646	3.0224205392
16	0.7338867188	8.9827354866	3.0363088308
17	0.4422302246	15.1416826178	5.3406782780
18	0.9846801758	3.0015422643	2.5166260459
19	0.7378540039	8.9148228478	3.0361142699
20	0.6238098145	11.5013064691	3.1602607331
21	0.9917602539	1.9674002744	2.3413951670
22	0.6835632324	9.9624873452	3.0548453489
23	0.8200378418	7.6944461873	3.0417995910
24	0.6352844238	11.1686952836	3.1284527146
25	0.8053894043	7.8947843683	3.0412387819
26	0.7907714844	8.0992023652	3.0399358342
27	0.3605957031	10.7467099942	6.0180478706
28	0.3229370117	8.7377437751	5.9078664452
29	0.1641235352	4.7059420597	4.8550612790
30	0.4369201660	14.9596888802	5.4273879440
31	0.9494018555	5.3054500889	2.8747522055
32	0.7225646973	9.1831899658	3.0375993870
33	0.9287109375	5.9277345358	2.9511038051
34	0.2201232910	5.5714845771	5.2360419824
35	0.6330566406	11.2318375374	3.1340811111
36	0.2298583984	5.7613716898	5.3029777264
37	0.4496765137	15.3535734665	5.2125969687
38	0.3972167969	12.9691763501	5.8984775841
39	0.6374511719	11.1079442970	3.1232147133
40	0.1044616699	3.9436155154	4.4091245273
41	0.1026916504	3.9193196284	4.3938222231
42	0.7003173828	9.6092652190	3.0444165771
43	0.7154541016	9.3144795422	3.0390772594
44	0.5987548828	12.2897880948	3.2585065574
45	0.4485168457	15.3239930803	5.2329758737
46	0.7781066895	8.2818830512	3.0385512793
47	0.1195373535	4.1420499100	4.5325483746
48	0.7118835449	9.3820828436	3.0400477676
49	0.0182800293	1.6719905583	2.9971733749
50	0.2623596191	6.5278627140	5.5281047353
51	0.1995544434	5.2158474793	5.0958091322
52	0.5685424805	13.3326030997	3.4478536882
53	0.7236328125	9.1638394138	3.0374253900
54	0.4592285156	15.5481069738	5.0401156992
55	0.6252136230	11.4596311431	3.1559791105
56	0.4230041504	14.3721663069	5.6313427963
57	0.8918457031	6.6638748999	3.0145702731
58	0.6658020020	10.3716574412	3.0729225576
59	0.2338562012	5.8440382133	5.3305711399
60	0.2879333496	7.3159863202	5.7015430660
61	0.9259948730	5.9940025276	2.9581945658
62	0.1113281250	4.0356420684	4.4667545959
63	0.5030822754	15.3842736740	4.2451050675
64	0.1883239746	5.0428141103	5.0196956110
65	0.5901184082	12.5796187641	3.3036065111
66	0.5237121582	14.8577447088	3.9301784504
67	0.6484375000	10.8098633958	3.0999746156
68	0.0404357910	2.6654236102	3.6029293296
69	0.9193725586	6.1451667014	2.9734496526
70	0.3210144043	8.6482789917	5.8982868755
71	0.3460083008	9.9144756931	5.9962188118
72	0.1556091309	4.5955516155	4.7962611825
73	0.7551879883	8.6307720881	3.0364272566
74	0.4277038574	14.5872321237	5.5666219325
75	0.0801086426	3.5780959635	4.1769820412
76	0.3692626953	11.2651131463	6.0145206330
77	0.9054565430	6.4250802741	2.9979501486
78	0.7160949707	9.3024665003	3.0389199812
79	0.1159057617	4.0953749827	4.5038171913
80	0.7947998047	8.0422740120	3.0403432264
81	0.9295959473	5.9055414032	2.9486771930
82	0.0728454590	3.4505753038	4.0957680410
83	0.0971984863	3.8421096017	4.3450073137
84	0.2024536133	5.2627088566	5.1154924777
85	0.5488281250	14.0312955752	3.6265488108
86	0.0902404785	3.7396107368	4.2798939026
87	0.2688903809	6.7115640805	5.5731159078
88	0.0232238770	1.9534575291	3.1673010110
89	0.6812133789	10.0144862946	3.0567755419
90	0.3827514648	12.0904442996	5.9799563534
91	0.3247680664	8.8242054877	5.9167259878
92	0.9777526855	3.7128584100	2.6338933464
93	0.1019592285	3.9091881423	4.3874319955
94	0.5282287598	14.7198120072	3.8689905873
95	0.8801574707	6.8503954015	3.0246381771
96	0.3303527832	9.0954553515	5.9420236162
97	0.7283630371	9.0792643876	3.0367913936
98	0.6345520020	11.1893782353	3.1302755832
99	0.5694885254	13.2990196869	3.4404768934
100	0.7677307129	8.4365460496	3.0374541681
101	0.5302124023	14.6573443451	3.8430341537
102	0.5308227539	14.6379119739	3.8351603747
103	0.7690734863	8.4162448166	3.0375878323
104	0.9030151367	6.4700476406	3.0013932643
105	0.0647277832	3.2927358080	3.9955670059
106	0.5838928223	12.7933004187	3.3403346061
107	0.9446716309	5.4706126081	2.8965089893
108	0.4046630859	13.4042645639	5.8373578494
109	0.6368408203	11.1249913665	3.1246670875
110	0.1397705078	4.3960321004	4.6842324069
111	0.6241760254	11.4904082809	3.1591327245
112	0.7502746582	8.7093144522	3.0361775258
113	0.0843505859	3.6477536557	4.2213820113
114	0.5899658203	12.5848114461	3.3044629716
115	0.9952697754	1.2677732893	2.2208676232
116	0.6056213379	12.0655686460	3.2270860654
117	0.1879882813	5.0378324120	5.0174218546
118	0.0628967285	3.2544389335	3.9713291864
119	0.1280822754	4.2501104065	4.5981438754
120	0.8284606934	7.5802251108	3.0416016854
121	0.7066955566	9.4823995064	3.0417620368
122	0.7404174805	8.8715460143	3.0360492046
123	0.8228454590	7.6563365429	3.0417830796
124	0.0974731445	3.8460410853	4.3474987734
125	0.0377197266	2.5733861231	3.5460895290
126	0.7990112305	7.9832722365	3.0407350381
127	0.0825805664	3.6190751222	4.2031023440
128	0.1661682129	4.7329443539	4.8690820729
129	0.5016784668	15.4122406020	4.2684907112
130	0.9764404297	3.8250735673	2.6520372878
131	0.2106933594	5.4014574170	5.1715672692
132	0.7418212891	8.8480426516	3.0360322856
133	0.2528991699	6.2808394575	5.4625563944
134	0.7629089355	8.5102020501	3.0370059910
135	0.5336303711	14.5473316785	3.7996247791
136	0.9892883301	2.3757073969	2.4110853238
137	0.8144836426	7.7700465872	3.0417039537
138	0.2177429199	5.5273459963	5.2197336066
139	0.7486267090	8.7359929920	3.0361187925
140	0.6600036621	10.5136212057	3.0807884073
141	0.2384033203	5.9416505801	5.3620206954
142	0.4104919434	13.7306345196	5.7803017021
143	0.8962707520	6.5892123258	3.0098187868
144	0.8458862305	7.3431304615	3.0394761002
145	0.8907470703	6.6820300818	3.0156634799
146	0.4875488281	15.6212307719	4.5150675590
147	0.9581909180	4.9455384301	2.8245154650
148	0.3581542969	10.6034855180	6.0166775587
149	0.8618774414	7.1201184602	3.0347389208
150	0.3635253906	10.9203386122	6.0183596087
151	0.0797119141	3.5714130843	4.1727227591
152	0.7313537598	9.0267087989	3.0364977913
153	0.0015258789	0.1992213951	2.1180033750
154	0.0376281738	2.5701775036	3.5441111779
155	0.4175415039	14.1033796988	5.7006966193
156	0.8522033691	7.2559828011	3.0379785240
157	0.5789794922	12.9643058861	3.3720163276
158	0.5349731445	14.5033641615	3.7830261917
159	0.6123352051	11.8521179985	3.1998145805
160	0.2134094238	5.4491322223	5.1901022052
161	0.5682373047	13.3434419965	3.4502554306
162	0.4731750488	15.6747816897	4.7803024762
163	0.8864440918	6.7518137560	3.0196380498
164	0.7927856445	8.0706747732	3.0401429233
165	0.5581665039	13.7016521762	3.5357795083
166	0.2536621094	6.2999668941	5.4678501155
167	0.7666015625	8.4536872861	3.0373444894
168	0.5569458008	13.7449956749	3.5470001317
169	0.2876586914	7.3064859376	5.6997373839
170	0.8780212402	6.8830956661	3.0261387752
171	0.4313964844	14.7446718350	5.5126965525
172	0.5903625488	12.5713153890	3.3022406299
173	0.8057861328	7.8893109539	3.0412658460
174	0.3895263672	12.5053768292	5.9478036282
175	0.6841430664	9.9497528625	3.0543884978
176	0.8491516113	7.2982068421	3.0387576897
177	0.2570190430	6.3857505306	5.4911316824
178	0.9394531250	5.6349724824	2.9171771801
179	0.5504150391	13.9756835906	3.6103120695
180	0.5401000977	14.3321470200	3.7219997323
181	0.2911682129	7.4297051905	5.7226680456
182	0.4784851074	15.6756301919	4.6813198620
183	0.5007324219	15.4304146556	4.2843764507
184	0.1244812012	4.2048119494	4.5708162470
185	0.0988769531	3.8660130874	4.3601466250
186	0.0732116699	3.4572861496	4.1000375555
187	0.2982482910	7.6906272825	5.7678477320
188	0.9469909668	5.3917491795	2.8862355011
189	0.0714416504	3.4245466525	4.0792145010
190	0.8474426270	7.3217483642	3.0391480570
191	0.4713134766	15.6684556740	4.8151234372
192	0.4896240234	15.5994882065	4.4777349340
193	0.0862426758	3.6778369192	4.2405534410
194	0.5486755371	14.0366311031	3.6281279000
195	0.4112548828	13.7722260151	5.7722405526
196	0.2507324219	6.2272455481	5.4475196588
197	0.4166564941	14.0580906519	5.7113132634
198	0.7393798828	8.8890066725	3.0360700949
199	0.0949401855	3.8094727008	4.3243048382
200	0.2486267090	6.1761740613	5.4329053451
201	0.2674560547	6.6702503233	5.5632559434
202	0.6136169434	11.8120440751	3.1949709653
203	0.4324340820	14.7869799848	5.4970827633
204	0.1508178711	4.5346042474	4.7628001330
205	0.9347839355	5.7688762167	2.9331910467
206	0.4382629395	15.0080593924	5.4058711681
207	0.2397460938	5.9712363543	5.3713192170
208	0.0277099609	2.1731674661	3.3008264838
209	0.5913085938	12.5391975294	3.2969993591
210	0.6194458008	11.6326039878	3.1743208125
211	0.8364257813	7.4722084813	3.0409547991
212	0.7315368652	9.0235136291	3.0364823445
213	0.6965942383	9.6851965652	3.0462741424
214	0.3940734863	12.7809605351	5.9203175256
215	0.2681274414	6.6895195610	5.5678733262
216	0.9003601074	6.5178000616	3.0048925455
217	0.0319519043	2.3559828745	3.4125021442
218	0.1460266113	4.4742569347	4.7289966289
219	0.1544799805	4.5811238228	4.7884030359
220	0.5869140625	12.6891482105	3.3220482534
221	0.3608398438	10.7611081469	6.0181301437
222	0.3477783203	10.0122027283	6.0005108340
223	0.1615295410	4.6719805367	4.8372235685
224	0.5124206543	15.1703511902	4.0956044350
225	0.7138977051	9.3438063649	3.0394803494
226	0.1266784668	4.2324851376	4.5875418245
227	0.0995483398	3.8754946914	4.3661456641
228	0.9456787109	5.4368453961	2.8921368945
229	0.2991333008	7.7244311655	5.7733776625
230	0.4564208984	15.5000698840	5.0915424508
231	0.6455993652	10.8852867970	3.1054746396
232	0.2068786621	5.3361585159	5.1455796688
233	0.0371093750	2.5518583553	3.5328201098
234	0.9733581543	4.0668446813	2.6907083799
235	0.6911926270	9.7979149536	3.0494143229
236	0.7964782715	8.0186989913	3.0405041313
237	0.7210083008	9.2115571158	3.0378744432
238	0.4179992676	14.1266226395	5.6951363882
239	0.3150634766	8.3799355491	5.8669861737
240	0.1491088867	4.5130204545	4.7507854091
241	0.8018798828	7.9433538035	3.0409766546
242	0.7014465332	9.5865138015	3.0438996005
243	0.3806152344	11.9591764184	5.9879743526
244	0.0125732422	1.2798692718	2.7615673312
245	0.7987976074	7.9862533260	3.0407161641
246	0.5966186523	12.3607019455	3.2690611977
247	0.7588195801	8.5736422866	3.0366746229
248	0.4516296387	15.4004955206	5.1779610996
249	0.3339538574	9.2763227779	5.9568268368
250	0.0548706055	3.0722437156	3.8564826385
251	0.1756591797	4.8614118739	4.9338132997
252	0.4770507813	15.6778708362	4.7079824853
253	0.7928466797	8.0698123127	3.0401490986
254	0.1472778320	4.4899695614	4.7378609099
255	0.6849365234	9.9323880821	3.0537755265
256	0.2993164063	7.7314585751	5.7745181902
257	0.6094360352	11.9435671343	3.2111919763
258	0.6310729980	11.2886413758	3.1393066236
259	0.7658081055	8.4657712058	3.0372690325
260	0.2077636719	5.3511399827	5.1516043765
261	0.1763000488	4.8702947498	4.9381684382
262	0.1410522461	4.4120250602	4.6934681194
263	0.0455322266	2.8233070700	3.7008673753
264	0.0743103027	3.4772280465	4.1127283677
265	0.3797912598	11.9085453146	5.9908022963
266	0.0060119629	0.7039091125	2.4177241863
267	0.6471557617	10.8437903708	3.1024171974
268	0.4823913574	15.6605330320	4.6091234913
269	0.7601928711	8.5522347670	3.0367801701
270	0.6900939941	9.8212202826	3.0501216973
271	0.1620178223	4.6783493008	4.8405858524
272	0.4809265137	15.6677153254	4.6361160101
273	0.2969360352	7.6409960293	5.7595966548
274	0.8591918945	7.1581911746	3.0357638875
275	0.2474975586	6.1491908304	5.4250692331
276	0.9632263184	4.6984324141	2.7882225189
277	0.8185424805	7.7147686862	3.0417899254
278	0.0724487305	3.4432686291	4.0911201763
279	0.8497619629	7.2897818831	3.0386104113
280	0.6708374023	10.2517995129	3.0669315868
281	0.0381164551	2.5872075128	3.5546138659
282	0.0985717773	3.8616884509	4.3574092153
283	0.0512390137	2.9808345840	3.7991657681
284	0.8224792480	7.6613044553	3.0417878921
285	0.2131652832	5.4448053528	5.1884350104
286	0.8572692871	7.1852673062	3.0364362986
287	0.5434265137	14.2186579134	3.6843806973
288	0.3679504395	11.1857675106	6.0159364128
289	0.4310302734	14.7295336557	5.5181600007
290	0.9856567383	2.8812408757	2.4964811809
291	0.7244262695	9.1495257818	3.0373037155
292	0.8670654297	7.0456196535	3.0324560836
293	0.5187988281	15.0000105220	4.0000054614
294	0.0296630859	2.2600551810	3.3538335243
295	0.4217224121	14.3108332221	5.6481965475
296	0.9934387207	1.6527915269	2.2873493302
297	0.5787048340	12.9739186786	3.3738605805
298	0.2604675293	6.4767033573	5.5150181520
299	0.2397460938	5.9712363543	5.3713192170
300	0.6636352539	10.4242068362	3.0757359194
301	0.1480712891	4.4999494862	4.7434683017
302	0.1158142090	4.0941908195	4.5030855130
303	0.5325622559	14.5820147075	3.8130114089
304	0.7907714844	8.0992023652	3.0399358342
305	0.9846191406	3.0088675734	2.5178502053
306	0.2665405273	6.6441686544	5.5569539480
307	0.0014953613	0.1953902572	2.1157326177
308	0.6636352539	10.4242068362	3.0757359194
309	0.4765319824	15.6782356626	4.7176424265
310	0.3078918457	8.0736533102	5.8263856370
311	0.9179077148	6.1768325429	2.9764741173
312	0.9505920410	5.2610856646	2.8687565235
313	0.6776123047	10.0954064973	3.0599881725
314	0.0759582520	3.5066225937	4.1314435167
315	0.9707031250	4.2538840967	2.7201741470
316	0.3283081055	8.9948322635	5.9330767681
317	0.9675292969	4.4558432560	2.7514713987
318	0.5890808105	12.6149751596	3.3094729019
319	0.7390136719	8.8951874180	3.0360792166
320	0.7358703613	8.9486347109	3.0361966924
321	0.3368835449	9.4268582243	5.9679097543
322	0.6142578125	11.7920897376	3.1925910744
323	0.7899169922	8.1113448439	3.0398462091
324	0.2536010742	6.2984317340	5.4674266422
325	0.2973937988	7.6582427665	5.7624817814
326	0.8585510254	7.1672325178	3.0359935852
327	0.4010925293	13.1978037353	5.8683166387
328	0.6069030762	12.0243667292	3.2216256588
329	0.4170837402	14.0800118869	5.7062099556
330	0.7855224609	8.1741884599	3.0393725716
331	0.9084167480	6.3690836990	2.9934654543
332	0.2952880859	7.5794942560	5.7491516435
333	0.4803161621	15.6701729411	4.6473932187
334	0.0565490723	3.1124628319	3.8817663648
335	0.6786499023	10.0719358223	3.0590299803
336	0.3461608887	9.9228618032	5.9966051357
337	0.2731933594	6.8388904958	5.6025825658
338	0.5973510742	12.3363289407	3.2653993086
339	0.7070922852	9.4746387877	3.0416174822
340	0.6938476563	9.7421268890	3.0478023047
341	0.9934082031	1.6588185431	2.2883872011
342	0.2893066406	7.3638505235	5.7105439200
343	0.8402404785	7.4203126544	3.0404596099
344	0.1834106445	4.9708941289	4.9864098049
345	0.2856445313	7.2375479102	5.6864424459
346	0.2858886719	7.2458358175	5.6880588000
347	0.6234741211	11.5113128095	3.1613016591
348	0.1995849609	5.2163357634	5.0960162218
349	0.9015808105	6.4959879384	3.0033143874
350	0.9540710449	5.1240281322	2.8498666113
351	0.7736206055	8.3481437190	3.0380618181
352	0.9206848145	6.1162855694	2.9706381154
353	0.9851989746	2.9383689324	2.5060569262
354	0.4407043457	15.0919529248	5.3660287727
355	0.2767028809	6.9466068442	5.6264618545
356	0.1975097656	5.1833678432	5.0819385694
357	0.9827575684	3.2221350905	2.5533555665
358	0.8640747070	7.0887284596	3.0338224318
359	0.1105957031	4.0259761647	4.4607294562
360	0.0572814941	3.1296390230	3.8925761664
361	0.1780700684	4.8949798705	4.9501895189
362	0.1300048828	4.2741929358	4.6125637109
363	0.5926208496	12.4948015752	3.2898634431
364	0.8324584961	7.5260446676	3.0413386034
365	0.8526611328	7.2496266751	3.0378522384
366	0.3736267090	11.5306315222	6.0074157129
367	0.3522338867	10.2624095968	6.0094073634
368	0.9147338867	6.2434926602	2.9826370214
369	0.0708312988	3.4130755949	4.0719225153
370	0.0254211426	2.0648201898	3.2348926838
371	0.9287109375	5.9277345358	2.9511038051
372	0.1339721680	4.3237414313	4.6419776862
373	0.0899353027	3.7349755670	4.2769438058
374	0.5029907227	15.3861334102	4.2466233179
375	0.9936828613	1.6041397395	2.2789679754
376	0.7619323730	8.5252686882	3.0369223276
377	0.3954162598	12.8616311687	5.9112738356
378	0.5271606445	14.7529914949	3.8831992167
379	0.1990051270	5.2070761863	5.0920818666
380	0.1413879395	4.4162157621	4.6958812158
381	0.3610839844	10.7755195973	6.0182023080
382	0.0635070801	3.2673265323	3.9794820828
383	0.6492004395	10.7897741079	3.0985523929
384	0.9399108887	5.6212158612	2.9154883264
385	0.5342102051	14.5283944986	3.7924257542
386	0.8888549805	6.7129671537	3.0174700848
387	0.9992370605	0.2375179939	2.0415640595
388	0.0288391113	2.2239915845	3.3318175874
389	0.5455932617	14.1439046188	3.6607024872
390	0.7825012207	8.2178021475	3.0390389726
391	0.1772155762	4.8830347964	4.9443875277
392	0.9870910645	2.6932592443	2.4648584375
393	0.6449279785	10.9032889356	3.1068250706
394	0.3427734375	9.7384453716	5.9873275601
395	0.7318420410	9.0181940555	3.0364572297
396	0.2301635742	5.7675816495	5.3050820475
397	0.8607482910	7.1361638378	3.0351823393
398	0.4283142090	14.6139786912	5.5578898959
399	0.8052978516	7.8960479345	3.0412324586
400	0.7640686035	8.4923766951	3.0371086878
401	0.7857360840	8.1711176344	3.0393959817
402	0.2246093750	5.6570577288	5.2668397525
403	0.7308044434	9.0363097757	3.0365458466
404	0.5640258789	13.4932112965	3.4845206465
405	0.9867553711	2.7385273317	2.4724888217
406	0.9352722168	5.7553899068	2.9316143820
407	0.2551879883	6.3386288783	5.4784352295
408	0.5787048340	12.9739186786	3.3738605805
409	0.0401611328	2.6563841192	3.5973387926
410	0.0986022949	3.8621213362	4.3576832562
411	0.3867492676	12.3357106925	5.9622384682
412	0.3588256836	10.6427318947	6.0171525944
413	0.1917419434	5.0941358233	5.0428474423
414	0.5287780762	14.7026214203	3.8617465273
415	0.8677062988	7.0363202253	3.0321447289
416	0.3111877441	8.2121070829	5.8453987735
417	0.6420898438	10.9800693565	3.1127492882
418	0.8825073242	6.8139767631	3.0228745877
419	0.2720031738	6.8031572898	5.5944510053
420	0.5776672363	13.0102800971	3.3808993222
421	0.4566345215	15.5039931065	5.0876476161
422	0.8502197266	7.2834568816	3.0384971841
423	0.7278747559	9.0879114960	3.0368469485
424	0.5389709473	14.3702718503	3.7351215365
425	0.1008300781	3.8934749391	4.3775113611
426	0.9726257324	4.1202548091	2.6991656527
427	0.2655029297	6.6148785224	5.5498044355
428	0.9435729980	5.5066530735	2.9011297833
429	0.6003417969	12.2374569618	3.2509108353
430	0.0820007324	3.6095623486	4.1970386692
431	0.7897644043	8.1135157025	3.0398301047
432	0.6616821289	10.4720854531	3.0783995505
433	0.3261413574	8.8898552619	5.9231940056
434	0.3686828613	11.2300214405	6.0151864490
435	0.6778259277	10.0905639914	3.0597887034
436	0.0641479492	3.2807263837	3.9879629006
437	0.4046630859	13.4042645639	5.8373578494
438	0.0725097656	3.4443952290	4.0918367701
439	0.0017089844	0.2220826690	2.1315547669
440	0.0263061523	2.1075947742	3.2609017158
441	0.7530212402	8.6652275192	3.0363041097
442	0.7990417480	7.9828464649	3.0407377250
443	0.3761596680	11.6856370741	6.0015452390
444	0.5569152832	13.7460786284	3.5472830847
445	0.7391967773	8.8920958558	3.0360745404
446	0.4612121582	15.5774484719	5.0035087101
447	0.4311218262	14.7333282032	5.5167964723
448	0.0520629883	3.0021298389	3.8125003521
449	0.4670410156	15.6417694076	4.8950429194
450	0.8454895020	7.3485726706	3.0395556376
451	0.9094238281	6.3496404620	2.9918579517
452	0.1741027832	4.8399566403	4.9232298476
453	0.6865539551	9.8972087663	3.0525688802
454	0.8035278320	7.9205125918	3.0411046574
455	0.3895263672	12.5053768292	5.9478036282
456	0.3554687500	10.4476225843	6.0140527783
457	0.3290100098	9.0292042169	5.9361905569
458	0.0683898926	3.3662094582	4.0421534784
459	0.6330566406	11.2318375374	3.1340811111
460	0.9276733398	5.9533712770	2.9538748354
461	0.6671142578	10.3401185844	3.0712889813
462	0.6959838867	9.6977798618	3.0466018383
463	0.5576171875	13.7211626028	3.5408052877
464	0.8752136230	6.9255268525	3.0279698783
465	0.1001892090	3.8845043394	4.3718426181
466	0.1315307617	4.2932687664	4.6239293136
467	0.8342285156	7.5020380730	3.0411831549
468	0.2143859863	5.4665231643	5.1967732734
469	0.5642700195	13.4845226564	3.4824764295
470	0.9010009766	6.5063784381	3.0040704222
471	0.1102294922	4.0211309055	4.4577065250
472	0.9973449707	0.7673571257	2.1339987254
473	0.5672912598	13.3770577055	3.4577699104
474	0.9273376465	5.9615792954	2.9547546519
475	0.8567199707	7.1929776310	3.0366193387
476	0.9407958984	5.5942769848	2.9121586697
477	0.8492126465	7.2973647691	3.0387431504
478	0.4720764160	15.6714331994	4.8008491236
479	0.8413696289	7.4049173091	3.0402876988
480	0.6801452637	10.0383311989	3.0576956486
481	0.6672668457	10.3364652318	3.0711024036
482	0.7016601563	9.5822237928	3.0438041450
483	0.2259521484	5.6833016278	5.2760740030
484	0.6481933594	10.8163085526	3.1004346953
485	0.7060546875	9.4949678376	3.0420004444
486	0.8787841797	6.8714598270	3.0256137725
487	0.2891235352	7.3574336199	5.7093465151
488	0.5791625977	12.9579002876	3.3707912076
489	0.6126403809	11.8425566585	3.1986511245
490	0.1788940430	4.9065490848	4.9557822107
491	0.7739868164	8.3427011073	3.0381011441
492	0.6375732422	11.1045410776	3.1229263894
493	0.1567993164	4.6108071179	4.8045271420
494	0.1315917969	4.2940312331	4.6243825389
495	0.8607482910	7.1361638378	3.0351823393
496	0.1722106934	4.8140902406	4.9103493879
497	0.0161437988	1.5347812845	2.9145635250
498	0.6869506836	9.8886242966	3.0522815506
499	0.7644958496	8.4858273867	3.0371473936
500	0.0948486328	3.8081374974	4.3234571834
501	0.1863403320	5.0135241165	5.0062592781
502	0.9070739746	6.3946926838	2.9955433091
503	0.9576721191	4.9690871990	2.8279048376
504	0.8843688965	6.7847692664	3.0213895116
505	0.0160827637	1.5307039447	2.9121116002
506	0.2822875977	7.1254716649	5.6640924230
507	0.0178527832	1.6453759465	2.9811340927
508	0.2155456543	5.4873503816	5.2046999811
509	0.8674621582	7.0398655447	3.0322641311
510	0.6727600098	10.2068572518	3.0648359683
511	0.1004028320	3.8874988311	4.3737353093
512	0.2129516602	5.4410261407	5.1869764011
513	0.4010009766	13.1924537264	5.8690704230
514	0.8747863770	6.9319324558	3.0282350034
515	0.0360412598	2.5133917918	3.5091332172
516	0.3300170898	9.0788315981	5.9405808028
517	0.4858398438	15.6366222629	4.5460463889
518	0.8122558594	7.8004762181	3.0416224503
519	0.0536193848	3.0414515585	3.8371519227
520	0.8526306152	7.2500506106	3.0378607356
521	0.7348937988	8.9653863181	3.0362480858
522	0.3529663086	10.3040919868	6.0105969588
523	0.1276855469	4.2451332130	4.5951540571
524	0.0283813477	2.2035867451	3.3193703364
525	0.6650390625	10.3900932226	3.0738964992
526	0.7501525879	8.7112847525	3.0361727167
527	0.9511718750	5.2390253644	2.8657528099
528	0.8202514648	7.6915445395	3.0417999496
529	0.4822082520	15.6615292374	4.6124916368
530	0.7088012695	9.4413787525	3.0410208024
531	0.5330505371	14.5661925326	3.8068716499
532	0.2855529785	7.2344447711	5.6858359790
533	0.4915466309	15.5764390384	4.4434510072
534	0.0770568848	3.5258876401	4.1437142118
535	0.4209899902	14.2752950838	5.6576693910
536	0.5799560547	12.9301703244	3.3655226800
537	0.1326293945	4.3069875399	4.6320713366
538	0.1627197266	4.6875235569	4.8454153127
539	0.5490112305	14.0248901055	3.6246580517
540	0.5861816406	12.7143215104	3.3264000067
541	0.6396484375	11.0470018119	3.1181330387
542	0.6745605469	10.1651735773	3.0629649133
543	0.7101745605	9.4148509029	3.0405712249
544	0.1681213379	4.7589438482	4.8824461956
545	0.3264160156	8.9030677152	5.9244688923
546	0.2887573242	7.3446321929	5.7069491757
547	0.6541748047	10.6607041118	3.0898385103
548	0.0496520996	2.9388433796	3.7729043626
549	0.4966430664	15.5024572113	4.3541578929
550	0.8403320313	7.4190650391	3.0404461147
551	0.8099975586	7.8314000181	3.0415171882
552	0.3184814453	8.5324783763	5.8852564821
553	0.9790649414	3.5943810798	2.6146171168
554	0.1394653320	4.3922258025	4.6820281617
555	0.6336669922	11.2144696382	3.1325141303
556	0.5551452637	13.8088268010	3.5638993025
557	0.2875976563	7.3043780079	5.6993358777
558	0.4130249023	13.8676059909	5.7530160521
559	0.5808105469	12.9003589265	3.3599216808
560	0.5869445801	12.6881004062	3.3218680463
561	0.4065246582	13.5100524011	5.8200111280
562	0.3708496094	11.3613952480	6.0123685367
563	0.7043457031	9.5286767585	3.0426663104
564	0.8666381836	7.0518067694	3.0326599485
565	0.2005920410	5.2325081242	5.1028513618
566	0.8972778320	6.5718527212	3.0086553895
567	0.8771362305	6.8965355195	3.0267328967
568	0.4766845703	15.6781530755	4.7148004576
569	0.4501647949	15.3656456263	5.2039739066
570	0.3674621582	11.1563116529	6.0163803559
571	0.6396789551	11.0461600866	3.1180640554
572	0.7578430176	8.5889301720	3.0366034083
573	0.5115051270	15.1933060934	4.1097732718
574	0.5888061523	12.6243521592	3.3110425124
575	0.6726684570	10.2089871924	3.0649334469
576	0.5632019043	13.5225374151	3.4914732040
577	0.6017150879	12.1924149609	3.2445024647
578	0.3674011230	11.1526323739	6.0164327148
579	0.8947753906	6.6147300097	3.0114888608
580	0.1372070313	4.3640705762	4.6656511098
581	0.7091064453	9.4354684369	3.0409186252
582	0.6993103027	9.6296650212	3.0448955629
583	0.1851806641	4.9965619555	4.9984031978
584	0.6192626953	11.6381703435	3.1749362625
585	0.1282653809	4.2524066081	4.5995221136
586	0.5871887207	12.6797211216	3.3204295907
587	0.7313537598	9.0267087989	3.0364977913
588	0.1729736328	4.8244923303	4.9155451463
589	0.6201477051	11.6113089634	3.1719809573
590	0.4815063477	15.6650881123	4.6254187707
591	0.0016174316	0.2106788507	2.1247946965
592	0.7398071289	8.8818078035	3.0360606128
593	0.1973571777	5.1809623554	5.0809037818
594	0.3469848633	9.9682732498	5.9986383441
595	0.3428649902	9.7433806208	5.9875972103
596	0.4181518555	14.1343422671	5.6932725894
597	0.5341796875	14.5293930634	3.7928034579
598	0.3540954590	10.3686450947	6.0122741510
599	0.2030944824	5.2731996325	5.1198464224
600	0.4671630859	15.6427699126	4.8927619031
601	0.0018615723	0.2409708750	2.1427527072
602	0.1953735352	5.1499175994	5.0674551647
603	0.9792785645	3.5744630435	2.6113650757
604	0.9355773926	5.7469025290	2.9306178533
605	0.3286743164	9.0127432037	5.9347068190
606	0.0268554688	2.1335786154	3.2767144504
607	0.4898071289	15.5974120635	4.4744568130
608	0.9158020020	6.2213456642	2.9806205979
609	0.8851013184	6.7731869029	3.0207831234
610	0.0344848633	2.4554490715	3.4735084868
611	0.0722961426	3.4404481345	4.0893262319
612	0.4226989746	14.3576636177	5.6353872723
613	0.5939941406	12.4485378374	3.2825602331
614	0.6255493164	11.4497058443	3.1549721340
615	0.3061218262	8.0009020991	5.8159481726
616	0.8975524902	6.5670932614	3.0083325801
617	0.4657592773	15.6304107639	4.9189769130
618	0.2449645996	6.0896619400	5.4074948393
619	0.3602294922	10.7251379581	6.0179055903
620	0.3368835449	9.4268582243	5.9679097543
621	0.7584228516	8.5798464487	3.0366452958
622	0.8169250488	7.7367743709	3.0417658115
623	0.9655761719	4.5700090535	2.7688914702
624	0.0464782715	2.8507209625	3.7179311532
625	0.7628784180	8.5106721059	3.0370033366
626	0.8110046387	7.8175994168	3.0415668366
627	0.0130004883	1.3122373679	2.7809627152
628	0.0202026367	1.7870056348	3.0665775647
629	0.2130432129	5.4426450274	5.1876014981
630	0.9338073730	5.7955108405	2.9362800115
631	0.7757873535	8.3160295386	3.0382963475
632	0.9439086914	5.4957268501	2.8997339788
633	0.3209533691	8.6454610003	5.8979782691
634	0.4452514648	15.2338832821	5.2895377901
635	0.7572631836	8.5980331436	3.0365627074
636	0.8244628906	7.6344030857	3.0417518999
637	0.4369201660	14.9596888802	5.4273879440
638	0.1000061035	3.8819341804	4.3702178173
639	0.1635437012	4.6983228957	4.8510791154
640	0.2434387207	6.0544563205	5.3969118523
641	0.3348083496	9.3199174658	5.9601514342
642	0.7138977051	9.3438063649	3.0394803494
643	0.0011901855	0.1567455519	2.0928308376
644	0.2362670898	5.8953041387	5.3472378554
645	0.1220092773	4.1735280775	4.5517972218
646	0.3553161621	10.4388224729	6.0138695033
647	0.7998046875	7.9722100838	3.0408041115
648	0.7959594727	8.0259771083	3.0404550257
649	0.7747192383	8.3318341273	3.0381801988
650	0.1616516113	4.6735717163	4.8380643476
651	0.9596862793	4.8757783773	2.8144006123
652	0.0020141602	0.2597128957	2.1538654733
653	0.2980651855	7.6836668013	5.7667000659
654	0.7806091309	8.2452962395	3.0388287949
655	0.7246093750	9.1462299822	3.0372765401
656	0.7745361328	8.3345486032	3.0381603871
657	0.5112915039	15.1986044293	4.1130951033
658	0.4367370605	14.9529721116	5.4302994587
659	0.7792663574	8.2648958915	3.0386796978
660	0.2528381348	6.2793150749	5.4621328703
661	0.4578552246	15.5255640340	5.0653322731
662	0.6227416992	11.5331990150	3.1635958988
663	0.4721679688	15.6717544927	4.7991364643
664	0.7995605469	7.9756120803	3.0407830335
665	0.4405822754	15.0878840349	5.3680422372
666	0.4159240723	14.0202651948	5.7199659579
667	0.6630859375	10.4376235911	3.0764726510
668	0.6295776367	11.3318250347	3.1433828984
669	0.6819152832	9.9988881660	3.0561855869
670	0.4195861816	14.2062094274	5.6755005859
671	0.1958618164	5.1575207172	5.0707650073
672	0.0637512207	3.2724470440	3.9827224129
673	0.6090087891	11.9571374522	3.2129191255
674	0.3294372559	9.0502135325	5.9380643241
675	0.9959411621	1.1140020686	2.1942248168
676	0.4079895020	13.5923048554	5.8057823321
677	0.7637939453	8.4965920416	3.0370840484
678	0.1250000000	4.2113563392	4.5747802007
679	0.7931518555	8.0655017511	3.0401798805
680	0.4570007324	15.5106158604	5.0809634292
681	0.3383483887	9.5032477954	5.9731078914
682	0.8860473633	6.7581475704	3.0199809167
683	0.4692382813	15.6576280212	4.8539553760
684	0.6234130859	11.5131338220	3.1614916319
685	0.3348388672	9.3214791833	5.9602687891
686	0.2339172363	5.8453227383	5.3309928480
687	0.0306701660	2.3030118186	3.3800858518
688	0.6914978027	9.7914642963	3.0492220800
689	0.3508300781	10.1829458233	6.0069079582
690	0.3980407715	13.0181285817	5.8923649649
691	0.2060852051	5.3228110561	5.1401803653
692	0.1961059570	5.1613316764	5.0724200651
693	0.9893188477	2.3710177769	2.4102881885
694	0.9072570801	6.3912213057	2.9952642900
695	0.6691894531	10.2906806388	3.0688106143
696	0.4266967773	14.5424910307	5.5808686488
697	0.8940124512	6.6276339623	3.0123151847
698	0.9062194824	6.4108076967	2.9968276780
699	0.8862304688	6.7552262768	3.0198231486
700	0.0560302734	3.1001607607	3.8740284846
701	0.4093933105	13.6702565900	5.7916699590
702	0.0969238281	3.8381701018	4.3425102304
703	0.5886535645	12.6295648131	3.3119175642
704	0.3942871094	12.7938192629	5.9189072045
705	0.8659057617	7.0623904846	3.0330026205
706	0.3049316406	7.9526083972	5.8088465444
707	0.8709716797	6.9885693094	3.0304515676
708	0.2678833008	6.6824985362	5.5661946911
709	0.4901123047	15.5938957314	4.4689992355
710	0.6708984375	10.2503658606	3.0668634760
711	0.9131164551	6.2765029859	2.9855839702
712	0.5233154297	14.8695498812	3.9356910523
713	0.9398498535	5.6230569784	2.9157148072
714	0.4669799805	15.6412638647	4.8961833353
715	0.3283081055	8.9948322635	5.9330767681
716	0.1561889648	4.6029774751	4.8002903098
717	0.4644165039	15.6168333976	4.9440099416
718	0.5381469727	14.3979522440	3.7448101614
719	0.1357116699	4.3454308817	4.6547403721
720	0.0650024414	3.2983872305	3.9991464260
721	0.6896362305	9.8309693286	3.0504235847
722	0.3687133789	11.2318671311	6.0151529996
723	0.3579406738	10.5910210053	6.0165110088
724	0.4301757813	14.6937983839	5.5308106599
725	0.0281372070	2.1925936559	3.3126671617
726	0.7736206055	8.3481437190	3.0380618181
727	0.2438354492	6.0635630649	5.3996630732
728	0.7178344727	9.2700419920	3.0385179576
729	0.7144165039	9.3340066703	3.0393426206
730	0.2149963379	5.4774609260	5.2009445683
731	0.1160888672	4.0977421304	4.5052794266
732	0.3088684082	8.1142702953	5.8320780754
733	0.4650268555	15.6232183283	4.9326372004
734	0.7433776855	8.8221434595	3.0360281851
735	0.8439331055	7.3698933308	3.0398520490
736	0.7526550293	8.6710789563	3.0362852617
737	0.7637023926	8.4979980432	3.0370758783
738	0.5642089844	13.4866947816	3.4829868085
739	0.9407348633	5.5961495785	2.9123910746
740	0.6460876465	10.8722328804	3.1045045123
741	0.7716369629	8.3777319777	3.0378514909
742	0.2293395996	5.7508521339	5.2994011849
743	0.2866516113	7.2718565146	5.6931014170
744	0.1374511719	4.3671137870	4.6674273177
745	0.8624572754	7.1118568381	3.0345040307
746	0.4532775879	15.4372413791	5.1484546217
747	0.4763793945	15.6782976114	4.7204850473
748	0.0553588867	3.0840697023	3.8639129384
749	0.7825317383	8.2173598553	3.0390423588
750	0.5546264648	13.8271919985	3.5688463555
751	0.7917175293	8.0857868428	3.0400338753
752	0.6625976563	10.4495818110	3.0771356392
753	0.4359741211	14.9246763276	5.4423712648
754	0.5225830078	14.8912034295	3.9459264149
755	0.7992553711	7.9798667489	3.0407564659
756	0.0350341797	2.4761632352	3.4862366156
757	0.2950439453	7.5704605890	5.7475966637
758	0.7082214355	9.4526324690	3.0412185620
759	0.5730285645	13.1736402836	3.4137799341
760	0.0656127930	3.3108616026	4.0070496453
761	0.4349975586	14.8877356075	5.4576809039
762	0.1410522461	4.4120250602	4.6934681194
763	0.5421752930	14.2615400948	3.6983499726
764	0.0931701660	3.7834836992	4.3077969854
765	0.1945190430	5.1366718987	5.0616637563
766	0.4702148438	15.6632224619	4.8356820526
767	0.9636230469	4.6773897616	2.7850754256
768	0.1563720703	4.6053249561	4.8015618233
769	0.4606323242	15.5692650053	5.0142296671
770	0.5311279297	14.6281598881	3.8312433985
771	0.0196838379	1.7567105655	3.0482818080
772	0.8726501465	6.9637688051	3.0295090561
773	0.5790710449	12.9611027921	3.3714033300
774	0.5366821289	14.4468514917	3.7622710629
775	0.5407104492	14.3114505092	3.7149813880
776	0.9420166016	5.5563541235	2.9074220706
777	0.8893432617	6.7050223868	3.0170129127
778	0.8937988281	6.6312334545	3.0125434969
779	0.3528442383	10.2971344496	6.0104042085
780	0.2760620117	6.9266718702	5.6221131532
781	0.8848266602	6.7775364489	3.0210120063
782	0.6447143555	10.9090297753	3.1072587898
783	0.2505798340	6.2235114573	5.4464606519
784	0.7518615723	8.6837852025	3.0362464618
785	0.9980468750	0.5798903049	2.1013421708
786	0.5334777832	14.5523025414	3.8015272103
787	0.5944824219	12.4321380708	3.2800035824
788	0.5908203125	12.5557629729	3.2996943330
789	0.0107116699	1.1322359202	2.6732099638
790	0.6973876953	9.6688957727	3.0458580780
791	0.5337219238	14.5443466214	3.7984849108
792	0.3625793457	10.8640727305	6.0184214892
793	0.0889892578	3.7205247179	4.2677442641
794	0.9832153320	3.1714487577	2.5449416034
795	0.8539428711	7.2317956519	3.0374851387
796	0.6140441895	11.7987350458	3.1933812908
797	0.4435729980	15.1836963160	5.3180994759
798	0.8888244629	6.7134628184	3.0174984521
799	0.4497070313	15.3543346327	5.2120587509
800	0.1230773926	4.1870675530	4.5600425764
801	0.6148681641	11.7731370292	3.1903501896
802	0.1294860840	4.2677001647	4.6086837603
803	0.4223022461	14.3387158752	5.6406155611
804	0.7776489258	8.2886041365	3.0385007292
805	0.3831481934	12.1148151602	5.9783571873
806	0.8292236328	7.5698875549	3.0415605325
807	0.8022766113	7.9378491675	3.0410082288
808	0.0795288086	3.5683184579	4.1707504881
809	0.3037109375	7.9035956475	5.8014963067
810	0.3373107910	9.4490618705	5.9694501153
811	0.8972167969	6.5729089088	3.0087268013
812	0.2733459473	6.8435005646	5.6036239325
813	0.8670654297	7.0456196535	3.0324560836
814	0.6696777344	10.2791255427	3.0682457608
815	0.2643432617	6.5824774070	5.5418054252
816	0.1004028320	3.8874988311	4.3737353093
817	0.2839965820	7.1820922343	5.6754989380
818	0.5752563477	13.0950320594	3.3976968298
819	0.3080749512	8.0812430204	5.8274566273
820	0.1775817871	4.8881476202	4.9468743776
821	0.8958435059	6.5965341887	3.0103028709
822	0.2273864746	5.7116661785	5.2859458022
823	0.5028686523	15.3886053526	4.2486491606
824	0.0013427734	0.1761440248	2.1043260777
825	0.2095642090	5.3819307862	5.1638696838
826	0.5403137207	14.3249101334	3.7195373716
827	0.2407836914	5.9943424076	5.3785075302
828	0.5765075684	13.0510025164	3.3889012600
829	0.5578918457	13.7114085124	3.5382876023
830	0.1105346680	4.0251691984	4.4602261175
831	0.3041076660	7.9194672826	5.8038923599
832	0.6703186035	10.2640039462	3.0675147779
833	0.3846130371	12.2047539336	5.9721505311
834	0.7831115723	8.2089631968	3.0391066529
835	0.9629821777	4.7112582840	2.7901366573
836	0.6911926270	9.7979149536	3.0494143229
837	0.1545410156	4.5819026169	4.7888282137
838	0.8432922363	7.3786595303	3.0399669971
839	0.6982727051	9.6507903601	3.0454070740
840	0.1926269531	5.1076076006	5.0488430535
841	0.8887939453	6.7139583798	3.0175267953
842	0.8327026367	7.5227343661	3.0413186316
843	0.5489196777	14.0280932245	3.6256028659
844	0.0023193359	0.2967652335	2.1758394733
845	0.3249206543	8.8314659280	5.9174522612
846	0.9909057617	2.1153772484	2.3667159015
847	0.0848693848	3.6560597323	4.2266758075
848	0.9757385254	3.8827054834	2.6613097859
849	0.7020874023	9.5736573765	3.0436154525
850	0.3217163086	8.6807839217	5.9018161925
851	0.0044860840	0.5443392095	2.3228247869
852	0.3753967285	11.6388958210	6.0034516297
853	0.1711730957	4.8000023541	4.9032784349
854	0.2846069336	7.2025326432	5.6795586863
855	0.3574523926	10.5625729176	6.0161026090
856	0.8744201660	6.9374126032	3.0284594827
857	0.8299255371	7.5603765353	3.0415189765
858	0.1112060547	4.0340333288	4.4657523076
859	0.3922119141	12.6685431131	5.9321536186
860	0.1856994629	5.0041358452	5.0019178884
861	0.3832092285	12.1185641461	5.9781080785
862	0.7466125488	8.7688364473	3.0360659405
863	0.0287475586	2.2199320324	3.3293406649
864	0.3157043457	8.4082125884	5.8704690417
865	0.4280700684	14.6033137864	5.5613914899
866	0.4158630371	14.0170991986	5.7206815338
867	0.9562377930	5.0325317756	2.8369705528
868	0.4433288574	15.1761801027	5.3222230007
869	0.3639526367	10.9458081536	6.0182799899
870	0.8152160645	7.7600572057	3.0417256203
871	0.3556518555	10.4581908071	6.0142679304
872	0.4238891602	14.4138633936	5.6195028517
873	0.9277343750	5.9518744311	2.9537140009
874	0.9288024902	5.9254528128	2.9508555015
875	0.2474365234	6.1477401912	5.4246456820
876	0.9179992676	6.1748706522	2.9762885223
877	0.3540954590	10.3686450947	6.0122741510
878	0.4696960449	15.6603612550	4.8453901803
879	0.4641418457	15.6138439158	4.9491241344
880	0.1455078125	4.4677501817	4.7253131070
881	0.1604919434	4.6584822063	4.8300712013
882	0.9466857910	5.4023504078	2.8876290994
883	0.2481994629	6.1659314254	5.4299402476
884	0.2643432617	6.5824774070	5.5418054252
885	0.5573425293	13.7309143187	3.5433325843
886	0.3553466797	10.4405820037	6.0139064473
887	0.4743957520	15.6772119956	4.7574912242
888	0.3744506836	11.5809972325	6.0056496286
889	0.4832763672	15.6553252814	4.5928694426
890	0.4946899414	15.5329582082	4.3880900199
891	0.4976501465	15.4857239824	4.3368101068
892	0.1466979980	4.4826844665	4.7337564530
893	0.2651977539	6.6063177896	5.5477002582
894	0.9084472656	6.3684975301	2.9934173680
895	0.6256713867	11.4461005272	3.1546075625
896	0.0767517090	3.5205621224	4.1403218280
897	0.9034729004	6.4616958320	3.0007645554
898	0.4515075684	15.3976698309	5.1801368116
899	0.2165222168	5.5050391001	5.2113792142
900	0.3641357422	10.9567346771	6.0182359503
901	0.9820861816	3.2945303991	2.5653451366
902	0.4813537598	15.6658070061	4.6282322658
903	0.4013977051	13.2156179600	5.8657895679
904	0.4158325195	14.0155154064	5.7210390048
905	0.2037963867	5.2847456256	5.1246163275
906	0.6743774414	10.1693948187	3.0631512276
907	0.4321594238	14.7758651762	5.5012349614
908	0.9755249023	3.8999304603	2.6640748116
909	0.5503234863	13.9788977672	3.6112396195
910	0.4674072266	15.6447286272	4.8881991630
911	0.6541442871	10.6614859120	3.0898891022
912	0.8772888184	6.8942226558	3.0266315901
913	0.0674133301	3.3470031173	4.0299652534
914	0.1239929199	4.1986461281	4.5670768566
915	0.1036376953	3.9323378066	4.4020254337
916	0.4245300293	14.4437184871	5.6108268905
917	0.2751159668	6.8974617095	5.6156835982
918	0.4259338379	14.5080986107	5.5915263354
919	0.7306518555	9.0389808431	3.0365596553
920	0.3939819336	12.7754468933	5.9209186592
921	0.2028503418	5.2691974112	5.1181876455
922	0.9895935059	2.3284414652	2.4030473867
923	0.2465515137	6.1267964157	5.4185045303
924	0.6645202637	10.4026714172	3.0745690844
925	0.0495605469	2.9363803051	3.7713652836
926	0.2073364258	5.3438951048	5.1486955753
927	0.5967407227	12.3566354951	3.2684477290
928	0.4710998535	15.6675257045	4.8191207587
929	0.4689941406	15.6560901262	4.8585230057
930	0.8139343262	7.7775432801	3.0416860084
931	0.0582275391	3.1515016147	3.9063456537
932	0.2836914063	7.1719153682	5.6734662391
933	0.4796752930	15.6724112902	4.6592519966
934	0.0780029297	3.5422730040	4.1541532504
935	0.9624023438	4.7413503999	2.7946152981
936	0.3110961914	8.2082083877	5.8448784394
937	0.0001831055	0.0247617948	2.0146586703
938	0.6183166504	11.6670030989	3.1781496861
939	0.0426025391	2.7347584278	3.6458696296
940	0.6299438477	11.3212206421	3.1423735661
941	0.0092773438	1.0105667053	2.6005145130
942	0.8453063965	7.3510833957	3.0395917963
943	0.4067993164	13.5255431987	5.8173820026
944	0.9385986328	5.6603368776	2.9202703770
945	0.3310852051	9.1318660885	5.9451352136
946	0.0274963379	2.1633632473	3.2948528535
947	0.1352539063	4.3397241949	4.6513892827
948	0.9360046387	5.7349435693	2.9292081524
949	0.0451660156	2.8125456786	3.6941737741
950	0.9827270508	3.2254753507	2.5539094913
951	0.5031738281	15.3824089950	4.2435877888
952	0.3255920410	8.8635128133	5.9206253843
953	0.5218200684	14.9135610575	3.9566684347
954	0.3947448730	12.8213426945	5.9158488688
955	0.8283996582	7.5810521057	3.0416047991
956	0.4443054199	15.2059161377	5.3056812830
957	0.0820312500	3.6100645111	4.1973587596
958	0.7546081543	8.6399650154	3.0363924031
959	0.9439697266	5.4937321945	2.8994786870
960	0.5163269043	15.0680945732	4.0364016942
961	0.2828369141	7.1435731410	5.6677649337
962	0.9269714355	5.9704863581	2.9557053107
963	0.2958679199	7.6010294124	5.7528369948
964	0.5320739746	14.5977801697	3.8191851304
965	0.8273620605	7.5951111678	3.0416537464
966	0.3414916992	9.6696428428	5.9834456504
967	0.6656799316	10.3746022507	3.0730771836
968	0.7522277832	8.6779159824	3.0362640195
969	0.1000366211	3.8823627625	4.3704887778
970	0.8094177246	7.8393536872	3.0414866904
971	0.5182189941	15.0162026804	4.0084675201
972	0.8363342285	7.4734521468	3.0409651198
973	0.3266601563	8.9148351765	5.9255968027
974	0.9647827148	4.6144119612	2.7756083182
975	0.9740905762	4.0119575038	2.6819834285
976	0.5970764160	12.3454615781	3.2667672024
977	0.3596801758	10.6928373721	6.0176499661
978	0.3309631348	9.1257842459	5.9446201032
979	0.4075317383	13.5666984878	5.8102834758
980	0.3788452148	11.8504286584	5.9938695733
981	0.0882263184	3.7087785941	4.2602644013
982	0.0119934082	1.2350603913	2.7347314475
983	0.6689453125	10.2964692023	3.0690956276
984	0.0618896484	3.2328990636	3.9577110029
985	0.4733886719	15.6753047063	4.7763088944
986	0.0090026855	0.9864204640	2.5860998380
987	0.9326171875	5.8273813534	2.9399320254
988	0.6911010742	9.7998521000	3.0494723539
989	0.2082824707	5.3599687945	5.1551373119
990	0.1616210938	4.6731738585	4.8378541659
991	0.1692810059	4.7744817341	4.8903690657
992	0.7299499512	9.0512909826	3.0366257818
993	0.0032043457	0.4010713995	2.2377312400
994	0.7143859863	9.3345824542	3.0393506285
995	0.2438659668	6.0642649376	5.3998747165
996	0.9393920898	5.6367977257	2.9174006694
997	0.4959106445	15.5142000480	4.3668386249
998	0.5081481934	15.2739417181	4.1626527155
999	0.6381835938	11.0875559327	3.1214954520
1000	0.8818054199	6.8249062373	3.0234141081
