0	0.2522277832	9.6908005221	7.0956135160
1	0.3045654297	10.9280892154	6.9542093192
2	0.6118164063	-4.7224759127	4.2799718735
3	0.9855651855	2.8559264102	4.2334837432
4	0.5630187988	-293.0312915496	12.6510104976
5	0.3270263672	10.4952404982	6.4578477352
6	0.1071472168	2.7014139420	3.6344544263
7	0.4707336426	10.0380652957	4.3987223259
8	0.6893615723	0.3149360782	4.0055510788
9	0.9435424805	2.2529559006	3.8407585624
10	0.7358703613	1.1121730201	3.9297383872
11	0.7423706055	1.1880838573	3.9212754420
12	0.6696472168	-0.2524632632	4.0491547217
13	0.7261352539	0.9859942497	3.9432484339
14	0.6860351563	0.2327356154	4.0122937104
15	0.8450927734	1.8919800629	3.8318852594
16	0.0692138672	2.2087272176	3.3052348530
17	0.2397766113	8.8142252598	6.7858617401
18	0.3309936523	10.4002880406	6.3668485740
19	0.7400817871	1.1620537899	3.9242068488
20	0.9531250000	2.3014984300	3.8598794982
21	0.7960815430	1.6398438738	3.8652795213
22	0.0143737793	1.0892702970	2.6222013273
23	0.3716125488	9.5026108526	5.5345081967
24	0.4836120605	10.6856257529	4.3001695809
25	0.8322448730	1.8350511313	3.8391182355
26	0.4602661133	9.6753842085	4.4817010439
27	0.3583679199	9.7580208737	5.7795429680
28	0.1429748535	3.4025240006	4.0828193645
29	0.9150390625	2.1443987817	3.8181791702
30	0.8084716797	1.7136248983	3.8553559432
31	0.3098449707	10.8517665180	6.8448776286
32	0.5810241699	-18.4438381340	4.7458100058
33	0.3696289063	9.5374797991	5.5694054592
34	0.2745361328	10.7462945219	7.3122921324
35	0.7678833008	1.4352141928	3.8918344907
36	0.0878906250	2.4381599431	3.4584908467
37	0.5335388184	20.3209200546	3.7881586737
38	0.4350585938	9.2000142387	4.7039294102
39	0.7728576660	1.4757198660	3.8867252271
40	0.6915588379	0.3667398975	4.0012166938
41	0.6354370117	-2.0174771670	4.1558696263
42	0.1376647949	3.2723432335	4.0020954065
43	0.0553283691	2.0312614589	3.1894351626
44	0.8806457520	2.0278078134	3.8182591243
45	0.2992553711	10.9802442241	7.0550555281
46	0.0363159180	1.7283513853	2.9999312494
47	0.8522644043	1.9216415344	3.8283411863
48	0.9519348145	2.2948069532	3.8569374599
49	0.6728820801	-0.1445191590	4.0413460744
50	0.7513122559	1.2831176173	3.9103039352
51	0.3484802246	9.9784563617	5.9805245866
52	0.9831848145	2.7332079595	4.1422208824
53	0.1822204590	4.8365849232	4.9114143766
54	0.6546630859	-0.8574738731	4.0896055139
55	0.7431335449	1.1965988196	3.9203097406
56	0.4306030273	9.1602717551	4.7477604941
57	0.9100036621	2.1273221640	3.8169686038
58	0.2800598145	10.8796983061	7.2940749582
59	0.9410095215	2.2417189070	3.8371106833
60	0.3516235352	9.9061396431	5.9150375796
61	0.5997314453	-7.4434234423	4.3847324407
62	0.3580932617	9.7638411880	5.7849225353
63	0.8690795898	1.9863644423	3.8215419672
64	0.2525329590	9.7102697358	7.1016996354
65	0.2845458984	10.9509763180	7.2605346795
66	0.4763793945	10.2899564801	4.3552491557
67	0.4176940918	9.1050285405	4.8846748946
68	0.5611572266	1179.6370325951	-29.4669447859
69	0.5412597656	26.2720751553	3.5894284844
70	0.3648376465	9.6267949569	5.6563133290
71	0.0072326660	0.6857450821	2.3902043813
72	0.7244262695	0.9621186031	3.9457304462
73	0.3690795898	9.5473585511	5.5791812515
74	0.8056335449	1.6974422457	3.8575395518
75	0.7792968750	1.5251114564	3.8803904465
76	0.9311523438	2.2019102260	3.8266773644
77	0.6936340332	0.4139517426	3.9972067042
78	0.1685791016	4.2266940311	4.5711069328
79	0.4132385254	9.1049367553	4.9357543618
80	0.4595947266	9.6560773081	4.4871641121
81	0.4958801270	11.6104018747	4.2057823051
82	0.5711059570	-41.8694721804	5.4431268617
83	0.5675659180	-68.9284279926	6.2273308349
84	0.6501464844	-1.0825761569	4.1034569727
85	0.5659179688	-96.4402071700	7.0191171097
86	0.6634216309	-0.4808753643	4.0650434565
87	0.9462890625	2.2657780811	3.8452904375
88	0.5029602051	12.3518359108	4.1486222149
89	0.8820190430	2.0326013002	3.8179554566
90	0.0388793945	1.7764712606	3.0293951413
91	0.9903259277	3.3715801482	4.6254007633
92	0.9007568359	2.0962993370	3.8160254663
93	0.6144409180	-4.2988306560	4.2622922037
94	0.2688293457	10.5536955876	7.3020045019
95	0.1940307617	5.4816912962	5.2552369965
96	0.4561767578	9.5643107684	4.5152921882
97	0.7543640137	1.3133165802	3.9067269462
98	0.5630187988	-293.0312915496	12.6510104976
99	0.0463867188	1.9021196890	3.1074126152
100	0.9847717285	2.8097052471	4.1989417026
101	0.3678283691	9.5702146084	5.6016300493
102	0.0546264648	2.0216976785	3.1832937573
103	0.5976562500	-8.0973133615	4.4082901625
104	0.6024169922	-6.6971365042	4.3572067965
105	0.4745178223	10.2019100992	4.3695147384
106	0.7104797363	0.7445667991	3.9673481620
107	0.6505432129	-1.0618376458	4.1022041657
108	0.4481201172	9.3873627589	4.5839589083
109	0.5518798828	50.1700640707	2.8693872242
110	0.8660888672	1.9752842162	3.8225860238
111	0.5768737793	-24.5522199462	4.9316993909
112	0.0315856934	1.6302010478	2.9404448931
113	0.6638183594	-0.4654347501	4.0639948073
114	0.3860168457	9.2896697951	5.2996559535
115	0.7586975098	1.3544165268	3.9017872417
116	0.2059020996	6.2438410930	5.6420681160
117	0.2147521973	6.8789407037	5.9488762739
118	0.4488525391	9.4013381491	4.5775654913
119	0.6549072266	-0.8459605827	4.0888814767
120	0.7651977539	1.4124301842	3.8946734707
121	0.3283996582	10.4626284963	6.4262939067
122	0.9573974609	2.3276664886	3.8722256766
123	0.4926147461	11.3261382947	4.2312695687
124	0.6673278809	-0.3342080469	4.0549362115
125	0.8518371582	1.9199125790	3.8285420428
126	0.5739135742	-31.4205495262	5.1363320595
127	0.5835266113	-15.8789622886	4.6658718573
128	0.8814086914	2.0304737493	3.8180880121
129	0.9841918945	2.7795620317	4.1765166875
130	0.3801574707	9.3674532839	5.3913253545
131	0.2652587891	10.4048794789	7.2797897948
132	0.8606872559	1.9548266859	3.8246582208
133	0.5307617188	18.9187125069	3.8389605372
134	0.1626892090	4.0036674000	4.4424988089
135	0.4679565430	9.9296831079	4.4203833832
136	0.6400146484	-1.6871862070	4.1381724688
137	0.7818298340	1.5436647790	3.8779823827
138	0.3228454590	10.5921267355	6.5539574332
139	0.9054565430	2.1120425854	3.8163163170
140	0.5585327148	151.6014422198	-0.0532818816
141	0.0165100098	1.1810188433	2.6754047148
142	0.4120178223	9.1065056756	4.9501218743
143	0.8919677734	2.0667279110	3.8163772146
144	0.6074218750	-5.5430182693	4.3129793201
145	0.6317749023	-2.3140767044	4.1711313321
146	0.2918090820	11.0013687781	7.1751378859
147	0.7831420898	1.5530922610	3.8767530741
148	0.4024658203	9.1414438645	5.0684677958
149	0.8962402344	2.0811438310	3.8160711297
150	0.9190979004	2.1583711106	3.8195853687
151	0.0428466797	1.8453517128	3.0719592101
152	0.7817687988	1.5432232651	3.8780398615
153	0.3291931152	10.4436510236	6.4080842518
154	0.7563171387	1.3320923304	3.9044806031
155	0.9342346191	2.2138114411	3.8293889733
156	0.0282897949	1.5528639988	2.8940736422
157	0.7044067383	0.6351784657	3.9775948731
158	0.8064880371	1.7023571098	3.8568765723
159	0.8363952637	1.8540190110	3.8366607806
160	0.7177124023	0.8627241582	3.9558234950
161	0.6790771484	0.0444842925	4.0271560320
162	0.2735290527	10.7163774836	7.3126848175
163	0.1856384277	5.0116585369	5.0062803481
164	0.1908874512	5.2988923229	5.1593866879
165	0.0477294922	1.9226844498	3.1203443312
166	0.8471984863	1.9008339823	3.8308069983
167	0.0419616699	1.8305108753	3.0627477109
168	0.6516418457	-1.0054118916	4.0987721748
169	0.6211242676	-3.3925110659	4.2226390942
170	0.6134948730	-4.4464875779	4.2685092595
171	0.2803344727	10.8849978398	7.2924857629
172	0.8893127441	2.0577091918	3.8166855411
173	0.7301635742	1.0401615320	3.9375311561
174	0.5895996094	-11.5658035840	4.5270282096
175	0.4073486328	9.1186431845	5.0066272959
176	0.6265563965	-2.7968231633	4.1948820332
177	0.3548278809	9.8344635797	5.8497877000
178	0.8841552734	2.0400130099	3.8175224786
179	0.0022888184	0.2633863172	2.1494896298
180	0.4917907715	11.2592682519	4.2376425339
181	0.8780212402	2.0185790384	3.8188927052
182	0.4824218750	10.6141163090	4.3092172153
183	0.7839050293	1.5585167983	3.8760440357
184	0.6170654297	-3.9161895341	4.2458826989
185	0.4644775391	9.8067678495	4.4478543269
186	0.6563415527	-0.7795856531	4.0846761350
187	0.3014831543	10.9617176476	7.0140525525
188	0.8606262207	1.9545920488	3.8246829646
189	0.0647583008	2.1535762629	3.2688976907
190	0.9998474121	-0.1044678978	1.9193243498
191	0.2514953613	9.6436067300	7.0806827868
192	0.6545104980	-0.8647021407	4.0900592732
193	0.0440979004	1.8658706048	3.0847333962
194	0.0888061523	2.4497638891	3.4662815229
195	0.4188842773	9.1066328344	4.8713811385
196	0.4772949219	10.3351862061	4.3482525506
197	0.4362182617	9.2122474052	4.6927816139
198	0.7663879395	1.4226096041	3.8934082059
199	0.2434997559	9.0906138432	6.8899738798
200	0.9517517090	2.2937975209	3.8565016821
201	0.8224182129	1.7876790974	3.8453861898
202	0.0531005859	2.0006181695	3.1697955325
203	0.0115356445	0.9495710144	2.5415670033
204	0.5674133301	-70.8277670019	6.2821053722
205	0.8353881836	1.8494696882	3.8372466009
206	0.6820068359	0.1266062888	4.0207674865
207	0.6718444824	-0.1784048761	4.0438194089
208	0.0283813477	1.5551292954	2.8954263437
209	0.2880859375	10.9850948519	7.2233572101
210	0.2587585449	10.0802939425	7.2077719600
211	0.2774353027	10.8227360252	7.3060514255
212	0.2257690430	7.7249490446	6.3346513401
213	0.9276428223	2.1888119349	3.8240870068
214	0.0469970703	1.9115278895	3.1133228061
215	0.0519104004	1.9838796695	3.1591144077
216	0.8356018066	1.8504374955	3.8371217731
217	0.8143615723	1.7459617237	3.8509918736
218	0.3782043457	9.3961271836	5.4230436824
219	0.0806884766	2.3486703990	3.3984593654
220	0.5412597656	26.2720751553	3.5894284844
221	0.3255004883	10.5310661759	6.4929364911
222	0.6871032715	0.2596439505	4.0101042895
223	0.6276245117	-2.6915824089	4.1898090221
224	0.8812561035	2.0299411454	3.8181217550
225	0.7843322754	1.5615366007	3.8756487890
226	0.1716918945	4.3539389648	4.6434370013
227	0.0762939453	2.2950444034	3.3626006288
228	0.7218627930	0.9252504263	3.9495186479
229	0.7138671875	0.8014408483	3.9618625381
230	0.0783996582	2.3206908642	3.3797339569
231	0.4964294434	11.6614519529	4.2014515912
232	0.3547973633	9.8351355516	5.8504017453
233	0.7158813477	0.8339602945	3.9586748986
234	0.6123657227	-4.6300980299	4.2761572557
235	0.8353271484	1.8491928935	3.8372823215
236	0.2198181152	7.2624766391	6.1271475529
237	0.9747924805	2.5075296687	3.9811291185
238	0.4724121094	10.1083354472	4.3857282773
239	0.7342834473	1.0926769769	3.9318703339
240	0.2524108887	9.7024959624	7.0992747766
241	0.3865966797	9.2826594528	5.2908630838
242	0.0113525391	0.9397448813	2.5359099709
243	0.9699401855	2.4378408369	3.9353505662
244	0.8564147949	1.9382017934	3.8264596974
245	0.3126831055	10.8024976107	6.7833534287
246	0.0210266113	1.3459678587	2.7716933876
247	0.5206909180	15.4623833644	3.9787068364
248	0.5018005371	12.2169178110	4.1582180490
249	0.9588623047	2.3375630390	3.8772178517
250	0.1425781250	3.3923919053	4.0765757229
251	0.2581787109	10.0481469195	7.1993914043
252	0.9471435547	2.2699219198	3.8468374157
253	0.3791809082	9.3816218620	5.4071107906
254	0.9014892578	2.0987528079	3.8160470807
255	0.2636108398	10.3290045339	7.2653791672
256	0.0874023438	2.4319963601	3.4543528078
257	0.1048583984	2.6674544259	3.6119109945
258	0.3678894043	9.5690883446	5.6005291212
259	0.7691955566	1.4461092315	3.8904679933
260	0.4265441895	9.1336483416	4.7891474464
261	0.3981933594	9.1695807561	5.1250149443
262	0.4414978027	9.2783715163	4.6433036384
263	0.7245483398	0.9638423395	3.9455520189
264	0.1752624512	4.5083458057	4.7302376907
265	0.1315002441	3.1348460509	3.9156121292
266	0.7620239258	1.3846270133	3.8981034110
267	0.9880981445	3.0595647605	4.3872194339
268	0.9734497070	2.4856694050	3.9664452532
269	0.2909240723	10.9992396385	7.1873900662
270	0.2441101074	9.1349542859	6.9061912584
271	0.1435241699	3.4166657037	4.0915229683
272	0.2380371094	8.6821445755	6.7344145440
273	0.1054382324	2.6759734705	3.6175720770
274	0.2376098633	8.6494669700	6.7215293742
275	0.9410705566	2.2419837691	3.8371931356
276	0.1356506348	3.2258914557	3.9730213096
277	0.8007507324	1.6686253974	3.8614202685
278	0.3127441406	10.8013830835	6.7820134795
279	0.3641052246	9.6410590955	5.6699256355
280	0.1801147461	4.7333251944	4.8548941238
281	0.9781188965	2.5739573421	4.0270785251
282	0.6701660156	-0.2346882391	4.0478827989
283	0.3202819824	10.6491597831	6.6126648599
284	0.4552307129	9.5407627423	4.5231761574
285	0.6184082031	-3.7344307863	4.2379248240
286	0.1762390137	4.5521988418	4.7547019859
287	0.9582824707	2.3335811828	3.8751892567
288	0.4624023438	9.7397597577	4.4644447533
289	0.7107849121	0.7498067570	3.9668474103
290	0.0231018066	1.4112645125	2.8100919712
291	0.6089172363	-5.2463513323	4.3012163549
292	0.5933227539	-9.7420505401	4.4657012774
293	0.5068664551	12.8527594828	4.1153909285
294	0.0138549805	1.0653713677	2.6083771515
295	0.3516845703	9.9047541421	5.9137802800
296	0.2275695801	7.8662542341	6.3963239432
297	0.3993835449	9.1609894085	5.1090269921
298	0.4727478027	10.1228409297	4.3831373211
299	0.2061462402	6.2606542506	5.6503726179
300	0.4552612305	9.5415102407	4.5229211394
301	0.4263305664	9.1324904320	4.7913660797
302	0.7802124023	1.5318724178	3.8795146792
303	0.9483642578	2.2759835177	3.8491712305
304	0.4248046875	9.1249102378	4.8073344676
305	0.3996887207	9.1588795904	5.1049571183
306	0.5332336426	20.1531386422	3.7941212310
307	0.5522155762	51.8165924429	2.8211861474
308	0.3154296875	10.7502788490	6.7224668021
309	0.6593627930	-0.6465065273	4.0760778955
310	0.3302917480	10.4172363582	6.3829071419
311	0.2559204102	9.9182696508	7.1637737138
312	0.9349975586	2.2168243687	3.8301303213
313	0.4521789551	9.4699720728	4.5489214693
314	0.1816711426	4.8093129388	4.8965282623
315	0.2533569336	9.7622508884	7.1177305864
316	0.9425048828	2.2482901220	3.8392067781
317	0.9356994629	2.2196221347	3.8308386977
318	0.5445251465	30.4318376369	3.4589052814
319	0.0104980469	0.8924198712	2.5086881477
320	0.6957397461	0.4602391922	3.9932178916
321	0.8071594238	1.7061928386	3.8563590166
322	0.9830627441	2.7280414647	4.1384145525
323	0.2068176270	6.3071121316	5.6732682945
324	0.7241210938	0.9577967625	3.9461772882
325	0.5573730469	110.5638069432	1.1241891025
326	0.4537048340	9.5043986581	4.5359876676
327	0.3016967773	10.9596771539	7.0100163763
328	0.8261718750	1.8062042536	3.8429178027
329	0.3496398926	9.9515640908	5.9561980667
330	0.2152404785	6.9153665918	5.9660389260
331	0.7258300781	0.9817709544	3.9436891403
332	0.7922058105	1.6149823700	3.8685947305
333	0.5236816406	16.2915082028	3.9424933905
334	0.3639831543	9.6434517002	5.6722027821
335	0.6976318359	0.5005039645	3.9897003917
336	0.7520751953	1.2907682398	3.9094019251
337	0.7244567871	0.9625498045	3.9456858228
338	0.9939270020	4.9551607697	5.8462295488
339	0.6647033691	-0.4314455866	4.0616739078
340	0.1477355957	3.5295857279	4.1605747864
341	0.6561584473	-0.7879405350	4.0852084430
342	0.9819335938	2.6841726950	4.1062485327
343	0.3700256348	9.5304048042	5.5623753966
344	0.3309326172	10.4017638062	6.3682440456
345	0.4611511230	9.7015033784	4.4745291513
346	0.3978271484	9.1723400200	5.1299715365
347	0.5437011719	29.2375859324	3.4959489286
348	0.7858886719	1.5724298793	3.8742199287
349	0.7236938477	0.9517160211	3.9468047306
350	0.5395812988	24.6184257388	3.6427771029
351	0.2190551758	7.2039861638	6.1003130440
352	0.9768371582	2.5459335437	4.0074816776
353	0.0990600586	2.5851218241	3.5570183070
354	0.5934448242	-9.6895306366	4.4639027035
355	0.6741638184	-0.1035830688	4.0383303549
356	0.8208923340	1.7799881501	3.8464156683
357	0.5673522949	-71.6154062735	6.3048134747
358	0.9191894531	2.1586891109	3.8196219843
359	0.9983520508	-2.1020079925	0.3746480372
360	0.7855224609	1.5698817997	3.8745545872
361	0.3123168945	10.8091383166	6.7913793142
362	0.9602050781	2.3471347159	3.8822000827
363	0.2834167480	10.9360598697	7.2704627387
364	0.6112365723	-4.8222533551	4.2840680030
365	0.2254638672	7.7010364819	6.3241320623
366	0.7785949707	1.5198852378	3.8810660204
367	0.4401855469	9.2602939252	4.6554126779
368	0.6593627930	-0.6465065273	4.0760778955
369	0.0347900391	1.6981283227	2.9815306347
370	0.2154235840	6.9290588056	5.9724778321
371	0.6398010254	-1.7017032554	4.1389673063
372	0.8844909668	2.0411730066	3.8174588995
373	0.0587158203	2.0763843650	3.2185547595
374	0.6758728027	-0.0505309939	4.0343755881
375	0.3802490234	9.3661423478	5.3898529978
376	0.4323425293	9.1744426738	4.7304552852
377	0.5850524902	-14.5842418306	4.6248875446
378	0.5393066406	24.3718017682	3.6508288594
379	0.1776428223	4.6164857589	4.7904188570
380	0.8623352051	1.9611317421	3.8240012166
381	0.8749389648	2.0076170516	3.8197226960
382	0.1945495605	5.5126409324	5.2713455805
383	0.8827819824	2.0352544219	3.8177952472
384	0.9951477051	7.2409775416	7.6145050269
385	0.7915954590	1.6109832558	3.8691261597
386	0.6999511719	0.5482280296	3.9854718755
387	0.6223449707	-3.2490765418	4.2160941102
388	0.3856201172	9.2945386121	5.3057006261
389	0.0543212891	2.0175141389	3.1806106692
390	0.0685729980	2.2008557444	3.3000316916
391	0.3655395508	9.6132737214	5.6433495903
392	0.4201049805	9.1089860751	4.8578953024
393	0.1174926758	2.8675239648	3.7437179027
394	0.1783447266	4.6491872733	4.8085211069
395	0.1152954102	2.8303303300	3.7194081139
396	0.0393371582	1.7847447214	3.0344827570
397	0.6743164063	-0.0987761373	4.0379742050
398	0.3072509766	10.8919787678	6.8995427584
399	0.7248229980	0.9677103472	3.9451512025
400	0.0860900879	2.4155128180	3.4432872518
401	0.7857666016	1.5715815408	3.8743313762
402	0.2933959961	11.0025845852	7.1520098413
403	0.3388977051	10.2077106004	6.1883039722
404	0.2776489258	10.8278039552	7.3052974727
405	0.6345520020	-2.0863201169	4.1594620443
406	0.3202514648	10.6498255222	6.6133616870
407	0.4603576660	9.6780506787	4.4809575862
408	0.8036804199	1.6860670243	3.8590729492
409	0.9040222168	2.1072363022	3.8161884711
410	0.3268127441	10.5002838011	6.4627590602
411	0.6415405273	-1.5858489765	4.1325775318
412	0.5487976074	39.1153108291	3.1958688870
413	0.7820129395	1.5449876976	3.8778101076
414	0.0426940918	1.8428128499	3.0703817370
415	0.8005065918	1.6671508989	3.8616184483
416	0.9401550293	2.2380392982	3.8359829588
417	0.5897827148	-11.4647602988	4.5236818150
418	0.6483154297	-1.1808820477	4.1093347817
419	0.1626892090	4.0036674000	4.4424988089
420	0.4201965332	9.1091917141	4.8568898668
421	0.0359497070	1.7212118637	2.9955774466
422	0.0600280762	2.0934619266	3.2296364312
423	0.8270568848	1.8104926442	3.8423491358
424	0.5443115234	30.1111850364	3.4688229452
425	0.0952758789	2.5338549953	3.5227014653
426	0.8403930664	1.8717559056	3.8344020865
427	0.9577636719	2.3300907856	3.8734330834
428	0.7034301758	0.6166307200	3.9792944246
429	0.5127868652	13.7787761060	4.0614404331
430	0.7331542969	1.0785614081	3.9334035496
431	0.6003723145	-7.2558084133	4.3778809706
432	0.4717102051	10.0784968169	4.3911539689
433	0.9324645996	2.2069267973	3.8277783523
434	0.8235473633	1.7933099520	3.8446340705
435	0.1232910156	2.9714139803	3.8111161904
436	0.5791625977	-20.8266123986	4.8189334471
437	0.6513061523	-1.0224986288	4.0998150832
438	0.3233337402	10.5810351114	6.5427454743
439	0.2842407227	10.9471414425	7.2633132123
440	0.5094299316	13.2260245163	4.0926516127
441	0.9981079102	-2.8097522586	-0.1730607654
442	0.9810791016	2.6550408652	4.0850626019
443	0.9216918945	2.1674393360	3.8207131523
444	0.7222595215	0.9310410851	3.9489271833
445	0.3375244141	10.2411992835	6.2189487630
446	0.1171875000	2.8622904970	3.7403029696
447	0.2710876465	10.6366088367	7.3097369953
448	0.5012817383	12.1584184534	4.1624766506
449	0.6987609863	0.5239575875	3.9876304955
450	0.2841796875	10.9463570622	7.2638605053
451	0.9064636230	2.1154198410	3.8164276692
452	0.4266357422	9.1341519126	4.7881978653
453	0.0297241211	1.5875542886	2.9148243820
454	0.5517883301	49.7407275565	2.8819695013
455	0.3067626953	10.8989817433	6.9096384588
456	0.4726867676	10.1201921555	4.3836082196
457	0.0757141113	2.2879906869	3.3578943599
458	0.4170227051	9.1044210195	4.8922380437
459	0.0471801758	1.9143304411	3.1150852947
460	0.7304687500	1.0441488470	3.9371054760
461	0.8834533691	2.0375835231	3.8176593651
462	0.3395385742	10.1921093479	6.1740684491
463	0.6156616211	-4.1161212542	4.2545124175
464	0.7556762695	1.3259778509	3.9052140367
465	0.9299926758	2.1975336033	3.8257663875
466	0.9015808105	2.0990594563	3.8160503775
467	0.8543090820	1.9298524403	3.8273983792
468	0.5410156250	26.0145925018	3.5976681685
469	0.8765258789	2.0132782669	3.8192840344
470	0.5932922363	-9.7552442913	4.4661527848
471	0.0256958008	1.4855167937	2.8539966138
472	0.1140136719	2.8091418895	3.7055179047
473	0.9474182129	2.2712708573	3.8473495353
474	0.2227478027	7.4889831252	6.2298316748
475	0.5044250488	12.5309069617	4.1363362355
476	0.7596130371	1.3628439516	3.9007641269
477	0.9340209961	2.2129728863	3.8291866025
478	0.9512329102	2.2909651566	3.8552903681
479	0.0933227539	2.5080406941	3.5053938669
480	0.8679809570	1.9823134761	3.8219166998
481	0.8236083984	1.7936128770	3.8445936504
482	0.9533081055	2.3025486908	3.8603495591
483	0.9650573730	2.3867184892	3.9042207647
484	0.4068908691	9.1203476612	5.0123029005
485	0.0532836914	2.0031695743	3.1714265318
486	0.7019958496	0.5888775656	3.9818177577
487	0.2284545898	7.9357935492	6.4263615368
488	0.0195922852	1.2972842228	2.7431766188
489	0.3888854980	9.2562214085	5.2566329819
490	0.8789672852	2.0219163467	3.8186563998
491	0.1198120117	2.9080412290	3.7700925422
492	0.7474365234	1.2431724736	3.9149677218
493	0.4288940430	9.1479794531	4.7650113385
494	0.9095764160	2.1258823287	3.8168904696
495	0.8195190430	1.7729844462	3.8473550661
496	0.3774719238	9.4072253906	5.4350906400
497	0.7333679199	1.0812476803	3.9331124360
498	0.1232299805	2.9702739851	3.8103807113
499	0.8932800293	2.0711668927	3.8162575370
500	0.4151306152	9.1038491355	4.9138055215
501	0.5777893066	-22.9356602843	4.8829675274
502	0.5383300781	23.5426319282	3.6781102194
503	0.3585815430	9.7535072975	5.7753671238
504	0.6818542480	0.1224353870	4.0210954078
505	0.3319702148	10.3766298339	6.3445473279
506	0.2725830078	10.6866850310	7.3122024160
507	0.3760681152	9.4290170897	5.4584150981
508	0.5379028320	23.2016290114	3.6894321829
509	0.4640808105	9.7936054369	4.4510135265
510	0.5780639648	-22.4857177902	4.8693530498
511	0.5660400391	-93.7120818700	6.9407215666
512	0.7297058105	1.0341505393	3.9381716166
513	0.1693420410	4.2572628173	4.5885506849
514	0.5014038086	12.1720822516	4.1614764517
515	0.9497680664	2.2831777879	3.8520483334
516	0.8628540039	1.9631048154	3.8237988378
517	0.6241455078	-3.0480315966	4.2067770410
518	0.1689147949	4.2400954207	4.5787596075
519	0.5159301758	14.3749995408	4.0303593125
520	0.4995117188	11.9670097847	4.1768611518
521	0.8648681641	1.9707127311	3.8230336583
522	0.6968688965	0.4844155572	3.9911112771
523	0.4120483398	9.1064582390	4.9497606811
524	0.8812561035	2.0299411454	3.8181217550
525	0.2917175293	11.0011973911	7.1764272531
526	0.7264709473	0.9906199428	3.9427649073
527	0.7608032227	1.3736708965	3.8994445761
528	0.2765197754	10.8001421310	7.3088301261
529	0.7977294922	1.6501441355	3.8639007388
530	0.5841674805	-15.3137885531	4.6480413229
531	0.1015625000	2.6200469359	3.5803410671
532	0.9534606934	2.3034283071	3.8607449529
533	0.5227050781	16.0062345872	3.9546999728
534	0.0666809082	2.1775074245	3.2846303930
535	0.4566650391	9.5767715517	4.5112402595
536	0.7774963379	1.5116294339	3.8821307139
537	0.2319030762	8.2065552929	6.5412620766
538	0.8512573242	1.9175586854	3.8288167470
539	0.0229492188	1.4066536214	2.8073743633
540	0.4339904785	9.1894487113	4.7142903775
541	0.3202819824	10.6491597831	6.6126648599
542	0.5308532715	18.9608219877	3.8373996618
543	0.4880676270	10.9790319032	4.2662293089
544	0.2759399414	10.7850966884	7.3102069343
545	0.4411010742	9.2727884859	4.6469517343
546	0.2741088867	10.7338151859	7.3125721781
547	0.9719238281	2.4634141840	3.9517812862
548	0.7965393066	1.6427209239	3.8648946906
549	0.7599792480	1.3661907081	3.9003568516
550	0.1107177734	2.7562703096	3.6707304217
551	0.5931091309	-9.8349482129	4.4688776491
552	0.7269287109	0.9968942894	3.9421076551
553	0.8337707520	1.8420924384	3.8382015313
554	0.8414916992	1.8765426934	3.8338002336
555	0.6601867676	-0.6117105976	4.0737914013
556	0.7588806152	1.3561089712	3.9015820541
557	0.1144714355	2.8166674194	3.7104547129
558	0.5734558105	-32.7878885000	5.1767227328
559	0.4883117676	10.9963703641	4.2643631624
560	0.8922729492	2.0677612410	3.8163474107
561	0.0781555176	2.3177138271	3.3777434864
562	0.8800964355	2.0258837587	3.8183860121
563	0.8404541016	1.8720228069	3.8343684356
564	0.4079589844	9.1165119103	4.9990982023
565	0.9787902832	2.5901250041	4.0385019365
566	0.5864868164	-13.5124492188	4.5905558985
567	0.9938354492	4.8643734349	5.7760629175
568	0.4653015137	9.8346506316	4.4413110112
569	0.2272949219	7.8446805894	6.3869628109
570	0.1795043945	4.7040398469	4.8387862110
571	0.4314270020	9.1667732256	4.7395318296
572	0.3248901367	10.5452575389	6.5069728207
573	0.3952331543	9.1934298352	5.1655896901
574	0.8428039551	1.8822124450	3.8330921109
575	0.1582641602	3.8503894224	4.3526794230
576	0.1960754395	5.6049443506	5.3191834937
577	0.8439331055	1.8870501868	3.8324922243
578	0.1171875000	2.8622904970	3.7403029696
579	0.6428833008	-1.4999604078	4.1277697523
580	0.7098693848	0.7340159383	3.9683536277
581	0.9782714844	2.5775348960	4.0295993627
582	0.1856384277	5.0116585369	5.0062803481
583	0.3837280273	9.3185612401	5.3348500778
584	0.0162658691	1.1710391771	2.6696068035
585	0.1256103516	3.0155165884	3.8394992924
586	0.7835083008	1.5557011853	3.8764122163
587	0.1005859375	2.6063136097	3.5711761135
588	0.5072631836	12.9080384427	4.1119254511
589	0.0397338867	1.7918420139	3.0388523780
590	0.7336730957	1.0850724069	3.9326974078
591	0.5509033203	45.9723412844	2.9926864426
592	0.1641845703	4.0581711382	4.4741508409
593	0.0296630859	1.5861119321	2.9139600485
594	0.1067199707	2.6950064214	3.6302057532
595	0.9712829590	2.4547727587	3.9461752595
596	0.5305786133	18.8352553062	3.8420612952
597	0.7136840820	0.7984376027	3.9621550244
598	0.0060424805	0.5981638147	2.3401565525
599	0.1438903809	3.4261668318	4.0973634280
600	0.3097839355	10.8527681318	6.8461823833
601	0.3981628418	9.1698086197	5.1254273216
602	0.9779663086	2.5704342692	4.0246000789
603	0.0877990723	2.4370029692	3.4577140820
604	0.5874938965	-12.8311620727	4.5685110093
605	0.0814514160	2.3580322693	3.4047312345
606	0.0471191406	1.9133972631	3.1144983320
607	0.3754272461	9.4391907171	5.4691661707
608	0.6796264648	0.0602164737	4.0259431109
609	0.0829162598	2.3760704859	3.4168230456
610	0.3763122559	9.4251784202	5.4543364604
611	0.0739440918	2.2664619679	3.3435484561
612	0.6047973633	-6.1143174708	4.3351538670
613	0.2966613770	10.9950992662	7.1000719031
614	0.5518188477	49.8829391806	2.8778011441
615	0.3116760254	10.8205641005	6.8053657348
616	0.1820068359	4.8259509387	4.9056134513
617	0.0705261230	2.2247984151	3.3158742766
618	0.4936218262	11.4104428101	4.2234512470
619	0.4695129395	9.9892482889	4.4082171729
620	0.7533569336	1.3034690330	3.9078982326
621	0.7101135254	0.7382476871	3.9679508055
622	0.9903869629	3.3832333445	4.6343311781
623	0.9973449707	-8.1044031190	-4.2720477683
624	0.5317382813	19.3814797527	3.8219358397
625	0.6073913574	-5.5492783267	4.3132256105
626	0.8597717285	1.9512986106	3.8250324281
627	0.8553771973	1.9341008919	3.8269181091
628	0.5733032227	-33.2673483895	5.1908645865
629	0.9949645996	6.6837216113	7.1832470081
630	0.7334594727	1.0823966771	3.9329878228
631	0.5806579590	-18.8757765383	4.7591369445
632	0.3753662109	9.4401669465	5.4701934601
633	0.3246459961	10.5509098393	6.5125866146
634	0.4674072266	9.9093539950	4.4246945955
635	0.9783935547	2.5804370885	4.0316472693
636	0.0988464355	2.5821799992	3.5550515393
637	0.2716064453	10.6544184168	7.3108301513
638	0.1770324707	4.5883528920	4.7748099929
639	0.4383850098	9.2372786282	4.6722280457
640	0.4160461426	9.1039167942	4.9033226282
641	0.3631286621	9.6603206180	5.6882101911
642	0.8971862793	2.0843235965	3.8160369497
643	0.8764343262	2.0129526799	3.8193086929
644	0.9832763672	2.7371425841	4.1451219839
645	0.2326660156	8.2662789675	6.5661479038
646	0.8675231934	1.9806190257	3.8220758717
647	0.3007507324	10.9683692881	7.0277558253
648	0.5385437012	23.7179353938	3.6723138858
649	0.4985961914	11.8727214127	4.1842212190
650	0.4425659180	9.2939168329	4.6335360256
651	0.0033569336	0.3691893269	2.2096545274
652	0.6241455078	-3.0480315966	4.2067770410
653	0.2681274414	10.5261463828	7.2986081947
654	0.6268005371	-2.7724538099	4.1937122203
655	0.3765258789	9.4218363908	5.4507753364
656	0.9343566895	2.2142915966	3.8295056265
657	0.2663879395	10.4542656287	7.2881461383
658	0.2349243164	8.4423002422	6.6384726505
659	0.3540954590	9.8506492680	5.8645643222
660	0.2880554199	10.9848804013	7.2237152340
661	0.5901489258	-11.2665873419	4.5171027399
662	0.6769714355	-0.0173156577	4.0318720984
663	0.4779968262	10.3707561043	4.3428956969
664	0.2265014648	7.7823896287	6.3598227049
665	0.0867919922	2.4243153155	3.4491962191
666	0.3685302734	9.5573325712	5.5890057024
667	0.5895690918	-11.5827735868	4.5275897024
668	0.2358093262	8.5108750274	6.6662208450
669	0.3581848145	9.7618989479	5.7831280191
670	0.7657165527	1.4168835923	3.8941205521
671	0.1459655762	3.4811371752	4.1310439528
672	0.5947265625	-9.1616484285	4.4457073262
673	0.3896789551	9.2475199869	5.2449429483
674	0.0255432129	1.4813522742	2.8515267557
675	0.1616821289	3.9677453498	4.4215566971
676	0.8472900391	1.9012161288	3.8307608201
677	0.8039550781	1.6876786844	3.8588557976
678	0.2909240723	10.9992396385	7.1873900662
679	0.7747802734	1.4908138521	3.8848013160
680	0.9003906250	2.0950723555	3.8160178009
681	0.7398376465	1.1592334538	3.9245226023
682	0.6010131836	-7.0743762320	4.3712129209
683	0.4384155273	9.2376517713	4.6719410676
684	0.7465515137	1.2337899842	3.9160521202
685	0.3564147949	9.7998204326	5.8180561968
686	0.4260559082	9.1310367620	4.7942246831
687	0.7372436523	1.1287298888	3.9279146692
688	0.8114929199	1.7304164848	3.8530892263
689	0.9617614746	2.3589056271	3.8885212707
690	0.8278808594	1.8144587894	3.8418242638
691	0.8287353516	1.8185451797	3.8412846198
692	0.9268188477	2.1857959689	3.8235478606
693	0.7668762207	1.4267478332	3.8928923914
694	0.2448120117	9.1855657442	6.9245257844
695	0.5097045898	13.2683783183	4.0901634206
696	0.9276733398	2.1889240373	3.8241074554
697	0.2646789551	10.3786935072	7.2750190936
698	0.9019775391	2.1003882033	3.8160662079
699	0.9075927734	2.1192102282	3.8165744089
700	0.8753967285	2.0092539922	3.8195937218
701	0.2337951660	8.3544530098	6.6025712787
702	0.8463745117	1.8973842131	3.8312252445
703	0.7970275879	1.6457762791	3.8644857621
704	0.9051818848	2.1111219475	3.8162890720
705	0.3676147461	9.5741656203	5.6054880375
706	0.6070251465	-5.6250673426	4.3162013051
707	0.5410461426	26.0464396889	3.5966477875
708	0.6987609863	0.5239575875	3.9876304955
709	0.5280151367	17.7644900473	3.8827918273
710	0.4802551270	10.4906919330	4.3256935662
711	0.6575927734	-0.7233959715	4.0810734764
712	0.5819702148	-17.3999671874	4.7134525251
713	0.6243896484	-3.0216862869	4.2055431416
714	0.4396667480	9.2534523374	4.6602337003
715	0.0110473633	0.9231253605	2.5263458355
716	0.2475280762	9.3772426318	6.9921444405
717	0.1175231934	2.8680485366	3.7440600923
718	0.6714172363	-0.1925570386	4.0448463328
719	0.6283264160	-2.6243207976	4.1865374301
720	0.1026000977	2.6347912076	3.5901712772
721	0.1485290527	3.5517852775	4.1740587509
722	0.7343444824	1.0934341621	3.9317878445
723	0.1406250000	3.3434861956	4.0463466716
724	0.2414855957	8.9422701153	6.8347188759
725	0.2926940918	11.0024526589	7.1624190173
726	0.3451538086	10.0568023761	6.0513382417
727	0.8496093750	1.9108210830	3.8296106863
728	0.0432739258	1.8524175534	3.0763530228
729	0.9383850098	2.2305768820	3.8337979008
730	0.7885131836	1.5904257417	3.8718491550
731	0.4188537598	9.1065832235	4.8717202043
732	0.3945007324	9.1998707385	5.1758101609
733	0.2910461426	10.9995963114	7.1857284148
734	0.9522094727	2.2963308915	3.8575993774
735	0.1903686523	5.2695009623	5.1438614020
736	0.5368347168	22.4012718863	3.7162689154
737	0.0020141602	0.2345790661	2.1331209356
738	0.9873962402	2.9921445147	4.3361019743
739	0.1257934570	3.0190647150	3.8417768144
740	0.5396423340	24.6740790985	3.6409638627
741	0.4224853516	9.1156715172	4.8320215022
742	0.5936889648	-9.5857001920	4.4603409089
743	0.3730468750	9.4781961271	5.5096677589
744	0.3977661133	9.1728051745	5.1307993482
745	0.4822998047	10.6069344631	4.3101451509
746	0.9292297363	2.1946812514	3.8251973401
747	0.4575195313	9.5990897668	4.5041769482
748	0.7540588379	1.3103445742	3.9070809402
749	0.1940612793	5.4835057622	5.2561823360
750	0.1460571289	3.4836073608	4.1325530629
751	0.0986328125	2.5792441601	3.5530884507
752	0.2471618652	9.3518082455	6.9833459413
753	0.7818298340	1.5436647790	3.8779823827
754	0.5500488281	42.8859387738	3.0838143252
755	0.6511230469	-1.0318755841	4.1003860656
756	0.4840698242	10.7138627228	4.2966890153
757	0.4351806641	9.2012643566	4.7027510284
758	0.3861999512	9.2874424336	5.2968739228
759	0.1715393066	4.3475440595	4.6398194216
760	0.6378173828	-1.8405639331	4.1464890756
761	0.6880187988	0.2823172633	4.0082461230
762	0.2488098145	9.4651836196	7.0221258912
763	0.1096801758	2.7400808231	3.6600431930
764	0.6701660156	-0.2346882391	4.0478827989
765	0.4224853516	9.1156715172	4.8320215022
766	0.1164550781	2.8498201888	3.7321583601
767	0.6248168945	-2.9760871324	4.2034001261
768	0.1791381836	4.6866065436	4.8291807094
769	0.4979858398	11.8115585827	4.1891003975
770	0.0123291016	0.9909394071	2.5654031005
771	0.5273437500	17.5111649830	3.8927189783
772	0.8718872070	1.9966196113	3.8206318894
773	0.0048828125	0.5051188991	2.2870717368
774	0.2893981934	10.9930471985	7.2073745444
775	0.8449401855	1.8913336052	3.8319645923
776	0.6621704102	-0.5304214755	4.0683848402
777	0.1436462402	3.4198261989	4.0934663928
778	0.5404052734	25.3971173318	3.6175244874
779	0.0142211914	1.0823112362	2.6181745302
780	0.3930664063	9.2130976692	5.1960373262
781	0.7285766602	1.0191675685	3.9397614447
782	0.1331787109	3.1709328176	3.9384346835
783	0.6969299316	0.4857098928	3.9909980376
784	0.1846008301	4.9575245640	4.9770745592
785	0.3167114258	10.7245738812	6.6936944525
786	0.3706665039	9.5190824213	5.5510726400
787	0.2214965820	7.3919083700	6.1860665824
788	0.4064941406	9.1218981006	5.0172418353
789	0.9619445801	2.3603425995	3.8893069055
790	0.2761840820	10.7915013545	7.3096636661
791	0.6493530273	-1.1246455332	4.1059845053
792	0.2757263184	10.7794092679	7.3106386413
793	0.5936279297	-9.6115080719	4.4612269796
794	0.0035705566	0.3892391736	2.2210646457
795	0.4663391113	9.8708311715	4.4331048483
796	0.0792541504	2.3311205049	3.3867103696
797	0.0207214355	1.3358674409	2.7657695250
798	0.8722534180	1.9979472947	3.8205183208
799	0.8992004395	2.0910830376	3.8160070787
800	0.0215759277	1.3638146614	2.7821704995
801	0.5605773926	466.5962974276	-9.0696231767
802	0.0275573730	1.5344789371	2.8831067910
803	0.8569335938	1.9402427287	3.8262335213
804	0.6974792480	0.4973020065	3.9899817695
805	0.2928771973	11.0025485576	7.1597306535
806	0.7256774902	0.9796528027	3.9439099008
807	0.4971008301	11.7251948574	4.1961388655
808	0.1896972656	5.2317924977	5.1238960833
809	0.9385375977	2.2312121517	3.8339785785
810	0.2439270020	9.1216838021	6.9013525559
811	0.4174499512	9.1047829168	4.8874197446
812	0.7915039063	1.6103813748	3.8692060949
813	0.3636169434	9.6506554558	5.6790486644
814	0.4159851074	9.1039001290	4.9040187321
815	0.4721069336	10.0952810285	4.3880858798
816	0.3543701172	9.8445654350	5.8590134334
817	0.7082824707	0.7061331607	3.9709928497
818	0.7919006348	1.6129857258	3.8688601253
819	0.2131347656	6.7592164677	5.8921301884
820	0.2607116699	10.1848374746	7.2336662783
821	0.1405029297	3.3404825151	4.0444850530
822	0.4232788086	9.1185258644	4.8235187176
823	0.9568481445	2.3240890361	3.8704628147
824	0.0214843750	1.3608694464	2.7804405897
825	0.2352905273	8.4707082493	6.6499976144
826	0.2734985352	10.7154437001	7.3126821800
827	0.4752197266	10.2345041574	4.3641291657
828	0.4987792969	11.8913318453	4.1827532653
829	0.9782714844	2.5775348960	4.0295993627
830	0.2528686523	9.7315512216	7.1083017985
831	0.3123779297	10.8080371005	6.7900433295
832	0.7535705566	1.3055675069	3.9076490321
833	0.3948364258	9.1968922630	5.1711167443
834	0.8787536621	2.0211638341	3.8187089865
835	0.7259216309	0.9830397613	3.9435568145
836	0.5183410645	14.8943633578	4.0049946399
837	0.8039550781	1.6876786844	3.8588557976
838	0.5606384277	498.1302288407	-9.9717955083
839	0.2533874512	9.7641594736	7.1183129881
840	0.2947692871	11.0010293793	7.1308515958
841	0.6970214844	0.4876490169	3.9908282988
842	0.5104675293	13.3885922788	4.0831941533
843	0.9035339355	2.1056007588	3.8161529749
844	0.0763244629	2.2954157131	3.3628484445
845	0.2418518066	8.9694598086	6.8449578761
846	0.2777099609	10.8292377993	7.3050747676
847	0.9729919434	2.4787261762	3.9618373538
848	0.6959228516	0.4641897096	3.9928747646
849	0.4115600586	9.1072675229	4.9555522046
850	0.9094543457	2.1254711465	3.8168688124
851	0.4873352051	10.9278402709	4.2718224198
852	0.7987060547	1.6561741337	3.8630922955
853	0.7384948730	1.1435671970	3.9262699640
854	0.7356872559	1.1099435632	3.9299830309
855	0.2678527832	10.5151377605	7.2971502770
856	0.4395141602	9.2514726708	4.6616553319
857	0.6930847168	0.4016118059	3.9982604309
858	0.7793273926	1.5253378366	3.8803611556
859	0.6226196289	-3.2176180695	4.2146474985
860	0.3056335449	10.9144432064	6.9327249528
861	0.6877746582	0.2763058350	4.0087399830
862	0.7915039063	1.6103813748	3.8692060949
863	0.6631469727	-0.4916401859	4.0657724712
864	0.5645751953	-140.9039413131	8.2949366530
865	0.7059326172	0.6636108123	3.9749686994
866	0.9116210938	2.1327839469	3.8172980091
867	0.2456665039	9.2466048302	6.9463789839
868	0.3364257813	10.2680240177	6.2435942204
869	0.5557556152	80.8445819703	1.9794062459
870	0.9525451660	2.2982097474	3.8584220716
871	0.5375671387	22.9423157481	3.6980852766
872	0.7918395996	1.6125856987	3.8689132810
873	0.7491760254	1.2613275108	3.9128575183
874	0.3107604980	10.8364398376	6.8252086298
875	0.2088317871	6.4483938446	5.7424329963
876	0.8744812012	2.0059768859	3.8198536261
877	0.0057678223	0.5768533859	2.3279910206
878	0.5015258789	12.1858077764	4.1604751383
879	0.2483520508	9.4339727249	7.0115650639
880	0.6487426758	-1.1575552759	4.1079489907
881	0.3816833496	9.3459958325	5.3669536434
882	0.3190612793	10.6755210640	6.6404882431
883	0.4054565430	9.1262729979	5.0302478735
884	0.2723999023	10.6807601436	7.3120130310
885	0.0234985352	1.4231197588	2.8170838209
886	0.6216125488	-3.3344162584	4.2199981041
887	0.2561950684	9.9344542872	7.1683561991
888	0.5942687988	-9.3453784454	4.4520652054
889	0.5471191406	35.0877538784	3.3167716437
890	0.7417297363	1.1808694030	3.9220910254
891	0.8948669434	2.0765210278	3.8161428961
892	0.3768615723	9.4166164046	5.4451937542
893	0.0417785645	1.8274048861	3.0608227677
894	0.5213012695	15.6212263969	3.9715875423
895	0.2503356934	9.5675705072	7.0561210755
896	0.1440429688	3.4301430736	4.0998059915
897	0.6988525391	0.5258408249	3.9874636091
898	0.9718627930	2.4625743682	3.9512341902
899	0.0274658203	1.5321472932	2.8817174001
900	0.6537170410	-0.9026969216	4.0924343113
901	0.0657958984	2.1665205029	3.2774005395
902	0.5595397949	225.9852092195	-2.1840668015
903	0.2735290527	10.7163774836	7.3126848175
904	0.9953918457	8.2417474823	8.3891239731
905	0.9250793457	2.1794934499	3.8224890003
906	0.1154479980	2.8328772217	3.7210757355
907	0.5696411133	-50.1982858539	5.6855575633
908	0.3129577637	10.7974650244	6.7773185823
909	0.7980041504	1.6518455765	3.8636727177
910	0.3706359863	9.5196185873	5.5516093692
911	0.8470764160	1.9003240938	3.8308686608
912	0.1522521973	3.6600953554	4.2394297909
913	0.0736999512	2.2634916159	3.3415714153
914	0.1163635254	2.8482702451	3.7311453245
915	0.8287658691	1.8186906246	3.8412654348
916	0.4337463379	9.1871270677	4.7166713371
917	0.7630310059	1.3935547129	3.8970061836
918	0.9892578125	3.1986756647	4.4931498046
919	0.0957336426	2.5399655786	3.5267960072
920	0.0502014160	1.9593442897	3.1435175909
921	0.8774414063	2.0165274325	3.8190418755
922	0.8814086914	2.0304737493	3.8180880121
923	0.7783203125	1.5178299830	3.8813313600
924	0.0893249512	2.4563680774	3.4707153775
925	0.4328613281	9.1789991102	4.7253425548
926	0.9755249023	2.5205059590	3.9899603235
927	0.8728027344	1.9999346537	3.8203502283
928	0.6814270020	0.1106959738	4.0220163613
929	0.0787353516	2.3247862682	3.3824728245
930	0.4051818848	9.1275081937	5.0337123086
931	0.1826477051	4.8579608811	4.9230615725
932	0.4721069336	10.0952810285	4.3880858798
933	0.3517456055	9.9033693927	5.9125235339
934	0.5399169922	24.9284430437	3.6326933749
935	0.8851013184	2.0432789681	3.8173464631
936	0.7198486328	0.8953577701	3.9525513633
937	0.5548095703	70.0916706177	2.2900143529
938	0.8952941895	2.0779602029	3.8161177987
939	0.7222900391	0.9314852152	3.9488817655
940	0.0186767578	1.2645126900	2.7240292166
941	0.2611083984	10.2053537595	7.2384826533
942	0.6682739258	-0.3004066505	4.0525589135
943	0.8179626465	1.7649511418	3.8484344491
944	0.6459045410	-1.3171723275	4.1173246348
945	0.4426879883	9.2957416212	4.6324247055
946	0.8971557617	2.0842210783	3.8160378545
947	0.1186523438	2.8876163391	3.7568111314
948	0.5346984863	20.9938389913	3.7645158687
949	0.2247314453	7.6437066960	6.2988166215
950	0.2468566895	9.3305116875	6.9759364180
951	0.4602355957	9.6744971926	4.4819489428
952	0.8717651367	1.9961765519	3.8206700123
953	0.2641296387	10.3533731623	7.2701992757
954	0.4190673828	9.1069399105	4.8693487203
955	0.2592468262	10.1069748072	7.2145841544
956	0.3200073242	10.6551393527	6.6189341486
957	0.7536315918	1.3061661175	3.9075779058
958	0.1873474121	5.1027140595	5.0551523970
959	0.8293151855	1.8213028045	3.8409211430
960	0.8662109375	1.9757397701	3.8225419377
961	0.0506286621	1.9655364524	3.1474471972
962	0.0573120117	2.0578791711	3.2065841256
963	0.3225708008	10.5983358213	6.5602609575
964	0.2936096191	11.0024989776	7.1487866159
965	0.9310913086	2.2016785921	3.8266279970
966	0.5517883301	49.7407275565	2.8819695013
967	0.2960510254	10.9974794316	7.1101994226
968	0.2796630859	10.8718237198	7.2962597320
969	0.4684753418	9.9492119860	4.4163201153
970	0.1209716797	2.9288088573	3.7835671438
971	0.9031066895	2.1041698050	3.8161251902
972	0.1185913086	2.8865506446	3.7561173662
973	0.5376586914	23.0123065970	3.6957459209
974	0.6775817871	0.0008455448	4.0304941162
975	0.7098388672	0.7334858958	3.9684040403
976	0.0691528320	2.2079782528	3.3047395479
977	0.9437561035	2.2539279587	3.8410884476
978	0.7570495605	1.3390257302	3.9036467233
979	0.1364440918	3.2440072752	3.9843771645
980	0.3272399902	10.4901887986	6.4529370337
981	0.1761474609	4.5480575166	4.7523951592
982	0.3025817871	10.9507514341	6.9931117579
983	0.5236206055	16.2732337990	3.9432680668
984	0.6234436035	-3.1249698193	4.2103630181
985	0.7872619629	1.5819039130	3.8729733801
986	0.0754394531	2.2846500175	3.3556664365
987	0.8240356445	1.7957292328	3.8443113854
988	0.4458923340	9.3472717133	4.6036070467
989	0.3966369629	9.1816815329	5.1462026326
990	0.6900024414	0.3302439597	4.0042772866
991	0.9187622070	2.1572062967	3.8194530392
992	0.8878173828	2.0526044315	3.8168967438
993	0.3196105957	10.6637277109	6.6279808551
994	0.2739257813	10.7283709601	7.3126410991
995	0.5585327148	151.6014422198	-0.0532818816
996	0.1201477051	2.9140172082	3.7739729946
997	0.8214721680	1.7829218814	3.8460226933
998	0.7534179688	1.3040691273	3.9078269913
999	0.9302673340	2.1985655953	3.8259770534
1000	0.4892883301	11.0671324431	4.2568884578
