0	2.2450256348	10.8598853924	5.8648077889
1	3.0610961914	15.4585153546	3.6102399269
2	3.5451354980	13.1595878547	-1.8162409911
3	2.1156005859	10.3928137275	5.9500578313
4	2.7893676758	13.5187690331	4.9242330999
5	1.2280273438	6.8902473083	5.6308602802
6	0.2250976563	-5.0190879061	-0.1578868868
7	1.7230529785	9.0806569541	6.0284628913
8	0.6623535156	-0.8296365934	2.5310420637
9	2.8804626465	14.1291045525	4.5903727192
10	2.5229187012	12.0355385437	5.5419735765
11	2.6258239746	12.5582724518	5.3520324916
12	2.3051147461	11.0908454913	5.8131350028
13	0.9649353027	4.6020467818	4.8508889576
14	3.7461853027	5.2434098055	-1.4266570039
15	0.6941223145	-0.0719069078	2.8791706195
16	3.4630432129	15.3210165033	-0.9332043920
17	1.4168090820	7.8985100651	5.8803839159
18	1.3526306152	7.5916939265	5.8139245130
19	3.3982849121	16.2712578146	-0.0544434100
20	3.5335693359	13.5287965232	-1.7183380197
21	3.2893066406	16.6987289882	1.4117053113
22	1.1099853516	6.0391077483	5.3659166129
23	0.2503356934	-5.4878432974	-0.3271536023
24	1.5387268066	8.4117854087	5.9679614802
25	3.5072937012	14.2908544987	-1.4591949171
26	3.8814697266	1.4532129785	0.4118634629
27	0.8702697754	3.3212105973	4.3460064984
28	0.7228393555	0.5781281745	3.1721341181
29	2.2463073730	10.8647060388	5.8637914187
30	3.0357360840	15.2685556542	3.7804045936
31	1.6775817871	8.9235291281	6.0202399734
32	0.7752075195	1.6672812008	3.6509576359
33	3.9363708496	0.5984806138	1.1839440231
34	0.4820861816	-5.1965515538	0.3496217825
35	2.2076110840	10.7210212011	5.8929183971
36	0.6776733398	-0.4595895827	2.7019483639
37	3.8909301758	1.2801420323	0.5478715790
38	0.3305969238	-6.4277130266	-0.5771339698
39	1.0528564453	5.5352129244	5.1932203320
40	3.1773681641	16.2635728108	2.6521699452
41	0.5607604980	-3.3953545554	1.2947760981
42	1.1773986816	6.5522137262	5.5303242245
43	0.4295654297	-6.0532911532	-0.1565885079
44	0.8843688965	3.5332454058	4.4318764543
45	3.4128723145	16.1109786480	-0.2575368368
46	3.0146179199	15.1097780797	3.9129040933
47	2.3690490723	11.3490005514	5.7483855695
48	0.9942626953	4.9373766657	4.9768216143
49	1.4344177246	7.9776949583	5.8959338522
50	0.7657775879	1.4806350708	3.5700092228
51	1.5340270996	8.3933309533	5.9653860487
52	0.6359252930	-1.4850268054	2.2240848115
53	2.2616271973	10.9226672120	5.8513612632
54	2.4457397461	11.6784823085	5.6554326057
55	2.6601562500	12.7459738175	5.2767511216
56	0.8441162109	2.9061120010	4.1756061415
57	1.9336547852	9.7803147725	6.0184750585
58	0.9460144043	4.3714119898	4.7626132046
59	1.6223144531	8.7266134383	6.0046302789
60	1.1570434570	6.4055039863	5.4846570483
61	1.2714843750	7.1536553964	5.7040683817
62	1.4448242188	8.0235922228	5.9046252143
63	1.1261291504	6.1693474615	5.4088466402
64	3.8392028809	2.3701887564	-0.1997341437
65	3.8819274902	1.4445766892	0.4184624715
66	3.4422607422	15.6951590299	-0.6598230323
67	1.0242919922	5.2550186340	5.0931973412
68	0.7289428711	0.7116090324	3.2316383007
69	2.7864685059	13.5002331044	4.9335486785
70	2.4205322266	11.5675911495	5.6879866091
71	2.2579956055	10.9088694659	5.8543552945
72	0.7110900879	0.3164837557	3.0548469502
73	2.6750793457	12.8297846669	5.2418894614
74	3.1290283203	15.9500478949	3.0885691664
75	3.4233703613	15.9771168996	-0.4026800419
76	3.8146057129	3.0165358741	-0.5499347932
77	1.7853393555	9.2907855155	6.0334616781
78	2.4945068359	11.9008718705	5.5863094365
79	3.9627685547	0.3051273099	1.5347415317
80	3.9353027344	0.6118405725	1.1694210405
81	2.4060974121	11.5052640840	5.7057208352
82	0.1562805176	-3.5105236265	0.4425204300
83	3.9813842773	0.1378568457	1.7719248340
84	3.1835327148	16.2999568416	2.5923147311
85	0.0066528320	-0.1340109767	1.9375712654
86	1.6262817383	8.7410060969	6.0059672145
87	1.6884765625	8.9615290047	6.0225770624
88	0.8566589355	3.1087889500	4.2591742818
89	3.9903564453	0.0679199705	1.8830127420
90	3.0743103027	15.5566897449	3.5165257081
91	2.4638061523	11.7596267588	5.6308030155
92	0.0369567871	-0.7677510950	1.6453230047
93	0.0737609863	-1.5833364488	1.2765886253
94	1.7381896973	9.1321886238	6.0303270398
95	1.5491333008	8.4523329311	5.9734591996
96	2.8140258789	13.6786698923	4.8419603296
97	0.2903747559	-6.0779088364	-0.5131964285
98	1.9588623047	9.8634919648	6.0123097595
99	1.3645324707	7.6509434485	5.8274880343
100	3.1326904297	15.9752240458	3.0574998691
101	1.6197204590	8.7171791888	6.0037373991
102	2.8405761719	13.8553030542	4.7469354591
103	3.4498291016	15.5668264323	-0.7607720276
104	0.2654724121	-5.7356563820	-0.4104554728
105	1.2410583496	6.9716337731	5.6539941075
106	3.5360412598	13.4515672267	-1.7401543528
107	2.0310058594	10.1037905584	5.9888594459
108	1.9102783203	9.7033667436	6.0232609651
109	0.4124145508	-6.2437893142	-0.2852718867
110	2.1565856934	10.5369060821	5.9266233048
111	2.2116394043	10.7358061126	5.8900337801
112	0.9131469727	3.9418659202	4.5949440495
113	2.9744567871	14.8091361468	4.1436477352
114	3.3073120117	16.7044676078	1.1830088419
115	1.7892150879	9.3037148040	6.0335436673
116	0.6157836914	-1.9950610777	1.9812851409
117	3.4794311523	14.9769500664	-1.1385862241
118	2.2472534180	10.8682669383	5.8630389224
119	0.6966247559	-0.0138683575	2.9055415145
120	3.8283691406	2.6444889608	-0.3551137257
121	2.9449768066	14.5914015331	4.2968366740
122	0.6745605469	-0.5341106782	2.6676684104
123	3.0685729980	15.5141580943	3.5576520014
124	1.4270324707	7.9447222948	5.8895432140
125	3.2331542969	16.5495933553	2.0745325042
126	3.1365966797	16.0018648140	3.0240083359
127	1.9329223633	9.7779016969	6.0186386077
128	2.5765991211	12.3010684095	5.4490631004
129	1.0542602539	5.5484670165	5.1978857105
130	1.0651245117	5.6494803757	5.2332355131
131	2.5271301270	12.0558358730	5.5351290350
132	3.5783691406	11.9954525485	-2.0329951295
133	0.5957641602	-2.5064502122	1.7341621805
134	1.4364318848	7.9866292005	5.8976444432
135	1.2396545410	6.9629687393	5.6515522755
136	2.3424682617	11.2399885952	5.7766092498
137	3.7762145996	4.1918727054	-1.0666513479
138	2.0566101074	10.1902610273	5.9784321800
139	2.1763610840	10.6075935586	5.9141732950
140	1.4858703613	8.1986475249	5.9355085731
141	0.1241760254	-2.7559658655	0.7621451923
142	2.4714965820	11.7946051481	5.6199761761
143	0.3519592285	-6.4987736879	-0.5556363873
144	3.0546875000	15.4106605769	3.6544234589
145	3.2820434570	16.6898892530	1.5018532116
146	0.5020751953	-4.7828453891	0.5758407262
147	0.5063171387	-4.6902155091	0.6255361473
148	0.8721923828	3.3505985468	4.3579568490
149	3.1350402832	15.9912773136	3.0373962065
150	2.4044189453	11.4980706292	5.7077414275
151	0.5459594727	-3.7624599162	1.1091006571
152	0.5111694336	-4.5824120847	0.6829953569
153	1.5651245117	8.5138284372	5.9813693499
154	0.6549987793	-1.0100503951	2.4470933211
155	1.6104736328	8.6833926998	6.0004328571
156	0.8917236328	3.6407063187	4.4750768642
157	2.8298034668	13.7830816759	4.7863307814
158	3.3607177734	16.5579319179	0.4679886013
159	2.7638549805	13.3575643223	5.0037584383
160	0.5039062500	-4.7430516359	0.5972278688
161	1.5661926270	8.5179022552	5.9818749420
162	3.2942199707	16.7026508567	1.3500227685
163	2.3109436035	11.1138214470	5.8076671874
164	2.2553710938	10.8989205913	5.8565005996
165	3.4197082520	16.0256200789	-0.3521851902
166	2.5538330078	12.1866231177	5.4900048507
167	2.7388305664	13.2036225717	5.0766419235
168	2.9440612793	14.5846950348	4.3013900182
169	2.2982177734	11.0637960662	5.8194972339
170	2.8489379883	13.9118760848	4.7155373408
171	1.2832641602	7.2213073550	5.7220590025
172	0.3557739258	-6.5026390775	-0.5476469606
173	3.2507019043	16.6144954363	1.8760065372
174	3.4100036621	16.1448211593	-0.2176948097
175	3.1200561523	15.8876073117	3.1633582608
176	1.9869384766	9.9565298832	6.0042119375
177	0.9714050293	4.6782766903	4.8797766677
178	3.5237731934	13.8256371559	-1.6273518514
179	2.1815185547	10.6261638938	5.9108004083
180	2.3921813965	11.4459562492	5.7222175094
181	2.9285583496	14.4717115387	4.3767132170
182	0.6934509277	-0.0875217015	2.8720686194
183	0.5977783203	-2.4549385270	1.7592298482
184	3.1570129395	16.1370305032	2.8429622788
185	0.1183166504	-2.6179288854	0.8216540270
186	1.4237976074	7.9301722309	5.8866847036
187	3.7633056641	4.6306202230	-1.2273306182
188	1.4954833984	8.2383718070	5.9419980753
189	2.4437561035	11.6696590496	5.6580696112
190	2.6312866211	12.5876694090	5.3404943540
191	2.0282287598	10.0944559174	5.9899232707
192	1.4728393555	8.1440553819	5.9262719621
193	3.7186889648	6.2922705235	-1.7066021884
194	3.6793518066	7.8931487277	-1.9997560758
195	3.0147399902	15.1106957142	3.9121611900
196	3.8532104492	2.0395876605	0.0027159742
197	3.2966003418	16.7039316445	1.3199402988
198	1.0384216309	5.3961656907	5.1439102248
199	0.5586242676	-3.4488053530	1.2679095221
200	0.5721740723	-3.1077138932	1.4384403708
201	1.3245544434	7.4471847272	5.7794842594
202	1.5712280273	8.5370523354	5.9842206693
203	1.2754821777	7.1767842955	5.7102581915
204	0.8345031738	2.7461693789	4.1091808164
205	3.6221008301	10.2802268601	-2.1518608721
206	3.4427795410	15.6866474632	-0.6667870149
207	1.7522583008	9.1797922877	6.0316811125
208	1.8368530273	9.4616831386	6.0324354208
209	1.1852111816	6.6067939252	5.5470141078
210	0.6556396484	-0.9942636866	2.4544555542
211	1.3636474609	7.6465769757	5.8264998839
212	2.1152343750	10.3915397476	5.9502531812
213	2.3150939941	11.1302467634	5.8037225632
214	0.2100830078	-4.7131545784	-0.0417169498
215	0.7134094238	0.3686159463	3.0782845055
216	1.5178833008	8.3292325056	5.9560898264
217	3.3721923828	16.4884289590	0.3092316117
218	1.8891601563	9.6339206742	6.0268132003
219	0.7008972168	0.0846244197	2.9501979566
220	1.8027954102	9.3489140056	6.0336246794
221	2.1551208496	10.5317015907	5.9275154319
222	2.6689453125	12.7951689342	5.2563826395
223	3.2123718262	16.4555354310	2.2992328938
224	0.8604125977	3.1681437161	4.2835159681
225	0.9043884277	3.8208391833	4.5469912073
226	2.7537231445	13.2947399722	5.0338561334
227	0.4374084473	-5.9502813200	-0.0910481242
228	2.5613098145	12.2239049768	5.4768172961
229	3.9315185547	0.6601495882	1.1177771239
230	2.2359619141	10.8259199066	5.8718924952
231	2.8104248047	13.6550677598	4.8543233148
232	1.2287597656	6.8948790758	5.6321886540
233	1.8728637695	9.5803250718	6.0290521261
234	2.3817138672	11.4018354378	5.7342492019
235	1.5769042969	8.5585326179	5.9867908260
236	3.7365112305	5.6040231171	-1.5312698592
237	3.5684204102	12.3588657794	-1.9788044417
238	1.5405273438	8.4188318194	5.9689328082
239	1.9849243164	9.9498381285	6.0048362367
240	3.2313232422	16.5420114691	2.0947852631
241	3.5659484863	12.4472856831	-1.9638746741
242	0.6808471680	-0.3839752333	2.7366605781
243	0.1015319824	-2.2241486587	0.9930117984
244	1.4807434082	8.1772727587	5.9319356320
245	2.2496948242	10.8774674058	5.8610878749
246	3.5499572754	12.9998917520	-1.8538181760
247	0.2542114258	-5.5538972257	-0.3498776193
248	0.8457031250	2.9321281223	4.1863714415
249	3.5943298340	11.3893100848	-2.0994586519
250	0.4592895508	-5.6143011918	0.1116957784
251	3.0970764160	15.7235519833	3.3465072584
252	3.8780822754	1.5179590336	0.3629830961
253	2.5439147949	12.1376183388	5.5071197910
254	1.6944580078	8.9822917615	6.0237604829
255	1.3026123047	7.3292510185	5.7500243466
256	1.5435485840	8.4306262212	5.9705436787
257	2.0158386230	10.0529048931	5.9945108831
258	3.5505371094	12.9804650170	-1.8582039099
259	1.8777465820	9.5963866881	6.0284273247
260	0.0691223145	-1.4781503150	1.3236652492
261	3.5295715332	13.6517277940	-1.6820657087
262	2.9921569824	14.9412336587	4.0452372076
263	0.1055297852	-2.3176305641	0.9521241853
264	0.4158020020	-6.2100656036	-0.2615182107
265	1.4606628418	8.0922335300	5.9171699985
266	2.9385681152	14.5445342671	4.3284613335
267	1.1113281250	6.0501312166	5.3695794260
268	0.3761901855	-6.4772856334	-0.4836380456
269	3.9197387695	0.8205119738	0.9551993680
270	1.1739807129	6.5280394122	5.5228790997
271	0.0543518066	-1.1475694467	1.4725515595
272	3.2973632813	16.7042549069	1.3102713374
273	1.2562561035	7.0639083559	5.6796750051
274	2.8825988770	14.1440443106	4.5814852566
275	0.9440307617	4.3465494748	4.7530211128
276	1.4282226563	7.9500590132	5.8905857874
277	2.1874389648	10.6475526120	5.9068634280
278	3.8088378906	3.1802848139	-0.6304220181
279	0.0814514160	-1.7590175458	1.1982878096
280	2.8924255371	14.2131135231	4.5399087096
281	2.5522460938	12.1787479853	5.4927720303
282	0.0423889160	-0.8851822456	1.5917133840
283	1.1257019043	6.1659640251	5.4077410935
284	3.2857971191	16.6949012670	1.4554200739
285	2.6902770996	12.9165574850	5.2049681173
286	3.4285278320	15.9054653232	-0.4734897766
287	2.7852783203	13.4926397460	4.9373518269
288	1.8992309570	9.6670350641	6.0252106775
289	3.4456176758	15.6393431013	-0.7047728441
290	2.6030273438	12.4374587730	5.3984812052
291	3.1346130371	15.9883645876	3.0410611949
292	0.5661315918	-3.2603913149	1.3623732187
293	0.7957763672	2.0599064586	3.8196728893
294	0.6526489258	-1.0680386827	2.4200228474
295	3.5552673340	12.8202300847	-1.8928935519
296	1.1351928711	6.2403363154	5.4319192579
297	1.1056213379	6.0030368393	5.3538943411
298	3.3999938965	16.2539808996	-0.0782847718
299	2.3025817871	11.0808943058	5.8154850446
300	0.5680541992	-3.2119007753	1.3865776913
301	0.0061645508	-0.1241107113	1.9421757775
302	3.3138122559	16.7004219397	1.0987144440
303	0.6968688965	-0.0082198154	2.9081058048
304	2.6618957520	12.7556728101	5.2727565820
305	3.8986816406	1.1466768888	0.6586135012
306	2.0441284180	10.1480129912	5.9836553551
307	3.9399414063	0.5546904585	1.2323160160
308	0.3970947266	-6.3713713809	-0.3818951476
309	3.0834045410	15.6237510305	3.4499337860
310	2.5823974609	12.3306622303	5.4382538438
311	1.5565185547	8.4808527340	5.9771922992
312	3.9100036621	0.9648355873	0.8189439852
313	3.5135803223	14.1185158592	-1.5254497562
314	3.0466918945	15.3507931158	3.7084159461
315	0.4605712891	-5.5925416380	0.1244049730
316	2.0904235840	10.3057346466	5.9629231384
317	3.1742553711	16.2448359632	2.6820247518
318	2.0917968750	10.3104588167	5.9622507212
319	0.6467285156	-1.2148337310	2.3513025197
320	3.8043518066	3.3108283236	-0.6924500435
321	2.0863342285	10.2916838122	5.9649056025
322	3.9443664551	0.5022551903	1.2918791041
323	1.5067749023	8.2844631997	5.9492786384
324	2.7417602539	13.2214323047	5.0683587526
325	0.9352722168	4.2351759522	4.7098778004
326	0.0632019043	-1.3448194022	1.3835454478
327	2.7709960938	13.4022517224	4.9820476650
328	0.8889465332	3.6003794056	4.4588907392
329	1.3252258301	7.4507218662	5.7803495005
330	3.4241943359	15.9659333240	-0.4140179709
331	3.0744934082	15.5580444797	3.5152019822
332	1.6265258789	8.7418903850	6.0060483608
333	0.6577453613	-0.9424802114	2.4785828695
334	0.4307250977	-6.0386707573	-0.1471521389
335	3.1488037109	16.0835617288	2.9169824028
336	3.4518737793	15.5306113096	-0.7877913782
337	1.6358032227	8.7753745115	6.0090359156
338	0.4485778809	-5.7873790158	0.0089679985
339	3.6380920410	9.6198819860	-2.1444729349
340	1.3268432617	7.4592262475	5.7824253412
341	0.3927001953	-6.4002612024	-0.4062348054
342	0.9663696289	4.6190601529	4.8573490505
343	2.5407104492	12.1218946264	5.5125586062
344	1.6504211426	8.8276825961	6.0133691025
345	3.2458801270	16.5981222508	1.9313555474
346	0.3803710938	-6.4625279975	-0.4661677431
347	3.2755126953	16.6789859045	1.5818312954
348	3.8563537598	1.9690899792	0.0482714185
349	0.0759582520	-1.6333714270	1.2542463065
350	0.4050292969	-6.3104486856	-0.3340968319
351	2.3732604980	11.3665041541	5.7437352418
352	3.6359252930	9.7099791253	-2.1470923196
353	0.3305358887	-6.4273915509	-0.5771390886
354	2.1077880859	10.3656839445	5.9541723526
355	3.7931213379	3.6497367846	-0.8451708916
356	2.7854614258	13.4938073439	4.9367675249
357	1.6531372070	8.8373434795	6.0141245751
358	2.5694885254	12.2650260273	5.4621040980
359	1.8640136719	9.5512025819	6.0300838944
360	2.6789855957	12.8519500294	5.2325387995
361	1.1371154785	6.2552035327	5.4367211720
362	1.1694030762	6.4953760969	5.5127688544
363	0.8509216309	3.0169156942	4.2213781924
364	1.3660888672	7.6586073664	5.8292179629
365	1.2045593262	6.7380619174	5.5864517788
366	3.4954223633	14.5987574056	-1.3276200258
367	0.1465148926	-3.2820294936	0.5382358907
368	2.2942810059	11.0484218790	5.8230770775
369	3.1101989746	15.8178934012	3.2433799299
370	1.8792114258	9.6012045430	6.0282321952
371	3.0873413086	15.6526248534	3.4205651195
372	1.6568908691	8.8506661199	6.0151433535
373	1.0703430176	5.6970365674	5.2497487119
374	3.5563964844	12.7815242928	-1.9008839725
375	3.3953857422	16.2996780524	-0.0139849964
376	2.3655700684	11.3345897482	5.7521896813
377	3.0167236328	15.1256085527	3.9000522293
378	3.4516601563	15.5344259275	-0.7849738355
379	2.2443542480	10.8573620312	5.8653387332
380	2.6481018066	12.6792663954	5.3039445905
381	1.9754333496	9.9183440389	6.0076876441
382	0.5888977051	-2.6819767135	1.6484365150
383	0.9512023926	4.4358157394	4.7873929543
384	1.2708740234	7.1501087345	5.7031156613
385	3.0708007813	15.5306916280	3.5417631572
386	0.1264343262	-2.8092017771	0.7392755659
387	1.2924499512	7.2730347553	5.7355760597
388	1.3866882324	7.7582835560	5.8511916158
389	2.1543884277	10.5291009368	5.9279599539
390	3.0172119141	15.1292797357	3.8970609066
391	0.4456481934	-5.8318934888	-0.0179942383
392	1.0072937012	5.0782673347	5.0288098908
393	2.0588073730	10.1977181372	5.9774849328
394	2.2937927246	11.0465182905	5.8235184891
395	1.5556640625	8.4775635303	5.9767674376
396	3.1011352539	15.7529001534	3.3150189166
397	3.4766845703	15.0376765014	-1.1049171328
398	0.9786071777	4.7616104754	4.9111849993
399	0.9263000488	4.1183352470	4.6643168569
400	0.3160095215	-6.3322336750	-0.5693580084
401	2.4644775391	11.7626698992	5.6298660918
402	0.6192321777	-1.9072893167	2.0233222284
403	0.8364868164	2.7795049117	4.1230593394
404	3.3266601563	16.6820124573	0.9296179796
405	2.5715026855	12.2752077726	5.4584338388
406	1.4482421875	8.0385268052	5.9074013190
407	0.9818115234	4.7981791745	4.9249099156
408	1.8074645996	9.3644198881	6.0335788521
409	0.5937194824	-2.5587359881	1.7086762906
410	1.1687011719	6.4903383668	5.5112043947
411	2.5409545898	12.1230907705	5.5121457601
412	3.0300903320	15.2261204623	3.8166223113
413	2.9527282715	14.6483267771	4.2578033286
414	2.3641052246	11.3285351308	5.7537813393
415	3.8669128418	1.7420334033	0.2013553773
416	2.0861816406	10.2911600067	5.9649790011
417	2.6997070313	12.9711285019	5.1813112028
418	0.5335693359	-4.0626323764	0.9551143177
419	0.8036193848	2.2044210425	3.8812219817
420	2.7348937988	13.1797791536	5.0876712641
421	0.1441650391	-3.2268444396	0.5614987785
422	1.7520751953	9.1791743951	6.0316658045
423	0.6272277832	-1.7044244587	2.1200743964
424	0.8757629395	3.4047762661	4.3799469704
425	3.1079711914	15.8019926395	3.2611589869
426	0.9555664063	4.4893025195	4.8078971538
427	3.6125488281	10.6681715886	-2.1431062999
428	0.6461791992	-1.2285022587	2.3448896470
429	0.8042297363	2.2155480155	3.8859484075
430	3.8510131836	2.0896663554	-0.0291114139
431	1.2244873047	6.8677622336	5.6243917427
432	3.1440734863	16.0521980266	2.9588832076
433	1.3411865234	7.5336175409	5.8003105489
434	1.4517822266	8.0539232884	5.9102362564
435	0.9343566895	4.2233821649	4.7052926873
436	2.7756958008	13.4318455807	4.9675299043
437	0.8511657715	3.0208537532	4.2230012077
438	1.2375793457	6.9501146917	5.6479205780
439	2.6613769531	12.7527781950	5.2739498185
440	2.2280578613	10.7964735124	5.8779256634
441	1.2443847656	6.9920691349	5.6597325224
442	0.9397583008	4.2925480397	4.7321377284
443	1.8391113281	9.4691372979	6.0322870135
444	2.0668029785	10.2249060348	5.9739674344
445	0.5880126953	-2.7045829894	1.6373606651
446	3.9513549805	0.4234879628	1.3850495221
447	1.1066894531	6.0119001495	5.3568536430
448	0.9587402344	4.5278120674	4.8226169029
449	1.1098632813	6.0381038669	5.3655827858
450	3.3623657227	16.5488677158	0.4452632063
451	2.6254272461	12.5561442774	5.3528641847
452	1.5195617676	8.3359491155	5.9570892659
453	2.8275146484	13.7678340747	4.7945512002
454	3.6198120117	10.3737026048	-2.1506579205
455	0.0200805664	-0.4102079596	1.8095977961
456	0.7864074707	1.8835267003	3.7441473942
457	0.8020935059	2.1765284069	3.8693660258
458	1.8129272461	9.3825403614	6.0334776833
459	1.9454345703	9.8191511684	6.0157237641
460	3.3156433105	16.6986592987	1.0748126422
461	2.0172119141	10.0575028450	5.9940151445
462	1.5833129883	8.5826515395	5.9895993330
463	1.2774047852	7.1878449810	5.7132039782
464	1.9054260254	9.6874074475	6.0241420193
465	0.8829040527	3.5115874544	4.4231433542
466	1.6601257324	8.8621209568	6.0159979002
467	1.9297790527	9.7675474884	6.0193305179
468	1.9433593750	9.8123056841	6.0162249682
469	2.3644409180	11.3299219646	5.7534171098
470	3.0201110840	15.1510794133	3.8792127752
471	0.2953796387	-6.1358051103	-0.5282747403
472	1.3792419434	7.7226229867	5.8434437017
473	3.7363586426	5.6097884036	-1.5328693447
474	2.6730041504	12.8180478323	5.2468184976
475	1.3126525879	7.3837856393	5.7637930228
476	0.3226623535	-6.3803877427	-0.5751363637
477	2.9612731934	14.7113612251	4.2137581243
478	2.0713806152	10.2405096034	5.9719035578
479	1.1568603516	6.4041537314	5.4842314702
480	2.2655639648	10.9376658445	5.8480819520
481	0.6937866211	-0.0797120160	2.8756210381
482	3.1460266113	16.0651951119	2.9416482868
483	1.5566711426	8.4814398028	5.9772679738
484	2.9301147461	14.4830031506	4.3693007261
485	3.9095153809	0.9723635349	0.8120686413
486	2.9660949707	14.7470520248	4.1884233536
487	0.7355651855	0.8545159576	3.2950944792
488	3.7411804199	5.4287503075	-1.4815549453
489	2.1588134766	10.5448294280	5.9252586333
490	0.0241088867	-0.4945221995	1.7707175624
491	3.9780883789	0.1652463662	1.7305821621
492	3.9239807129	0.7609970224	1.0140493073
493	0.4457702637	-5.8300636484	-0.0168809230
494	1.1462402344	6.3248732186	5.4590808566
495	3.8214111328	2.8292761111	-0.4540368979
496	1.2269592285	6.8834801974	5.6289169734
497	0.7322387695	0.7829844126	3.2633641533
498	2.0274353027	10.0917903625	5.9902248227
499	3.8716125488	1.6457550439	0.2694299612
500	1.2691650391	7.1401560271	5.7004371035
501	0.0664367676	-1.4175389415	1.3508578351
502	3.3915710449	16.3353900426	0.0392611106
503	2.2451782227	10.8604590502	5.8646869817
504	3.5130310059	14.1338288121	-1.5197606582
505	0.3372192383	-6.4586238391	-0.5746800202
506	3.7766418457	4.1777114256	-1.0611988662
507	1.6354064941	8.7739472929	6.0089119663
508	0.8621215820	3.1949710543	4.2944980500
509	0.6526489258	-1.0680386827	2.4200228474
510	3.9448547363	0.4965920694	1.2984249456
511	0.0037536621	-0.0753777098	1.9648584517
512	1.8835754395	9.6155563898	6.0276298609
513	0.3441467285	-6.4824575687	-0.5680698074
514	2.9177856445	14.3938869540	4.4271292533
515	1.8962707520	9.6573012805	6.0256990414
516	2.6560058594	12.7229068227	5.2862096628
517	2.5952453613	12.3968945089	5.4137294134
518	3.6366271973	9.6808103277	-2.1462992563
519	0.3849792480	-6.4425191501	-0.4452264350
520	3.2419738770	16.5840254353	1.9757533358
521	3.6956481934	7.2194538270	-1.8952969736
522	2.2472839355	10.8683818457	5.8630146155
523	1.6343994141	8.7703225046	6.0085958048
524	3.7856750488	3.8838551617	-0.9440988905
525	2.9199829102	14.4097126546	4.4169710363
526	3.0104370117	15.0783559740	3.9381910742
527	0.0928039551	-2.0209750995	1.0823081412
528	0.2356872559	-5.2234197520	-0.2331869197
529	0.0317077637	-0.6553424255	1.6967999131
530	2.8369140625	13.8306677548	4.7604593071
531	0.3086242676	-6.2699468216	-0.5586257735
532	0.6925354004	-0.1088440472	2.8623658005
533	2.4122009277	11.5315161627	5.6983007654
534	2.4476318359	11.6869140593	5.6529050690
535	1.3720703125	7.6878840785	5.8357738939
536	3.3813476563	16.4219054952	0.1818722512
537	2.8144836426	13.6816762743	4.8403800151
538	1.1589050293	6.4192000097	5.4889684852
539	2.9812316895	14.8595983511	4.1065716410
540	2.2496337891	10.8772371994	5.8611368117
541	2.7421875000	13.2240342546	5.0671453825
542	2.2924804688	11.0414059738	5.8247019504
543	3.1336975098	15.9821139360	3.0489000996
544	2.1897583008	10.6559527890	5.9053020002
545	0.4534301758	-5.7109497766	0.0547143842
546	3.2108154297	16.4478286273	2.3156042629
547	0.4429626465	-5.8715951478	-0.0422612805
548	0.8867187500	3.5678107439	4.4457959529
549	0.5898132324	-2.6585856064	1.6598883602
550	3.9771423340	0.1732807010	1.7186628059
551	1.0796813965	5.7806196115	5.2785648017
552	2.2908020020	11.0348745410	5.8262096749
553	1.4302673340	7.9592065341	5.8923654603
554	1.6406555176	8.7927975307	6.0105246159
555	0.3381958008	-6.4625127137	-0.5739989955
556	0.7151489258	0.4075603361	3.0957709620
557	0.7698669434	1.5620898126	3.6053940679
558	3.1466674805	16.0694455331	2.9359728585
559	2.8279113770	13.7704745498	4.7931300367
560	0.5585327148	-3.4510929752	1.2667584362
561	0.4239501953	-6.1210206649	-0.2009937127
562	0.8717651367	3.3440809578	4.3553078653
563	2.2897033691	11.0306040102	5.8271929089
564	1.6529235840	8.8365842757	6.0140657141
565	0.3568420410	-6.5032371622	-0.5451846219
566	3.7839965820	3.9376477104	-0.9661102062
567	3.0373840332	15.2809365763	3.7697211347
568	1.2361450195	6.9411988111	5.6453949894
569	0.4357910156	-5.9723110546	-0.1048909321
570	2.2279357910	10.7960199869	5.8780177900
571	3.0238952637	15.1795366347	3.8556902662
572	3.5496520996	13.0100972930	-1.8514983170
573	1.8099670410	9.3727235356	6.0335388595
574	3.3349609375	16.6622958645	0.8187462546
575	3.5330505371	13.5448874347	-1.7136994344
576	2.0610046387	10.2051813755	5.9765293374
577	0.9142456055	3.9568463274	4.6008586030
578	2.0583190918	10.1960604748	5.9776961532
579	0.4956359863	-4.9203880149	0.5014521248
580	0.3116760254	-6.2967963933	-0.5636065064
581	3.0982666016	15.7321723834	3.3373114560
582	1.8333129883	9.4499933222	6.0326507666
583	1.4309387207	7.9622045221	5.8929466946
584	0.3895874023	-6.4186075851	-0.4225378475
585	3.8801574707	1.4781194143	0.3929375293
586	3.8624267578	1.8366719004	0.1363237727
587	3.0132446289	15.0994554067	3.9212437327
588	0.0268554688	-0.5523850743	1.7440854604
589	3.8255615234	2.7182401419	-0.3951254010
590	2.0256042480	10.0856415696	5.9909166494
591	3.2630615234	16.6509567503	1.7314035827
592	3.3224487305	16.6896232598	0.9853955684
593	0.0515136719	-1.0848648425	1.5009497594
594	1.4152221680	7.8912762262	5.8789290389
595	0.3636779785	-6.5020365863	-0.5270974877
596	0.0897827148	-1.9509834282	1.1132041982
597	3.3553771973	16.5852561669	0.5414337252
598	2.4963684082	11.9095767111	5.5835000562
599	2.1024475098	10.3471956044	5.9569213803
600	2.8294067383	13.7804363170	4.7877593689
601	3.9686889648	0.2485633759	1.6111317575
602	1.8919982910	9.6432528748	6.0263784757
603	0.9372863770	4.2610203809	4.7199144773
604	2.3266601563	11.1763128296	5.7925013806
605	0.9360656738	4.2453737897	4.7138399286
606	3.7930297852	3.6525701037	-0.8463992696
607	3.6881103516	7.5296766878	-1.9467558906
608	0.8743286133	3.3830748430	4.3711449848
609	0.1192016602	-2.6387667583	0.8126515180
610	0.9934997559	4.9289779106	4.9737045993
611	0.8530578613	3.0512874250	4.2355352219
612	2.1203308105	10.4092897488	5.9475125222
613	2.8256835938	13.7556605549	4.8010903464
614	2.5508422852	12.1717924779	5.4952107211
615	2.5501403809	12.1683185732	5.4964268389
616	3.5402832031	13.3168975585	-1.7764743625
617	2.0629577637	10.2118205729	5.9756728990
618	3.0708312988	15.5309179557	3.5415447952
619	2.0834350586	10.2817373344	5.9662931298
620	1.5352478027	8.3981330188	5.9660605889
621	2.4171142578	11.5527572527	5.6922442196
622	3.6179504395	10.4494990485	-2.1492630539
623	2.1346130371	10.4592734681	5.9395772328
624	1.1544189453	6.3860969130	5.4785312530
625	0.5570068359	-3.4891807921	1.2475783880
626	0.2504577637	-5.4899498646	-0.3278834670
627	2.5793151855	12.3149079522	5.4440195623
628	1.4425964355	8.0138211488	5.9027950359
629	2.3629455566	11.3237473673	5.7550371870
630	0.1804809570	-4.0668592621	0.2139638343
631	2.9285888672	14.4719328292	4.3765681896
632	1.4130554199	7.8813724956	5.8769280075
633	1.6807556152	8.9346240278	6.0209451744
634	2.5592956543	12.2138327096	5.4803943509
635	1.3952331543	7.7987067508	5.8598179105
636	3.6450805664	9.3283300012	-2.1325796932
637	3.7005920410	7.0175908222	-1.8587056628
638	1.8873596191	9.6280001255	6.0270821126
639	3.5852050781	11.7391294178	-2.0646104813
640	1.5066528320	8.2839681106	5.9492018720
641	1.9608459473	9.8700498253	6.0117802953
642	0.0495910645	-1.0425454010	1.5201438117
643	0.8141479492	2.3939633273	3.9614846611
644	2.0021362305	10.0071226819	5.9992841190
645	1.9771728516	9.9241117082	6.0071761855
646	0.9754333496	4.7250830941	4.8974402426
647	0.0485839844	-1.0204297023	1.5301833940
648	1.2448425293	6.9948707271	5.6605169945
649	1.4961853027	8.2412546164	5.9424613301
650	2.9240417480	14.4390112800	4.3980389729
651	1.4725646973	8.1428952383	5.9260717279
652	2.5548095703	12.1914759002	5.4882964665
653	1.3746032715	7.7001983444	5.8385063526
654	2.3944396973	11.4555297423	5.7195796752
655	0.6788635254	-0.4311902182	2.7149939728
656	0.1813354492	-4.0861385435	0.2061699157
657	1.0829772949	5.8096639937	5.2885149940
658	1.6606750488	8.8640637169	6.0161408671
659	0.4855041504	-5.1286874445	0.3872694151
660	1.6507873535	8.8289862228	6.0134718636
661	2.8345947266	13.8151101404	4.7689539111
662	3.9320068359	0.6538300411	1.1244573973
663	1.3771667480	7.7126110579	5.8412454967
664	2.7390441895	13.2049192990	5.0760401230
665	0.3395996094	-6.4677996237	-0.5728759393
666	2.1379699707	10.4710750294	5.9376570855
667	2.5715026855	12.2752077726	5.4584338388
668	2.0693664551	10.2336405595	5.9728161660
669	2.1835937500	10.6336522248	5.9094283894
670	2.3386535645	11.2245458033	5.7805039067
671	0.7106933594	0.3075428971	3.0508239204
672	3.3349609375	16.6622958645	0.8187462546
673	2.8317871094	13.7963238078	4.7791643716
674	2.7597656250	13.3321259442	5.0160047912
675	1.1776428223	6.5539335196	5.5308526529
676	1.1465759277	6.3274086285	5.4598900711
677	0.2577819824	-5.6132002028	-0.3699772919
678	1.4527893066	8.0582901681	5.9110353048
679	1.0375976563	5.3880738690	5.1410204804
680	1.5052490234	8.2782696299	5.9483160310
681	0.1975097656	-4.4446417749	0.0630167028
682	2.5802612305	12.3197379028	5.4422546690
683	1.6044616699	8.6612912990	5.9981812399
684	0.8999633789	3.7585984578	4.5222151457
685	1.0281372070	5.2939375799	5.1072447421
686	3.3257446289	16.6838012487	0.9417715042
687	3.6321411133	9.8669206987	-2.1504512344
688	2.0302124023	10.1011226875	5.9891647287
689	2.2720031738	10.9622925633	5.8426419541
690	0.4291076660	-6.0590032155	-0.1602886261
691	3.1310424805	15.9639181714	3.0715203098
692	3.1538085938	16.1163110306	2.8720525547
693	1.7254333496	9.0887837046	6.0287843272
694	1.3466491699	7.5614775065	5.8068801624
695	1.8094787598	9.3711036685	6.0335475071
696	1.0593261719	5.5959104460	5.2145344491
697	3.2127380371	16.4573362304	2.2953715714
698	3.0362854004	15.2726829627	3.7768490869
699	0.1399841309	-3.1285185901	0.6030828773
700	0.6640014648	-0.7894467125	2.5496868736
701	2.9651489258	14.7400428222	4.1934217950
702	0.3676147461	-6.4973935452	-0.5148606251
703	1.0508422852	5.5161142116	5.1864868210
704	0.2361450195	-5.2320159340	-0.2363080069
705	3.6245422363	10.1801935615	-2.1525207300
706	2.1572265625	10.5391843867	5.9262317050
707	2.2424316406	10.8501426328	5.8668537000
708	2.2430419922	10.8524334489	5.8663736348
709	0.8725891113	3.3566439199	4.3604132245
710	0.8286437988	2.6466854535	4.0676579372
711	3.1285400391	15.9466769570	3.0926878114
712	0.8234252930	2.5567952158	4.0300058691
713	3.6844177246	7.6825722410	-1.9700056183
714	1.6976928711	8.9934922401	6.0243713481
715	1.4029541016	7.8347867673	5.8673744669
716	1.8851623535	9.6207748402	6.0274030357
717	1.2077636719	6.7592839545	5.5927312604
718	3.8825683594	1.4325309749	0.4276983296
719	2.2307739258	10.8065742004	5.8758676114
720	2.8280029297	13.7710840357	4.7928018554
721	0.2666625977	-5.7539420292	-0.4163674078
722	1.8388977051	9.4684322758	6.0323014196
723	2.0647583008	10.2179454742	5.9748775070
724	3.8911132813	1.2769035067	0.5504954415
725	1.4904785156	8.2177467468	5.9386532809
726	2.5201110840	12.0220559234	5.5464966131
727	1.0868530273	5.8435196540	5.3000714940
728	2.1258850098	10.4286849832	5.9444714022
729	2.0678100586	10.2283364075	5.9735165158
730	3.1624145508	16.1714943696	2.7933471662
731	2.2744750977	10.9717778029	5.8405283075
732	3.9933776855	0.0458507774	1.9199348821
733	2.1253356934	10.4267643726	5.9447747053
734	1.6949768066	8.9840893876	6.0238598251
735	2.0920410156	10.3112989670	5.9621308289
736	3.5872192383	11.6626410356	-2.0730325094
737	0.7317504883	0.7724416244	3.2586820266
738	1.7751770020	9.2568153657	6.0331215319
739	3.8073120117	3.2243755486	-0.6515793552
740	2.4810485840	11.8384224650	5.6062352956
741	0.5266723633	-4.2261668118	0.8703049685
742	2.4486694336	11.6915444603	5.6515139069
743	1.4327087402	7.9700949344	5.8944716381
744	0.2013244629	-4.5271591045	0.0305844806
745	2.9745483398	14.8098171535	4.1431515093
746	2.4345703125	11.6290185767	5.6701115151
747	1.2919006348	7.2699661135	5.7347800716
748	0.3248596191	-6.3946038983	-0.5762253793
749	1.2435607910	6.9870198173	5.6583173000
750	1.0356140137	5.3685237232	5.1340297989
751	1.2111206055	6.7813634672	5.5992351544
752	0.2015991211	-4.5330666261	0.0282706863
753	1.7095336914	9.0343275121	6.0264345887
754	1.6733093262	8.9085604024	6.0192587788
755	1.3355102539	7.5043951153	5.7933438412
756	2.3021850586	11.0793374910	5.8158517034
757	1.0848693848	5.8262320065	5.2941761031
758	0.0481262207	-1.0103889418	1.5347434996
759	1.5706176758	8.5347359138	5.9839396457
760	2.1906433105	10.6591612816	5.9047033444
761	2.1723937988	10.5933473604	5.9167321222
762	2.9245605469	14.4427622265	4.3956033011
763	0.6488342285	-1.1625123721	2.3758278949
764	1.1220092773	6.1365799100	5.3981176474
765	2.2442626953	10.8570180290	5.8654110581
766	0.5414123535	-3.8734878572	1.0523853021
767	3.8206176758	2.8507769358	-0.4652646668
768	0.2651062012	-5.7299934191	-0.4086171186
769	2.0459594727	10.1541990809	5.9829058522
770	2.6468505859	12.6723925795	5.3067190500
771	0.1711120605	-3.8536354288	0.3007544127
772	3.5500488281	12.9968275247	-1.8545125782
773	0.4251098633	-6.1074528470	-0.1919999238
774	1.1585693359	6.4167344747	5.4881930644
775	0.5614318848	-3.3785276554	1.3032226484
776	3.1408996582	16.0309417052	2.9866927269
777	2.5854187012	12.3461550523	5.4325584521
778	2.4490661621	11.6933161342	5.6509810360
779	1.1950988770	6.6745576857	5.5674991859
780	1.5335388184	8.3914084051	5.9651151285
781	1.9656066895	9.8857974152	6.0104831618
782	1.2555847168	7.0598901490	5.6785691769
783	0.8094482422	2.3099838037	3.9259888158
784	0.2780151367	-5.9189109585	-0.4678155721
785	3.7432250977	5.3527092485	-1.4593240683
786	3.2155151367	16.4708341174	2.2659753241
787	0.4920654297	-4.9949697088	0.4607926786
788	2.3264465332	11.1754580516	5.7927117115
789	1.9636535645	9.8793353418	6.0110198328
790	1.0263671875	5.2760702709	5.1008016916
791	1.1221313477	6.1375553602	5.3984377455
792	0.0055541992	-0.1117497066	1.9479264352
793	2.2940063477	11.0473510215	5.8233254419
794	2.2309570313	10.8072558188	5.8757282983
795	3.4368286133	15.7817840892	-0.5865537110
796	2.6143493652	12.4970880878	5.3757500834
797	2.4019775391	11.4876271960	5.7106652456
798	1.6276245117	8.7458676707	6.0064119076
799	0.7228393555	0.5781281745	3.1721341181
800	0.6467895508	-1.2133154980	2.3520146812
801	0.9597473145	4.5399634064	4.8272540485
802	1.3053894043	7.3444335912	5.7538823527
803	2.1326599121	10.4524165887	5.9406847264
804	3.6394348145	9.5639698495	-2.1425955641
805	1.2730102539	7.1625039973	5.7064412224
806	3.3040771484	16.7052289411	1.2246257200
807	2.6260375977	12.5594187724	5.3515843068
808	0.6441345215	-1.2794486780	2.3209657800
809	2.5346984863	12.0925355060	5.5226454543
810	3.8993835449	1.1349556659	0.6686050892
811	2.5363769531	12.1007137117	5.5198446389
812	0.3256225586	-6.3993420335	-0.5765077701
813	1.7039794922	9.0152040265	6.0255004190
814	0.5132141113	-4.5364237977	0.7073903125
815	0.7621765137	1.4082539873	3.5384914458
816	3.6841735840	7.6926998798	-1.9714966151
817	1.0102844238	5.1099326446	5.0404146265
818	3.2487487793	16.6080027478	1.8984988286
819	0.5833129883	-2.8245245205	1.5784586286
820	1.4033508301	7.8366294970	5.8677567427
821	2.0819396973	10.2766118217	5.9670029951
822	0.0505371094	-1.0633531641	1.5107035961
823	2.1026916504	10.3480397883	5.9567968325
824	0.8225708008	2.5419600397	4.0237798637
825	2.7002868652	12.9745023957	5.1798374097
826	1.4897460938	8.2147181514	5.9381576480
827	1.3123474121	7.3821424439	5.7633817824
828	0.5347900391	-4.0334047660	0.9702009143
829	3.1785583496	16.2706733982	2.6406895422
830	1.1743469238	6.5306382300	5.5236810152
831	2.7850952148	13.4914723704	4.9379358392
832	2.6091613770	12.4696739874	5.3862474121
833	2.3657226563	11.3352208825	5.7520235411
834	2.7840881348	13.4850557765	4.9411427359
835	3.9908142090	0.0645290065	1.8886228165
836	1.4387207031	7.9967518628	5.8995716639
837	1.2754211426	7.1764325023	5.7101643462
838	3.7308349609	5.8200353258	-1.5896646834
839	1.2378845215	6.9520083624	5.6484563053
840	0.2129516602	-4.7729360913	-0.0647025642
841	2.3398742676	11.2294821097	5.7792617850
842	3.4437255859	15.6710187420	-0.6794700940
843	2.2395935059	10.8395031870	5.8690753202
844	2.0155639648	10.0519855188	5.9946096506
845	2.2887878418	11.0270479991	5.8280100756
846	0.2791748047	-5.9347677536	-0.4725545686
847	0.3055419922	-6.2412624761	-0.5528221133
848	0.5470275879	-3.7362470162	1.1224512293
849	3.6532897949	8.9845412710	-2.1119315255
850	1.0561828613	5.5665436653	5.2042385909
851	0.1580810547	-3.5524656698	0.4250605816
852	3.4723510742	15.1309752148	-1.0511501851
853	3.8947448730	1.2135340227	0.6024589373
854	1.2163391113	6.8153802998	5.6091961298
855	3.3736267090	16.4786705621	0.2893117656
856	3.3936462402	16.3161983125	0.0102947037
857	2.1587829590	10.5447208220	5.9252773919
858	2.6091918945	12.4698347969	5.3861860683
859	0.4491882324	-5.7779491315	0.0146482701
860	1.4478454590	8.0367968225	5.9070810611
861	0.6540832520	-1.0326239864	2.4365604674
862	2.9022216797	14.2825220308	4.4972998656
863	0.4936828613	-4.9613386344	0.4791566553
864	2.5292358398	12.0660177447	5.5316795542
865	0.6564331055	-0.9747352947	2.4635583589
866	1.6160583496	8.7038278634	6.0024514897
867	1.5443725586	8.4338365676	5.9709788954
868	2.1373291016	10.4688204025	5.9380252873
869	2.1374206543	10.4691424456	5.9379727342
870	1.7846069336	9.2883406050	6.0334432315
871	0.5082397461	-4.6477302938	0.6482276904
872	1.8493041992	9.5027542969	6.0315105804
873	3.0185852051	15.1396055152	3.8886251578
874	1.2403259277	6.9671159319	5.6527216044
875	0.7285156250	0.7023203720	3.2275048098
876	2.4178161621	11.5557996356	5.6913728717
877	3.0500793457	15.3761759158	3.6856931239
878	3.5242004395	13.8130017870	-1.6314663548
879	0.1759338379	-3.9637760330	0.2557896940
880	3.4935607910	14.6449466197	-1.3062735266
881	2.3148193359	11.1291580974	5.8039849317
882	2.4209899902	11.5695814358	5.6874136106
883	0.2651367188	-5.7304659881	-0.4087706605
884	2.9729309082	14.7977898978	4.1518989577
885	0.3572082520	-6.5033933903	-0.5443177218
886	0.1195068359	-2.6459533483	0.8095482879
887	0.2962646484	-6.1456401240	-0.5307381243
888	3.9707641602	0.2294933925	1.6376988052
889	3.9370727539	0.5897667647	1.1934745737
890	1.9974975586	9.9916611183	6.0008289306
891	0.5211791992	-4.3543102343	0.8033537608
892	0.4179382324	-6.1877956627	-0.2461085265
893	1.4086608887	7.8611902250	5.8728175525
894	2.0320129395	10.1071776677	5.9884704347
895	2.8349304199	13.8173597484	4.7677277930
896	0.2839355469	-5.9978549608	-0.4909760728
897	3.7244567871	6.0663927925	-1.6524770326
898	3.8345336914	2.4864081663	-0.2668713559
899	0.0921630859	-2.0061127711	1.0888630533
900	0.4247131348	-6.1121192417	-0.1950872108
901	3.0641174316	15.4810262949	3.5891261565
902	2.3110961914	11.1144243497	5.8075229231
903	3.0484924316	15.3642880732	3.6963656887
904	1.0551757813	5.5570858289	5.2009161626
905	3.0883483887	15.6599944682	3.4129989836
906	2.9473571777	14.6088554531	4.2849420382
907	1.9270324707	9.7585025146	6.0199218362
908	0.8468627930	2.9510710715	4.1942028873
909	0.8179626465	2.4613887695	3.9899068742
910	0.7189331055	0.4918197986	3.1335394739
911	0.6096191406	-2.1522795429	1.9057160200
912	0.6506652832	-1.1171139813	2.3970796229
913	0.1374816895	-3.0695995098	0.6280825279
914	1.6264648438	8.7416693283	6.0060280864
915	0.4533691406	-5.7119317255	0.0541307027
916	0.8445129395	2.9126262508	4.1783027402
917	1.9243774414	9.7497610001	6.0204816856
918	2.8557128906	13.9580387598	4.6895584493
919	2.7319641113	13.1621008848	5.0958045983
920	2.3058471680	11.0937266674	5.8124525438
921	0.8027648926	2.1888144093	3.8745896737
922	3.5628051758	12.5585962608	-1.9440670020
923	3.7021789551	6.9530969998	-1.8464945361
924	1.0095214844	5.1018781443	5.0374656328
925	2.5223388672	12.0327508911	5.5429102923
926	1.2843933105	7.2277136450	5.7237444195
927	1.2951965332	7.2883315179	5.7395327449
928	0.2502441406	-5.4862622703	-0.3266056055
929	2.9623718262	14.7194858850	4.2080164534
930	3.9727478027	0.2116257199	1.6629911595
931	2.4330139160	11.6221678683	5.6721245025
932	1.4903564453	8.2172421647	5.9385707849
933	1.7605285645	9.2076569455	6.0323093905
934	1.6559448242	8.8473115135	6.0148893469
935	3.9699707031	0.2367390436	1.6275537364
936	3.8324584961	2.5390330731	-0.2966317505
937	0.5668334961	-3.2426986566	1.3712096273
938	0.7230224609	0.5821570908	3.1739334481
939	2.2589416504	10.9124603272	5.8535781974
940	0.1170959473	-2.5891955079	0.8340786311
941	2.9224548340	14.4275462139	4.4054669970
942	0.8341369629	2.7399961638	4.1066087855
943	1.3430175781	7.5429845245	5.8025272862
944	0.6453552246	-1.2490198929	2.3352588394
945	3.7638244629	4.6125888672	-1.2210333873
946	2.4557189941	11.7231273802	5.6419658862
947	1.7715759277	9.2447525409	6.0329572703
948	0.5265502930	-4.2290355153	0.8688110536
949	3.5513305664	12.9538044183	-1.8641585729
950	2.0206604004	10.0690568529	5.9927563075
951	3.0420227051	15.3157678849	3.7393748694
952	0.6508789063	-1.1118235875	2.3995544217
953	1.0233764648	5.2456953571	5.0898250815
954	2.7133789063	13.0512525718	5.1459560699
955	3.6659851074	8.4519939892	-2.0660024167
956	1.2870483398	7.2427239829	5.7276809348
957	0.5751953125	-3.0310960990	1.4764575519
958	1.8800964355	9.6041152102	6.0281125860
959	0.8607482910	3.1734230207	4.2856780983
960	3.3050537109	16.7050849890	1.2120858495
961	1.2627868652	7.1027211142	5.6902966401
962	2.0638732910	10.2149344002	5.9752691658
963	1.8657836914	9.5570284044	6.0298879379
964	0.0236816406	-0.4855485702	1.7748514690
965	2.4317932129	11.6168018467	5.6736978260
966	2.6649169922	12.7725623935	5.2657757933
967	3.8839416504	1.4068954753	0.4474782614
968	0.6831665039	-0.3289582741	2.7618725092
969	1.9715270996	9.9053991627	6.0088179769
970	1.2255249023	6.8743696092	5.6262959741
971	0.6481018066	-1.1806975417	2.3673076875
972	3.5430603027	13.2272866836	-1.7994699372
973	0.1936950684	-4.3612888261	0.0959839079
974	1.3404846191	7.5300192011	5.7994568632
975	2.6123657227	12.4865880296	5.3797801794
976	2.6045837402	12.4456125733	5.3953951775
977	3.3364257813	16.6581472027	0.7990584320
978	2.1920166016	10.6641434527	5.9037712745
979	2.7685852051	13.3871272188	4.9894240541
980	2.9584960938	14.6908440099	4.2281913514
981	0.6931762695	-0.0939148434	2.8691599861
982	0.7100524902	0.2930855151	3.0443165673
983	1.0877685547	5.8514703978	5.3027788329
984	3.7577514648	4.8256899733	-1.2938414818
985	2.3665466309	11.3386304609	5.7511252657
986	0.3573913574	-6.5034621509	-0.5438799322
987	3.5864257813	11.6928237003	-2.0697637061
988	2.8150024414	13.6850851724	4.8385865952
989	2.6473388672	12.6750739258	5.3056373983
990	0.5397644043	-3.9134886117	1.0318841525
991	3.0179748535	15.1350161820	3.8923785108
992	0.8253784180	2.5905810764	4.0441723828
993	0.0182495117	-0.3721024292	1.8271981709
994	2.6411437988	12.6411601750	5.3192605279
995	0.1892700195	-4.2636249154	0.1348626645
996	1.2141418457	6.8011025891	5.6050240740
997	0.7829895020	1.8181578914	3.7160453905
998	1.6836853027	8.9448471313	6.0215783038
999	3.9017944336	1.0951510706	0.7028744181
1000	2.6092224121	12.4699956118	5.3861247197
