0	0.9243774414	7.6804371301	9.3623199704
1	0.6998596191	-10.8574814915	22.2835578426
2	0.9542541504	8.0131134952	9.1209321523
3	0.1774902344	4.7530640212	4.8834057544
4	0.7014770508	-9.9654178719	21.6632444126
5	0.0701904297	1.9967778525	3.1370756869
6	0.4403991699	12.3993628069	5.3942986320
7	0.8209533691	5.6031814655	10.8340818103
8	0.9212341309	7.6411244168	9.3906766364
9	0.0457763672	1.4309857163	2.7534423109
10	0.4657897949	13.1113873280	5.0677947584
11	0.6458740234	56.2299237693	-24.4460106852
12	0.2293701172	6.4250149982	5.5485201195
13	0.4144287109	11.7221511271	5.6475648916
14	0.9098205566	7.4902628131	9.4992122585
15	0.6683959961	-131.9183452453	106.5324262344
16	0.6852111816	-24.7976659950	31.9802470988
17	0.9372253418	7.8320699260	9.2526305453
18	0.6612548828	490.7657767979	-326.8940664341
19	0.2392272949	6.7482676007	5.6446287982
20	0.6095581055	24.7339888019	-2.5637131382
21	0.9773864746	8.2286483133	8.9629114557
22	0.2784729004	8.0049607513	5.9191930864
23	0.9851684570	8.2944279920	8.9143768827
24	0.0571289063	1.7008393517	2.9310790688
25	0.7543029785	1.8803605654	13.4289931756
26	0.2745361328	7.8822042842	5.8994758983
27	0.3753356934	10.7271786492	5.9030208807
28	0.9143676758	7.5519496745	9.4548845114
29	0.2222595215	6.1914388933	5.4726509353
30	0.0273742676	0.9439831027	2.4633125161
31	0.9126892090	7.5294318432	9.4710737598
32	0.6220092773	29.2575994678	-5.6964271806
33	0.5744628906	18.7464453761	1.5447382811
34	0.3149414063	9.0959516085	6.0221109344
35	0.9504089355	7.9740431718	9.1494272233
36	0.5227355957	15.1792568434	3.8890219319
37	0.3719482422	10.6400232028	5.9185776886
38	0.4754028320	13.4030252885	4.9191818220
39	0.1333312988	3.4861438126	4.1753785244
40	0.8339233398	5.9966974176	10.5579499406
41	0.2974243164	8.5826718895	5.9903055557
42	0.1922302246	5.2157851610	5.0964968163
43	0.4642944336	13.0673251514	5.0895599897
44	0.2452392578	6.9445667580	5.6979575233
45	0.5341796875	15.7500141001	3.5289389223
46	0.9043579102	7.4131916866	9.5545001136
47	0.9955444336	8.3775022966	8.8528509386
48	0.1412048340	3.6967042296	4.3062327990
49	0.7700805664	3.1707331319	12.5313890510
50	0.8414306641	6.1990700380	10.4156297158
51	0.1452636719	3.8079694014	4.3732337570
52	0.4490661621	12.6348442827	5.2925731259
53	0.8263854980	5.7753764274	10.7133412474
54	0.6838378906	-27.1013157026	33.5830213093
55	0.6387634277	42.6301058476	-14.9863815028
56	0.1112670898	2.9319127333	3.8067168971
57	0.9116821289	7.5157803605	9.4808839622
58	0.8480224609	6.3636236339	10.2997164885
59	0.0751342773	2.1069459240	3.2158280892
60	0.1831359863	4.9284759116	4.9669128294
61	0.5007934570	14.2662865150	4.4404168602
62	0.3964538574	11.2652309058	5.7826523669
63	0.1184387207	3.1065514380	3.9264403558
64	0.5556335449	17.0930632705	2.6533292382
65	0.8387145996	6.1277898010	10.4657857587
66	0.5729064941	18.5854950976	1.6535835015
67	0.3142395020	9.0757729825	6.0214427221
68	0.3028869629	8.7449077549	6.0036438830
69	0.0694274902	1.9797270269	3.1249654837
70	0.9625854492	8.0944421012	9.0614758937
71	0.5310058594	15.5835796278	3.6348896636
72	0.6549987793	109.5451081173	-61.5486615683
73	0.9899291992	8.3331771232	8.8857119032
74	0.2773132324	7.9688929642	5.9135640544
75	0.0264587402	0.9174589922	2.4486438819
76	0.5954895020	21.6082026106	-0.4090145197
77	0.4290466309	12.0992550356	5.5140223365
78	0.7656250000	2.8458070016	12.7575003887
79	0.1389770508	3.6364202100	4.2693103044
80	0.0841979980	2.3087340007	3.3615487452
81	0.2513427734	7.1428242866	5.7479426315
82	0.2479553223	7.0329366457	5.7207198450
83	0.6040954590	23.3465280494	-1.6057310149
84	0.9047241211	7.4184635869	9.5507214885
85	0.9861450195	8.3024664668	8.9084350058
86	0.7767639160	3.6113096373	12.2246616490
87	0.4958496094	14.0850802332	4.5450175989
88	0.1372375488	3.5897372992	4.2404189874
89	0.0812377930	2.2427300603	3.3137595052
90	0.9217834473	7.6480610466	9.3856754872
91	0.7930908203	4.5009474952	11.6046006453
92	0.2560119629	7.2936169220	5.7833384393
93	0.7820129395	3.9233383898	12.0073079719
94	0.6801147461	-35.1913068245	39.2121403031
95	0.5711059570	18.4056963163	1.7749826249
96	0.8522033691	6.4622323834	10.2301639533
97	0.6351623535	38.3988009997	-12.0447311680
98	0.0113220215	0.4339704779	2.1993997782
99	0.8178100586	5.4981821523	10.9076452866
100	0.9814147949	8.2630867585	8.9375209603
101	0.6177368164	27.4275855651	-4.4278548122
102	0.9976806641	8.3939874863	8.8406094755
103	0.8753051758	6.9391647679	9.8925891638
104	0.1363525391	3.5661169255	4.2257014808
105	0.8909301758	7.2086106461	9.7007944255
106	0.6293029785	33.4472323545	-8.6043292216
107	0.5061950684	14.4733078057	4.3187032202
108	0.8446044922	6.2797442803	10.3588247357
109	0.1791076660	4.8030639303	4.9075530928
110	0.2143554688	5.9321982202	5.3821021427
111	0.5849914551	19.9943120540	0.6963637448
112	0.8911132813	7.2115566803	9.6986921619
113	0.7736206055	3.4105924221	12.3644220970
114	0.4140319824	11.7120139889	5.6508842421
115	0.4146118164	11.7268311035	5.6460275970
116	0.1659545898	4.4029740986	4.7064913434
117	0.1617431641	4.2782557673	4.6400878009
118	0.9029235840	7.3923938593	9.5694024165
119	0.6677246094	-151.6432432923	120.2615803158
120	0.1369934082	3.5832125425	4.2363601644
121	0.2805786133	8.0702496449	5.9290331242
122	0.6540527344	98.9018266158	-54.1411090112
123	0.9530639648	8.0011271444	9.1296786728
124	0.9474487305	7.9432709659	9.1718407037
125	0.3959655762	11.2528463675	5.7858955677
126	0.8490600586	6.3884961930	10.2821797007
127	0.0070495605	0.2788364084	2.1258406083
128	0.1386718750	3.6282056059	4.2642453252
129	0.6064147949	23.9034393388	-1.9900148998
130	0.4133911133	11.6956465146	5.6562132280
131	0.5099792480	14.6245781821	4.2284128782
132	0.9977111816	8.3942215151	8.8404356124
133	0.9719238281	8.1805626316	8.9982948713
134	0.1763305664	4.7173455994	4.8659862488
135	0.5275878906	15.4116040984	3.7435816159
136	0.5299987793	15.5321522187	3.6674798715
137	0.2680053711	7.6766554802	5.8629460845
138	0.6564025879	131.0615520377	-76.5241776416
139	0.5773315430	19.0575303931	1.3339401427
140	0.0570068359	1.6980167415	2.9291648617
141	0.3644714355	10.4463618973	5.9492626602
142	0.4712219238	13.2743065061	4.9857214296
143	0.3199157715	9.2380399119	6.0254283209
144	0.4389038086	12.3593485613	5.4109196193
145	0.2294616699	6.4280219268	5.5494616453
146	0.3728637695	10.6636115828	5.9144748502
147	0.8756103516	6.9447934770	9.8885915997
148	0.9222412109	7.6538199008	9.3815227396
149	0.5582885742	17.2929367373	2.5206769199
150	0.9080200195	7.4652259763	9.5171839964
151	0.7657165527	2.8527616512	12.7526615046
152	0.6124877930	25.5997376528	-3.1623530985
153	0.0272521973	0.9404617633	2.4613586501
154	0.7030029297	-9.1895200051	21.1237368830
155	0.4788513184	13.5115984842	4.8619593186
156	0.5719299316	18.4871493887	1.7200120983
157	0.1727600098	4.6080806090	4.8118161482
158	0.3740234375	10.6934547266	5.9091697755
159	0.6625671387	2473.3492265298	-1706.8778298364
160	0.5420227051	16.1927191445	3.2439445956
161	0.8950195313	7.2733353457	9.6545788543
162	0.0623168945	1.8196431006	3.0125933003
163	0.9395446777	7.8579932838	9.2338244545
164	0.2912902832	8.3981711621	5.9715504706
165	0.5870666504	20.2791567437	0.5018157863
166	0.5942993164	21.4012676742	-0.2669117901
167	0.3491210938	10.0418017160	5.9964084662
168	0.5878601074	20.3920628654	0.4246270557
169	0.8886718750	7.1718967112	9.7269830333
170	0.2667541504	7.6370165201	5.8554003071
171	0.4137268066	11.7042187555	5.6534269388
172	0.7971496582	4.6892386814	11.4731981157
173	0.0651855469	1.8845279337	3.0578262245
174	0.2569274902	7.3230838878	5.7899892742
175	0.8301086426	5.8871145822	10.6349196967
176	0.1045227051	2.7719568568	3.6946145360
177	0.0114746094	0.4393371677	2.2019946756
178	0.6576843262	160.8490963008	-97.2569369634
179	0.7859497070	4.1402490366	11.8561390550
180	0.3629760742	10.4073900192	5.9547954418
181	0.8807983398	7.0381480821	9.8222367438
182	0.1377868652	3.6044425033	4.2495479314
183	0.9011535645	7.3663951947	9.5880213280
184	0.5657043457	17.9037110440	2.1127035453
185	0.3388366699	9.7643659923	6.0158761193
186	0.2268371582	6.3418102884	5.5221128348
187	0.7942810059	4.5573375331	11.5652552806
188	0.9438781738	7.9053214340	9.1994472317
189	0.4424133301	12.4535266801	5.3714873487
190	0.2256469727	6.3027098825	5.5094668747
191	0.2739868164	7.8650051245	5.8965873428
192	0.6891784668	-19.4923809878	28.2893898442
193	0.1435241699	3.7600582782	4.3445653317
194	0.7413024902	0.4339874734	14.4344462820
195	0.1553344727	4.0919162498	4.5374925377
196	0.3015747070	8.7061142125	6.0007262089
197	0.4182434082	11.8198360529	5.6148428908
198	0.8472595215	6.3451619247	10.3127303345
199	0.7012939453	-10.0626502735	21.7308551863
200	0.5618896484	17.5792542408	2.3298816849
201	0.0205688477	0.7400796410	2.3533495140
202	0.8686218262	6.8118494332	9.9829175259
203	0.6891784668	-19.4923809878	28.2893898442
204	0.1295166016	3.3866215241	4.1117005310
205	0.8613281250	6.6634503747	10.0879974907
206	0.7921752930	4.4568806835	11.6353434272
207	0.1018676758	2.7100072038	3.6506629652
208	0.7649536133	2.7944318986	12.7932450567
209	0.0121765137	0.4638767509	2.2139046211
210	0.3016662598	8.7088244251	6.0009356232
211	0.4443969727	12.5071866492	5.3485382189
212	0.1776733398	4.7587138255	4.8861481549
213	0.3344116211	9.6432002529	6.0211977110
214	0.4378662109	12.3316783229	5.4222970710
215	0.6853637695	-24.5590535879	31.8142357222
216	0.4985656738	14.1837075572	4.4883209787
217	0.7329101563	-0.7807772198	15.2787016103
218	0.8837585449	7.0895144148	9.7856815916
219	0.8232116699	5.6761454752	10.7829362199
220	0.3777465820	10.7890169598	5.8913205183
221	0.0350646973	1.1571938644	2.5854022486
222	0.8746948242	6.9278603007	9.9006166307
223	0.0776367188	2.1626036687	3.2558829146
224	0.7070922852	-7.3731028568	19.8608309491
225	0.4945983887	14.0403696840	4.5705268720
226	0.7335815430	-0.6731083196	15.2038748637
227	0.7061767578	-7.7500954170	20.1229305909
228	0.9680480957	8.1454378601	9.0240923029
229	0.9205627441	7.6326075427	9.3968157682
230	0.0309448242	1.0450054644	2.5202217343
231	0.4454040527	12.5345557580	5.3367006222
232	0.2040710449	5.5968504337	5.2549585978
233	0.4312438965	12.1567349662	5.4919873859
234	0.3701782227	10.5943458938	5.9262962142
235	0.5775146484	19.0780569647	1.3200126090
236	0.6184997559	27.7287929840	-4.6365604729
237	0.8329772949	5.9699659039	10.5767316844
238	0.7976989746	4.7138711333	11.4560024334
239	0.6215209961	29.0295111427	-5.5382481681
240	0.7971191406	4.6878644430	11.4741574197
241	0.6242065430	30.3546257483	-6.4574360474
242	0.8380432129	6.1098394962	10.4784115478
243	0.6498413086	70.2502592088	-34.2015063768
244	0.5557556152	17.1020562084	2.6473710519
245	0.6241760254	30.3385434835	-6.4462773000
246	0.1540222168	4.0542924861	4.5162805394
247	0.2297058105	6.4360401810	5.5519679466
248	0.4130249023	11.6862979146	5.6592400811
249	0.2270812988	6.3498307638	5.5246881497
250	0.8320007324	5.9420675993	10.5963291590
251	0.9894104004	8.3290074979	8.8887991556
252	0.6879882813	-20.9082209137	29.2743319872
253	0.2807617188	8.0759144602	5.9298656011
254	0.2918701172	8.4157156968	5.9734960357
255	0.8098754883	5.2137219087	11.1067390831
256	0.2227478027	6.2074750345	5.4780324631
257	0.5907287598	20.8201786448	0.1315968158
258	0.8223266602	5.6477909029	10.8028145863
259	0.6409301758	45.8428172983	-17.2205335023
260	0.7301025391	-1.2540766006	15.6076291687
261	0.0490722656	1.5110725537	2.8049749642
262	0.7409973145	0.3943344326	14.4620065416
263	0.9428100586	7.8937874301	9.2078302788
264	0.7663269043	2.8988170339	12.7206164519
265	0.3882751465	11.0576064270	5.8340802290
266	0.1796264648	4.8191456806	4.9152611646
267	0.7525634766	1.7107952677	13.5468917470
268	0.3286132813	9.4826878761	6.0253404715
269	0.5602416992	17.4459520098	2.4188179776
270	0.4941711426	14.0252040035	4.5791514468
271	0.3753967285	10.7287460527	5.9027311181
272	0.0779724121	2.1700694436	3.2612662948
273	0.7401123047	0.2775909154	14.5431465122
274	0.2999572754	8.6581427120	5.9968813255
275	0.7011108398	-10.1608102602	21.7991113692
276	0.1866760254	5.0396649200	5.0181110663
277	0.9552001953	8.0225738670	9.1140259740
278	0.1319580078	3.4501296797	4.1524695035
279	0.1454772949	3.8138765315	4.3767492858
280	0.8110656738	5.2582808755	11.0755701762
281	0.3388977051	9.7660294267	6.0157897621
282	0.7297363281	-1.3187112552	15.6525480767
283	0.2167663574	6.0111806410	5.4103996277
284	0.1890869141	5.1158746645	5.0524350581
285	0.0095825195	0.3719628112	2.1696665245
286	0.9478149414	7.9471112956	9.1690449247
287	0.7070007324	-7.4101016468	19.8865536086
288	0.3630676270	10.4097785218	5.9544624998
289	0.5745544434	18.7560790939	1.5382184050
290	0.2907409668	8.3815301337	5.9696738532
291	0.5083618164	14.5592574185	4.2675345614
292	0.5272521973	15.3950974471	3.7539693525
293	0.2588500977	7.3848502888	5.8036469609
294	0.0731811523	2.0634737664	3.1846570227
295	0.0548095703	1.6469609261	2.8947329298
296	0.0006103516	0.0253819312	2.0111480190
297	0.6592712402	226.9989894441	-143.2996385239
298	0.2052001953	5.6335094736	5.2694128657
299	0.3881530762	11.0545029236	5.8348014286
300	0.8243103027	5.7109237579	10.7585496869
301	0.1231689453	3.2245487477	4.0055544140
302	0.6022949219	22.9429940333	-1.3275169042
303	0.8498229980	6.4066141160	10.2694025354
304	0.9844665527	8.2886211930	8.9186676577
305	0.7524719238	1.7016911867	13.5532215596
306	0.2206726074	6.1393327220	5.4549885098
307	0.3969726563	11.2783889397	5.7791822367
308	0.2599182129	7.4190959664	5.8110536555
309	0.0325317383	1.0887433822	2.5453819505
310	0.7173156738	-4.0204858152	17.5302853858
311	0.5440368652	16.3144711052	3.1648558608
312	0.6945800781	-14.4003171651	24.7474348572
313	0.0859375000	2.3476169480	3.3897209782
314	0.7351684570	-0.4264827433	15.0324761533
315	0.9290771484	7.7375425718	9.3210709849
316	0.6954650879	-13.7266022142	24.2788640835
317	0.5516357422	16.8083735883	2.8414068323
318	0.8132934570	5.3398400351	11.0185031036
319	0.5053405762	14.4398853019	4.3385030404
320	0.7550048828	1.9469961253	13.3826590259
321	0.0886230469	2.4078359842	3.4333448106
322	0.9220275879	7.6511348798	9.3834590105
323	0.3573608398	10.2602465627	5.9737663597
324	0.7989196777	4.7679147589	11.4182703840
325	0.5049743652	14.4256412541	4.3469243238
326	0.6231689453	29.8215851951	-6.0876211941
327	0.1427001953	3.7374817778	4.3309606734
328	0.1588745117	4.1943207482	4.5943796129
329	0.5117492676	14.6972470135	4.1846622261
330	0.8550720215	6.5274853344	10.1840975586
331	0.1581420898	4.1730260486	4.5826519087
332	0.1699829102	4.5238680402	4.7691506618
333	0.1018371582	2.7092982322	3.6501584428
334	0.3427734375	9.8712337008	6.0095891153
335	0.0311584473	1.0509332056	2.5236130190
336	0.3935852051	11.1924596181	5.8013904604
337	0.5538940430	16.9668877494	2.7368181867
338	0.6333618164	36.6689933453	-10.8425362278
339	0.0363159180	1.1904246359	2.6051170439
340	0.4648742676	13.0843721662	5.0811617179
341	0.0612487793	1.7953518591	2.9957826659
342	0.7558593750	2.0267808999	13.3271797338
343	0.0366516113	1.1992777229	2.6104010130
344	0.5655822754	17.8929654535	2.1199111980
345	0.9857788086	8.2994575464	8.9106594204
346	0.5065002441	14.4853083746	4.3115804379
347	0.0502014160	1.5381461308	2.8226299321
348	0.5215759277	15.1256281856	3.9223416875
349	0.7369384766	-0.1637319366	14.8498683036
350	0.3589782715	10.3027649042	5.9685948492
351	0.4412231445	12.4214828131	5.3850259526
352	0.5255126953	15.3106149074	3.8070056738
353	0.2755126953	7.9127384859	5.9045279398
354	0.9994201660	8.4072616028	8.8307444030
355	0.7367553711	-0.1903358615	14.8683577789
356	0.4845886230	13.6975563840	4.7617664776
357	0.2425537109	6.8569873835	5.6746354948
358	0.4866943359	13.7676200628	4.7233411718
359	0.0679016113	1.9455673286	3.1007777237
360	0.9931030273	8.3584095817	8.8670150287
361	0.7133483887	-5.1612183861	18.3231910894
362	0.0374450684	1.2201009658	2.6228820628
363	0.2363281250	6.6533312442	5.6174718350
364	0.9301452637	7.7502506078	9.3118818952
365	0.5763549805	18.9494434819	1.4072421705
366	0.4363403320	12.2911218654	5.4387999096
367	0.4057006836	11.4998496549	5.7170220297
368	0.6822509766	-30.1695948846	35.7178918637
369	0.5369262695	15.8997023415	3.4330632518
370	0.0712280273	2.0199405005	3.1535635067
371	0.4179077148	11.8112230694	5.6177813739
372	0.9910583496	8.3422081290	8.8790229127
373	0.7464294434	1.0573853550	14.0011371511
374	0.5932617188	21.2264613032	-0.1469451367
375	0.7347106934	-0.4965188040	15.0811496838
376	0.4259948730	12.0198251120	5.5437537022
377	0.0560302734	1.6753846974	2.9138564304
378	0.2019653320	5.5286160176	5.2276882398
379	0.0039367676	0.1594648503	2.0710292985
380	0.4818725586	13.6086540127	4.8099997288
381	0.8956604004	7.2832795889	9.6474729171
382	0.5555725098	17.0885737238	2.6563033712
383	0.2510070801	7.1319518911	5.7453027604
384	0.3015441895	8.7052106855	6.0006562087
385	0.7778015137	3.6752030429	12.1801637050
386	0.3060913086	8.8391583178	6.0100133285
387	0.6953125000	-13.8401444480	24.3578320299
388	0.0236511230	0.8344152410	2.4034331308
389	0.4266357422	12.0364688159	5.5375933669
390	0.2593994141	7.4024686237	5.8074722549
391	0.1916503906	5.1973104247	5.0884289180
392	0.7552185059	1.9670785689	13.3686946704
393	0.5316467285	15.6166460001	3.6138972773
394	0.1605224609	4.2424361075	4.6206824080
395	0.2965698242	8.5571169887	5.9879338341
396	0.1692199707	4.5008550887	4.7573515996
397	0.1267395020	3.3151780818	4.0652784250
398	0.1036682129	2.7519599823	3.6804569294
399	0.9597778320	8.0675271364	9.0811741166
400	0.7274169922	-1.7449252998	15.9487533399
401	0.5941467285	21.3752402169	-0.2490452247
402	0.5675048828	18.0651638759	2.0042934996
403	0.8406677246	6.1792608703	10.4295715075
404	0.5279235840	15.4281777018	3.7331436285
405	0.2931518555	8.4544215782	5.9776683393
406	0.0752258301	2.1089826941	3.2172911757
407	0.2495117188	7.0834730391	5.7333885692
408	0.7778015137	3.6752030429	12.1801637050
409	0.8142395020	5.3737675720	10.9947573856
410	0.4797363281	13.5398357708	4.8469191678
411	0.7141113281	-4.9282204983	18.1612323930
412	0.8908386230	7.2071359142	9.7018467352
413	0.8577880859	6.5875520985	10.1416618785
414	0.8738098145	6.9113564614	9.9123336916
415	0.1709899902	4.5543265702	4.7846747410
416	0.2100830078	5.7925246430	5.3305281329
417	0.7380981445	0.0017866471	14.7348335531
418	0.1252441406	3.2770558183	4.0402687494
419	0.7819213867	3.9181269619	12.0109391247
420	0.3556213379	10.2143917995	5.9790628045
421	0.5122985840	14.7200589076	4.1708800896
422	0.0370483398	1.2097071518	2.6166429646
423	0.3753356934	10.7271786492	5.9030208807
424	0.1971740723	5.3740646247	5.1641472846
425	0.7341613770	-0.5817361143	15.1403736357
426	0.1325073242	3.4645101214	4.1616353994
427	0.5126342773	14.7340612400	4.1624092151
428	0.4516601563	12.7066581522	5.2602644523
429	0.8331298828	5.9742969442	10.5736889268
430	0.0654602051	1.8907161979	3.0621639060
431	0.1797485352	4.8229326873	4.9170721613
432	0.9060363770	7.4372286152	9.5372678937
433	0.1181335449	3.0990174973	3.9213386632
434	0.6553649902	114.3838066992	-64.9163706702
435	0.1033325195	2.7441196051	3.6748981432
436	0.2648620605	7.5769245141	5.8436542928
437	0.4065246582	11.5207848019	5.7107808229
438	0.5474548340	16.5295334792	3.0245013082
439	0.6923828125	-16.2472271056	26.0320364521
440	0.6229248047	29.7001543680	-6.0033857261
441	0.2779846191	7.9897838959	5.9168411660
442	0.4980163574	14.1635823453	4.4999366424
443	0.6045532227	23.4530071607	-1.6791767291
444	0.5628662109	17.6601453435	2.2758272735
445	0.9534301758	8.0048253516	9.1269804992
446	0.2843627930	8.1869099879	5.9454868921
447	0.9375000000	7.8351618616	9.2503883596
448	0.8780517578	6.9892672187	9.8569931840
449	0.7989501953	4.7692537256	11.4173354639
450	0.2401123047	6.7772165651	5.6527327803
451	0.0453796387	1.4212313499	2.7472377689
452	0.9199218750	7.6244377334	9.4027033536
453	0.4546203613	12.7894645013	5.2222947274
454	0.4153137207	11.7447788211	5.6401036331
455	0.9802551270	8.2532592614	8.9447707886
456	0.5709228516	18.3877811604	1.7870671180
457	0.5885314941	20.4894078237	0.3580449085
458	0.3616333008	10.3723208402	5.9595916035
459	0.5584106445	17.3023475703	2.5144197253
460	0.8419189453	6.2116619682	10.4067661637
461	0.2755737305	7.9146450743	5.9048401607
462	0.5424499512	16.2182500840	3.2273833148
463	0.0518798828	1.5780781205	2.8488802620
464	0.0950927734	2.5541799092	3.5390683389
465	0.0014953613	0.0617468214	2.0272214290
466	0.3680114746	10.5382926165	5.9353612767
467	0.5047912598	14.4185370173	4.3511206077
468	0.8913879395	7.2159671781	9.6955446418
469	0.2915954590	8.4074078189	5.9725789693
470	0.8556823730	6.5411262372	10.1744632223
471	0.6746826172	-56.1435023541	53.7929351825
472	0.4633178711	13.0387219739	5.1035873720
473	0.9648437500	8.1157402216	9.0458727468
474	0.9150085449	7.5604710179	9.4487555949
475	0.5990905762	22.2799413630	-0.8708796740
476	0.8125000000	5.3110626943	11.0386411627
477	0.0126953125	0.4818612537	2.2226801088
478	0.2579345703	7.3554573221	5.7971955218
479	0.7868652344	4.1887615382	11.8223205529
480	0.4324035645	12.1871779002	5.4801423588
481	0.1029357910	2.7348648470	3.6683309906
482	0.9338378906	7.7934386436	9.2806256678
483	0.0345153809	1.1424858632	2.5767363079
484	0.6560363770	124.5983766769	-72.0257413036
485	0.7087097168	-6.7437061486	19.4232662561
486	0.4899291992	13.8773112156	4.6624834004
487	0.8677368164	6.7943880991	9.9952928539
488	0.6284179688	32.8450081507	-8.1861179842
489	0.8623046875	6.6839286477	10.0735093984
490	0.7560729980	2.0465020848	13.3134660221
491	0.6076965332	24.2308893255	-2.2161206848
492	0.9044799805	7.4149507016	9.5532393944
493	0.5341796875	15.7500141001	3.5289389223
494	0.2552795410	7.2700188324	5.7779494070
495	0.0625610352	1.8251846279	3.0164380232
496	0.6715087891	-80.5932712653	70.8093789246
497	0.6367492676	40.1202001918	-13.2413263709
498	0.2386474609	6.7292925581	5.6392720290
499	0.8438110352	6.2598330314	10.3728487665
500	0.5969238281	21.8672120891	-0.5870007555
501	0.6534423828	93.1666481301	-50.1496013094
502	0.3455810547	9.9469360014	6.0042202496
503	0.3077087402	8.8864747945	6.0128238824
504	0.3009338379	8.6871272518	5.9992356696
505	0.8924255371	7.2325370191	9.6837172299
506	0.8889465332	7.1763997746	9.7237719287
507	0.1215820313	3.1847038352	3.9790077297
508	0.4541015625	12.7748833079	5.2290354624
509	0.3656311035	10.4765270067	5.9448330885
510	0.7652282715	2.8155289967	12.7785667686
511	0.4554443359	12.8126848988	5.2115124783
512	0.5001220703	14.2412350321	4.4549898138
513	0.2926635742	8.4396889698	5.9760997179
514	0.9896850586	8.3312165409	8.8871636307
515	0.7981872559	4.7356027688	11.4408306771
516	0.0033874512	0.1378025705	2.0612382916
517	0.2296142578	6.4330333744	5.5510288397
518	0.8565368652	6.5600835870	10.1610714287
519	0.3991088867	11.3325672305	5.7646296510
520	0.6216430664	29.0860314464	-5.5774433376
521	0.8230590820	5.6712784863	10.7863485342
522	0.7240295410	-2.4249416386	16.4213503745
523	0.3343505859	9.6415210754	6.0212581056
524	0.7037658691	-8.8231969710	20.8690297388
525	0.1889648438	5.1120069153	5.0507080148
526	0.4247131348	11.9865926402	5.5559429206
527	0.1981201172	5.4044970682	5.1768545517
528	0.5122375488	14.7175180788	4.1724162868
529	0.9165649414	7.5809926187	9.4339899133
530	0.3005065918	8.6744542426	5.9982179958
531	0.4193115234	11.8472645357	5.6054167909
532	0.0709228516	2.0131308816	3.1487119769
533	0.6971740723	-12.5237530727	23.4423162846
534	0.8628540039	6.6953625919	10.0654183708
535	0.2027893066	5.5552955832	5.2384077528
536	0.6377258301	41.2870856975	-14.0525779570
537	0.5782775879	19.1644894291	1.2613436685
538	0.0780029297	2.1707481650	3.2617558134
539	0.0958251953	2.5708850958	3.5510909520
540	0.8021545410	4.9066584713	11.3213715270
541	0.8423156738	6.2218439713	10.3995982369
542	0.2769775391	7.9584376663	5.9119067151
543	0.1795043945	4.8153598388	4.9134491495
544	0.2081298828	5.7288299149	5.3063559012
545	0.5106506348	14.6519938406	4.2119348838
546	0.6908569336	-17.7000330779	27.0425879445
547	0.8851623535	7.1134113270	9.7686638568
548	0.9013977051	7.3700033725	9.5854379890
549	0.4724121094	13.3106394533	4.9670868000
550	0.6109008789	25.1188650329	-2.8297724005
551	0.4357299805	12.2749427814	5.4453254901
552	0.3025207520	8.7340930809	6.0028477861
553	0.2384033203	6.7213011385	5.6370053669
554	0.1737365723	4.6378563367	4.8267104478
555	0.9121398926	7.5219987838	9.4764157143
556	0.8042297363	4.9924015800	11.2614645314
557	0.3200683594	9.2423732141	6.0254910159
558	0.7714233398	3.2635205310	12.4668051665
559	0.9448242188	7.9154667985	9.1920706335
560	0.9942321777	8.3672737782	8.8604408567
561	0.2334289551	6.5582631035	5.5893860913
562	0.0867614746	2.3660667298	3.4030888666
563	0.0300292969	1.0194562689	2.5056714142
564	0.5028686523	14.3446455166	4.3946121359
565	0.1278076172	3.3425566119	4.0831376729
566	0.7532348633	1.7770033117	13.5008584145
567	0.4712524414	13.2752351380	4.9852466176
568	0.4756774902	13.4115903900	4.9147033815
569	0.0399780273	1.2856540485	2.6626567369
570	0.6403808594	44.9699311969	-16.6134766859
571	0.9456481934	7.9242496766	9.1856825272
572	0.6711425781	-84.6234108880	73.6143464527
573	0.7728576660	3.3601789117	12.3995192587
574	0.7638244629	2.7065148073	12.8544104089
575	0.6954650879	-13.7266022142	24.2788640835
576	0.1833801270	4.9361156252	4.9704734068
577	0.3995361328	11.3434032949	5.7616680344
578	0.8204956055	5.5881437142	10.8446200825
579	0.3443298340	9.9132508151	6.0067035410
580	0.7896118164	4.3301855912	11.7237114082
581	0.3921813965	11.1568325548	5.8102837450
582	0.3486938477	10.0303861575	5.9974127027
583	0.3388977051	9.7660294267	6.0157897621
584	0.9230346680	7.6637555621	9.3743564646
585	0.3758544922	10.7404983932	5.9005472218
586	0.5133666992	14.7647763317	4.1437983830
587	0.0149536133	0.5586754325	2.2606203503
588	0.2703552246	7.7508794907	5.8766411913
589	0.5075378418	14.5263662581	4.2871578367
590	0.5161437988	14.8833486004	4.0715857157
591	0.2890625000	8.3305631515	5.9637376202
592	0.9944763184	8.3691826856	8.8590246982
593	0.4799499512	13.5466752992	4.8432666074
594	0.6306152344	34.4006341337	-9.2665303166
595	0.9748535156	8.2065539059	8.9791792044
596	0.5821838379	19.6312877970	0.9438810731
597	0.1504821777	3.9537208211	4.4587523128
598	0.8623962402	6.6858385369	10.0721579830
599	0.7244567871	-2.3350885072	16.3589036181
600	0.3167114258	9.1466943103	6.0235755272
601	0.7951049805	4.5957959690	11.5384178514
602	0.2342834473	6.5862947818	5.5977601066
603	0.5949096680	21.5065101175	-0.3391706304
604	0.3754882813	10.7310969697	5.9022958461
605	0.9873046875	8.3119513920	8.9014208338
606	0.6965332031	-12.9605501635	23.7460906467
607	0.2395629883	6.7592501227	5.6477129904
608	0.5528259277	16.8911892480	2.7868073810
609	0.1018676758	2.7100072038	3.6506629652
610	0.6618652344	778.3238692083	-527.0495270895
611	0.7245178223	-2.3223531336	16.3500527196
612	0.6073913574	24.1515784231	-2.1613462372
613	0.4440307617	12.4972556752	5.3528114998
614	0.1656188965	4.3929690751	4.7012307107
615	0.9699401855	8.1626923968	9.0114247302
616	0.2350769043	6.6123159228	5.6054641316
617	0.0030517578	0.1244731322	2.0552364775
618	0.6511230469	76.7993911781	-38.7589901084
619	0.8165893555	5.4562800046	10.9369904654
620	0.6665344238	-204.4459531325	157.0143228799
621	0.8314819336	5.9271190148	10.6068282793
622	0.3795166016	10.8343257976	5.8823974230
623	0.7171325684	-4.0694878394	17.5643445879
624	0.8898925781	7.1918297266	9.7127668241
625	0.0487365723	1.5029894302	2.7997265389
626	0.4652709961	13.0960637644	5.0753854492
627	0.0525817871	1.5946721625	2.8598611532
628	0.4983215332	14.1747516660	4.4934929491
629	0.4702758789	13.2455955065	5.0003630513
630	0.5360412598	15.8508718659	3.4643973439
631	0.0736694336	2.0743463312	3.1924424219
632	0.1627807617	4.3088205615	4.6565281344
633	0.8612670898	6.6621640035	10.0889074532
634	0.0179443359	0.6569124114	2.3102711793
635	0.4673767090	13.1585073233	5.0443123662
636	0.7296752930	-1.3295519062	15.6600819655
637	0.8157348633	5.4265611324	10.9577994473
638	0.0458068848	1.4317349878	2.7539195595
639	0.5481872559	16.5770801351	2.9933660418
640	0.9434204102	7.9003886724	9.2030328369
641	0.2602539063	7.4298484561	5.8133547922
642	0.9981384277	8.3974935910	8.8380045087
643	0.0744934082	2.0926864728	3.2055913853
644	0.7942504883	4.5559041003	11.5662555152
645	0.5829772949	19.7314103138	0.8756666186
646	0.6574096680	153.2922188457	-91.9971509978
647	0.6901855469	-18.3905856038	27.5229448524
648	0.4906616211	13.9025086611	4.6483870826
649	0.3875732422	11.0397586761	5.8382086064
650	0.9952087402	8.3748931343	8.8547874264
651	0.9908752441	8.3407477256	8.8801048031
652	0.0572814941	1.7043656642	2.9334720401
653	0.8719482422	6.8762005333	9.9372830387
654	0.5823059082	19.6465687946	0.9334726087
655	0.2153625488	5.9651784005	5.3939940519
656	0.5574340820	17.2276150945	2.5640811632
657	0.8323364258	5.9516928529	10.5895682563
658	0.6239624023	30.2266682347	-6.3686540916
659	0.5620422363	17.5917987048	2.3215031556
660	0.9407348633	7.8711338152	9.2242853548
661	0.2922058105	8.4258631829	5.9746058612
662	0.6198730469	28.2976002847	-5.0307908431
663	0.1302795410	3.4063970093	4.1244458546
664	0.5158386230	14.8701512788	4.0796512928
665	0.7560119629	2.0408765456	13.3173779224
666	0.6495361328	68.8761896128	-33.2453361545
667	0.4869384766	13.7758102003	4.7188263062
668	0.0480957031	1.4875130594	2.7897069755
669	0.0882263184	2.3989236032	3.4268905256
670	0.2822875977	8.1230427502	5.9366590414
671	0.8576049805	6.5835536682	10.1444876094
672	0.4821472168	13.6175713845	4.8051887663
673	0.0172424316	0.6341988322	2.2986750642
674	0.1125183105	2.9620285711	3.8275739136
675	0.9431457520	7.8974215484	9.2051893271
676	0.2896118164	8.3472630070	5.9657139612
677	0.2641906738	7.5555590083	5.8393892075
678	0.9197387695	7.6220962733	9.4043904835
679	0.3609924316	10.3555579404	5.9618232245
680	0.4417114258	12.4346155791	5.3794924281
681	0.2969360352	8.5680749360	5.9889597881
682	0.4538269043	12.7671759023	5.2325891314
683	0.7116699219	-5.6992946876	18.6972231003
684	0.0070495605	0.2788364084	2.1258406083
685	0.7089843750	-6.6411902814	19.3519978249
686	0.8452148438	6.2949462858	10.3481157597
687	0.2701110840	7.7431814872	5.8752472196
688	0.3740539551	10.6942395501	5.9090285360
689	0.2233581543	6.2275220135	5.4847241024
690	0.6398315430	44.1385482403	-16.0353119570
691	0.3020629883	8.7205622917	6.0018329274
692	0.0988769531	2.6408440639	3.6012964203
693	0.3214111328	9.2804420411	6.0259431069
694	0.4595947266	12.9308599328	5.1557472889
695	0.0056152344	0.2245315419	2.1007220087
696	0.3778686523	10.7921441021	5.8907141871
697	0.4969177246	14.1236049693	4.5229400688
698	0.2872619629	8.2756908002	5.9570299568
699	0.0773925781	2.1571741440	3.2519692513
700	0.1452636719	3.8079694014	4.3732337570
701	0.1348876953	3.5272143752	4.2013169634
702	0.3767395020	10.7632039326	5.8962715911
703	0.9042358398	7.4114309533	9.5557620127
704	0.7959289551	4.6337892460	11.5119020780
705	0.0153808594	0.5729466186	2.2677530824
706	0.7882080078	4.2586592842	11.7735877881
707	0.3792724609	10.8280806434	5.8836449677
708	0.5329284668	15.6835909257	3.5713087369
709	0.4426574707	12.4601136397	5.3686889116
710	0.5483093262	16.5850566929	2.9881391406
711	0.3436584473	9.8951416826	6.0079759954
712	0.3401794434	9.8009133156	6.0138952176
713	0.9987792969	8.4023866095	8.8343682489
714	0.4352111816	12.2612095379	5.4508385377
715	0.6527709961	87.6571535064	-46.3152348736
716	0.5802307129	19.3926449704	1.1063013362
717	0.9227600098	7.6603229232	9.3768325479
718	0.3888854980	11.0731211996	5.8304538722
719	0.8676452637	6.7925734199	9.9965787909
720	0.2167358398	6.0101802509	5.4100451129
721	0.1143188477	3.0056225769	3.8576137236
722	0.5461730957	16.4475920729	3.0780721051
723	0.5715026855	18.4447428268	1.7486366764
724	0.6622314453	1208.5831057683	-826.5328336299
725	0.7629394531	2.6362443579	12.9032954848
726	0.9009399414	7.3632321758	9.5902857758
727	0.3109436035	8.9805898810	6.0176372645
728	0.2507934570	7.1250310386	5.7436162078
729	0.6015625000	22.7854766053	-1.2189769419
730	0.5893249512	20.6066559552	0.2778116697
731	0.1625976563	4.3034189432	4.6536305906
732	0.3356018066	9.6759006955	6.0199490769
733	0.7857360840	4.1288277162	11.8641004450
734	0.7998352051	4.8078304790	11.3903978591
735	0.9243164063	7.6796824661	9.3628646199
736	0.0117187500	0.4479000007	2.2061421902
737	0.3973388672	11.2876767291	5.7767176838
738	0.3084411621	8.9078443007	6.0140078025
739	0.9317016602	7.7685934730	9.2986119151
740	0.4636535645	13.0485392357	5.0987819483
741	0.5734863281	18.6448413102	1.6134679996
742	0.6388244629	42.7127040572	-15.0438152598
743	0.4995117188	14.2185850978	4.4681355110
744	0.9380493164	7.8413278552	9.2459162621
745	0.2606506348	7.4425494233	5.8160578686
746	0.8475341797	6.3518251732	10.3080336226
747	0.9880065918	8.3176604906	8.8971972786
748	0.3413391113	9.8323962567	6.0120480594
749	0.5932617188	21.2264613032	-0.1469451367
750	0.9340820313	7.7962540295	9.2785866160
751	0.4943542480	14.0316973328	4.5754605119
752	0.4624023438	13.0120267183	5.1166059456
753	0.8978576660	7.3169762413	9.6233829687
754	0.8760986328	6.9537670021	9.8822177733
755	0.1691589355	4.4990163692	4.7564062637
756	0.8202209473	5.5790802247	10.8509712229
757	0.3218688965	9.2933937582	6.0260564138
758	0.2895812988	8.3463357405	5.9656050223
759	0.1576538086	4.1588605689	4.5748209593
760	0.1365661621	3.5718103374	4.2292550509
761	0.0875549316	2.3838546542	3.4159756462
762	0.7139587402	-4.9742668940	18.1932393866
763	0.1663513184	4.4148122010	4.7127009356
764	0.4335937500	12.2185026691	5.4678290130
765	0.3709106445	10.6132587821	5.9231364982
766	0.5222778320	15.1580036548	3.9022383719
767	0.6542053223	100.4616045647	-55.2266777363
768	0.7565002441	2.0856787407	13.2862229445
769	0.8056030273	5.0478064058	11.2227439560
770	0.4563903809	12.8394410898	5.1990162907
771	0.6492919922	67.8213228916	-32.5112978291
772	0.5212707520	15.1116313106	3.9310217475
773	0.6117858887	25.3834156124	-3.0127197065
774	0.7870178223	4.1967789189	11.8167312180
775	0.1899108887	5.1420064685	5.0640618030
776	0.4872436523	13.7860677786	4.7131650248
777	0.3501281738	10.0686739136	5.9939748119
778	0.0989990234	2.6436549214	3.6033082661
779	0.3912048340	11.1320398559	5.8163636871
780	0.3547973633	10.1926238297	5.9814754657
781	0.3006286621	8.6780763293	5.9985107191
782	0.7014770508	-9.9654178719	21.6632444126
783	0.1365661621	3.5718103374	4.2292550509
784	0.9880065918	8.3176604906	8.8971972786
785	0.4665222168	13.1330881282	5.0570063992
786	0.6628417969	18058.1311808265	-12554.7239465948
787	0.3938598633	11.1994286746	5.7996292684
788	0.2623291016	7.4962047821	5.8272968481
789	0.2032775879	5.5711184990	5.2447307006
790	0.4712219238	13.2743065061	4.9857214296
791	0.1570434570	4.1411887521	4.5650184952
792	0.5371704102	15.9132753430	3.4243438771
793	0.4724426270	13.3115742351	4.9666058155
794	0.3193359375	9.2215597388	6.0251689660
795	0.0124816895	0.4744715190	2.2190694637
796	0.7536315918	1.8156727803	13.4739715747
797	0.7204895020	-3.2202521005	16.9740934266
798	0.0148010254	0.5535588338	2.2580695749
799	0.3302612305	9.5285129476	6.0244921572
800	0.1571655273	4.1447199934	4.5669802002
801	0.3828125000	10.9185102476	5.8650295744
802	0.5152587891	14.8451918841	4.0948862836
803	0.0808410645	2.2338961252	3.3073693998
804	0.6452026367	54.4790710540	-23.2279182812
805	0.0126037598	0.4786968965	2.2211331650
806	0.0885620117	2.4064644513	3.4323516226
807	0.2761230469	7.9317947892	5.9076314671
808	0.7397155762	0.2243955297	14.5801183664
809	0.0348205566	1.1506660829	2.5815515603
810	0.0978393555	2.6169915712	3.5842068198
811	0.0362243652	1.1880056305	2.6036755823
812	0.1850585938	4.9887543074	4.9948343675
813	0.1249084473	3.2685308533	4.0346535653
814	0.4117736816	11.6543789133	5.6694818891
815	0.2805480957	8.0693053137	5.9288940180
816	0.1705017090	4.5395472935	4.7771551842
817	0.2128906250	5.8842630231	5.3646233373
818	0.4396362305	12.3789268558	5.4028119557
819	0.0444335938	1.3978652606	2.7324395758
820	0.1779479980	4.7671936241	4.8902576002
821	0.1122741699	2.9561409546	3.8235030192
822	0.7915954590	4.4286550090	11.6550329031
823	0.4204406738	11.8763011236	5.5953250450
824	0.4544982910	12.7860309390	5.2238841142
825	0.7738037109	3.4225904840	12.3560688768
826	0.5636596680	17.7269456737	2.2311421418
827	0.1248168945	3.2662079596	4.0331221157
828	0.1102294922	2.9070470461	3.7894333673
829	0.1644897461	4.3593959878	4.6834937015
830	0.2480773926	7.0369030865	5.7217233501
831	0.6887817383	-19.9498974284	28.6076609529
832	0.8407287598	6.1808516696	10.4284519858
833	0.7715148926	3.2697650010	12.4624585024
834	0.2682800293	7.6853459388	5.8645788710
835	0.2751770020	7.9022484570	5.9028033005
836	0.2749023438	7.8936609441	5.9013828832
837	0.7310485840	-1.0902856476	15.4937999863
838	0.1391601563	3.6413540022	4.2723485073
839	0.1195373535	3.1337517069	3.9448097774
840	0.9474182129	7.9429505076	9.1720739812
841	0.5822448730	19.6389227802	0.9386807176
842	0.2522277832	7.1714686520	5.7548411923
843	0.5968627930	21.8559676988	-0.5792711084
844	0.8965759277	7.2973942448	9.6373843543
845	0.6461791992	57.0722256925	-25.0320292841
846	0.2856750488	8.2271598042	5.9508254346
847	0.9126892090	7.5294318432	9.4710737598
848	0.8868713379	7.1421124004	9.7482151218
849	0.0295715332	1.0065922440	2.4983859929
850	0.2396545410	6.7622449613	5.6485519563
851	0.4197387695	11.8582462950	5.6016136899
852	0.2565917969	7.3122833324	5.7875616598
853	0.2539062500	7.2257152351	5.7676812052
854	0.0963439941	2.5827371485	3.5596133319
855	0.5592041016	17.3640089008	2.4733972706
856	0.3905639648	11.1157651279	5.8203061790
857	0.5092163086	14.5936400131	4.2469669107
858	0.1051635742	2.7869923719	3.7052400749
859	0.4271850586	12.0507499350	5.5322780060
860	0.8178100586	5.4981821523	10.9076452866
861	0.5330505371	15.6900240655	3.5672100514
862	0.6928100586	-15.8669243168	25.7675123088
863	0.9661254883	8.1276920223	9.0371105788
864	0.9341430664	7.7969571116	9.2780773779
865	0.1142883301	3.0048811332	3.8571043401
866	0.9985961914	8.4009904479	8.8354059105
867	0.7811279297	3.8726304094	12.0426381634
868	0.3498229980	10.0605361194	5.9947221409
869	0.2221374512	6.1874300832	5.4713016421
870	0.0345153809	1.1424858632	2.5767363079
871	0.5814514160	19.5405193012	1.0056869176
872	0.8623352051	6.6845654660	10.0730587969
873	0.7600402832	2.3972404770	13.0695438201
874	0.4703674316	13.2483675490	4.9989526616
875	0.2469482422	7.0001959070	5.7123768153
876	0.0538330078	1.6241084839	2.8794425995
877	0.9445190430	7.9122012902	9.1944452443
878	0.0439147949	1.3849867622	2.7243224400
879	0.5192871094	15.0217978850	3.9865662856
880	0.5140380859	14.7931327011	4.1265813883
881	0.3091125488	8.9274019198	6.0150445874
882	0.5961303711	21.7225940425	-0.4876056748
883	0.3185729980	9.1998423695	6.0247767004
884	0.6876831055	-21.2931029919	29.5420855561
885	0.3332519531	9.6112584043	6.0222843903
886	0.7312316895	-1.0591025189	15.4721287568
887	0.6846313477	-25.7348826199	32.6323108963
888	0.3472900391	9.9928131567	6.0005937347
889	0.6962890625	-13.1313426641	23.8648715965
890	0.1019897461	2.7128437765	3.6526812112
891	0.3434448242	9.8893746408	6.0083720591
892	0.6908264160	-17.7307035878	27.0639224916
893	0.1562194824	4.1173938547	4.5517613723
894	0.3197021484	9.2319707802	6.0253366600
895	0.8985595703	7.3276125225	9.6157754227
896	0.0643005371	1.8645609558	3.0438576426
897	0.0537109375	1.6212445406	2.8775317828
898	0.4894714355	13.8616320164	4.6712332576
899	0.6475219727	61.1753991248	-27.8868885159
900	0.3094482422	8.9371695819	6.0155456219
901	0.4410095215	12.4157430236	5.3874378193
902	0.3703613281	10.5990757213	5.9255108064
903	0.0232238770	0.8215433480	2.3965206783
904	0.7363586426	-0.2484272575	14.9087306218
905	0.8357849121	6.0484688568	10.5215638474
906	0.1604614258	4.2406490963	4.6197103658
907	0.6603088379	314.3076399409	-204.0703959754
908	0.7212524414	-3.0407629328	16.8493457729
909	0.6000366211	22.4688352626	-1.0008999472
910	0.9071655273	7.4532194073	9.5257985600
911	0.0866699219	2.3640156637	3.4016028132
912	0.9289550781	7.7360839535	9.3221254718
913	0.9440917969	7.9076180832	9.1977775928
914	0.5422058105	16.2036418201	3.2368608748
915	0.0397644043	1.2801776567	2.6593058133
916	0.1606750488	4.2469052960	4.6231117824
917	0.5554199219	17.0773699818	2.6637242817
918	0.5419616699	16.1890846107	3.2463011975
919	0.4080505371	11.5595760151	5.6990507270
920	0.8266601563	5.7837879812	10.7074398100
921	0.8525695801	6.4706689861	10.2242098827
922	0.2124023438	5.8682949104	5.3587495804
923	0.7973937988	4.7002106784	11.4655388314
924	0.0437622070	1.3811900373	2.7219347356
925	0.8640747070	6.7205549745	10.0475871377
926	0.5994873047	22.3584858584	-0.9249367035
927	0.7224731445	-2.7630625309	16.6563424269
928	0.3582153320	10.2827230876	5.9710638325
929	0.7323913574	-0.8653849869	15.3375013930
930	0.0240783691	0.8472236288	2.4103365885
931	0.4232177734	11.9479095561	5.5699438504
932	0.0932006836	2.5111650467	3.5080595249
933	0.8427124023	6.2319824055	10.3924603187
934	0.2423706055	6.8510093689	5.6730159076
935	0.3061523438	8.8409469828	6.0101242985
936	0.3215026855	9.2830334518	6.0259674262
937	0.5769958496	19.0201134313	1.3593224112
938	0.2307128906	6.4691116274	5.5622381521
939	0.0108032227	0.4156371580	2.1905613809
940	0.4632873535	13.0378302727	5.1040233756
941	0.6927795410	-15.8937292703	25.7861566839
942	0.5961303711	21.7225940425	-0.4876056748
943	0.1011657715	2.6937180820	3.6390629367
944	0.5085754395	14.5678267825	4.2624135515
945	0.3270874023	9.4401090429	6.0258913292
946	0.6111450195	25.1909543755	-2.8796198218
947	0.3821411133	10.9013795234	5.8686469727
948	0.8650512695	6.7404968631	10.0334679693
949	0.6254577637	31.0364036528	-6.9305509860
950	0.8741760254	6.9182018517	9.9074741064
951	0.8407897949	6.1824414102	10.4273331934
952	0.8305664063	5.9005200902	10.6255071536
953	0.9956359863	8.3782130027	8.8523234139
954	0.5945739746	21.4484011053	-0.2992703567
955	0.2128601074	5.8832648594	5.3642569208
956	0.6910400391	-17.5174029122	26.9155500374
957	0.9867248535	8.3072171374	8.9049222724
958	0.5028076172	14.3423204437	4.3959760073
959	0.1741638184	4.6509092536	4.8332083684
960	0.4428100586	12.4642329233	5.3669361904
961	0.7928771973	4.4907194698	11.6117364528
962	0.3856506348	10.9908365169	5.8492874612
963	0.1570129395	4.1403061861	4.5645279749
964	0.1405334473	3.6784776768	4.2951154679
965	0.3823547363	10.9068311531	5.8675003985
966	0.2462463379	6.9773584916	5.7064943910
967	0.7915344238	4.4256694269	11.6571154805
968	0.8697204590	6.8333244305	9.9676933507
969	0.2513122559	7.1418360511	5.7477031699
970	0.0893554688	2.4243059841	3.4452693186
971	0.9721984863	8.1830195184	8.9964888880
972	0.3444213867	9.9157183854	6.0065267726
973	0.8028259277	4.9346701943	11.3018023776
974	0.3315124512	9.5631961508	6.0236730565
975	0.5491333008	16.6392939153	2.9525717731
976	0.1298828125	3.3961057461	4.1178188000
977	0.3507080078	10.0841231318	5.9925312942
978	0.8361206055	6.0576897535	10.5150816272
979	0.6445617676	52.9273328806	-22.1483981492
980	0.4902038574	13.8867442017	4.6572112600
981	0.7484436035	1.2821187894	13.8449149937
982	0.5736389160	18.6605791062	1.6028262869
983	0.5942077637	21.3856377482	-0.2561824370
984	0.8610229492	6.6570108473	10.0925525803
985	0.6430664063	49.6963163473	-19.9007928480
986	0.9067382813	7.4471856552	9.5301267607
987	0.5137023926	14.7789303049	4.1352087943
988	0.9471130371	7.9397422706	9.1744092647
989	0.3542175293	10.1772870697	5.9831361409
990	0.5004272461	14.2526042157	4.4483804559
991	0.4899902344	13.8794057778	4.6613132582
992	0.4450378418	12.5245932575	5.3410198562
993	0.3777465820	10.7890169598	5.8913205183
994	0.8573608398	6.5782110877	10.1482630529
995	0.3977355957	11.2977383688	5.7740336796
996	0.3908996582	11.1242904595	5.8182457516
997	0.5149536133	14.8321156095	4.1028579046
998	0.4776916504	13.4748326814	4.8814454208
999	0.3407897949	9.8174925401	6.0129387605
1000	0.1329040527	3.4749168927	4.1682533467
