0	2.1907958984	12.1020350372	6.0879312526
1	1.8446044922	8.5894777075	5.8818497310
2	3.8795776367	0.9825180257	2.0112191899
3	1.2102661133	5.4263039307	5.2735241936
4	1.2727966309	5.5939588890	5.3429593456
5	1.0842895508	5.1502217473	5.1188058094
6	0.8806457520	4.8109565701	4.8023394397
7	0.7702636719	4.6300969671	4.5791877534
8	1.8431396484	8.5775493572	5.8806317375
9	2.1929321289	12.1274383716	6.0883237338
10	2.4676513672	15.4044432563	5.9409639945
11	2.9874572754	15.1846752841	4.0607671864
12	1.2844543457	5.6278262983	5.3554910336
13	1.2472534180	5.5226906840	5.3150701018
14	0.0256958008	0.2572942353	2.0711255106
15	2.5860290527	16.4947826309	5.7044707912
16	3.4346313477	6.8636005903	2.4341490361
17	2.6706848145	16.9603318784	5.4545876287
18	1.3111572266	5.7086965281	5.3837708585
19	0.8810424805	4.8115733872	4.8030650092
20	0.6999816895	4.4934550727	4.4122506028
21	1.2529602051	5.5382701197	5.3213546466
22	3.6274414063	3.8241347616	2.1480950200
23	0.3606262207	3.1599701185	3.2992057614
24	1.2936096191	5.6550301715	5.3652516649
25	2.2947998047	13.3646843932	6.0846774344
26	0.1256103516	1.2438479895	2.3924308031
27	0.3928833008	3.3563135406	3.4238932399
28	3.5986022949	4.2288619852	2.1783653620
29	1.8771972656	8.8614493931	5.9085581598
30	0.2304382324	2.1942972362	2.7852417560
31	1.0578918457	5.1008173521	5.0831439372
32	0.6564941406	4.3941422615	4.2981105130
33	2.2561645508	12.8910932482	6.0916398485
34	0.1909484863	1.8511731383	2.6326938316
35	2.1048583984	11.1104026406	6.0596758202
36	0.7803344727	4.6478649908	4.6014307599
37	1.3820800781	5.9471755934	5.4564219343
38	2.7562561035	17.0623069530	5.1355314520
39	1.0341186523	5.0582838995	5.0498645499
40	1.2930297852	5.6532912418	5.3646355458
41	0.5444030762	4.0608149859	3.9634178539
42	2.9765014648	15.3401427938	4.1140404568
43	1.3040771484	5.6867992669	5.3763277790
44	3.3907470703	7.6591970509	2.5310990848
45	0.1410522461	1.3911397842	2.4474812734
46	2.1284179688	11.3757782786	6.0696339292
47	2.6632995605	16.9330193241	5.4790876131
48	1.1310729980	5.2442999570	5.1790009837
49	0.5729980469	4.1584343963	4.0543849726
50	3.7661743164	2.1145892463	2.0488330016
51	0.6075744629	4.2642563733	4.1592825219
52	1.5462951660	6.6497099960	5.6151880670
53	2.2638549805	12.9851284380	6.0908437281
54	3.8973083496	0.8246292452	2.0079796174
55	0.9618835449	4.9379030637	4.9410664070
56	0.8817138672	4.8126170628	4.8042917487
57	0.8042907715	4.6887874334	4.6527466352
58	1.2832641602	5.6243292295	5.3542169940
59	1.5875244141	6.8631972551	5.6536485021
60	0.9589843750	4.9332803882	4.9364342040
61	0.2216186523	2.1194671030	2.7508343272
62	0.8653564453	4.7871116229	4.7739884395
63	0.2140197754	2.0541394068	2.7213289617
64	1.6642456055	7.3044949168	5.7240397208
65	0.3743591309	3.2456744004	3.3525798855
66	0.3154602051	2.8559166937	3.1214675173
67	0.3962097168	3.3755806162	3.4366064451
68	1.5616149902	6.7271746296	5.6295323062
69	0.4717712402	3.7654982587	3.7159328431
70	2.7119140625	17.0603871878	5.3087006503
71	0.5963134766	4.2311713545	4.1257358291
72	0.6311950684	4.3296424271	4.2277121304
73	2.7182617188	17.0675700041	5.2849082063
74	1.3400573730	5.8015937093	5.4137720177
75	0.3909301758	3.3449158543	3.4164148478
76	0.1326293945	1.3110486626	2.4173031329
77	1.0830383301	5.1478240830	5.1171445854
78	0.6182556152	4.2944765457	4.1905506819
79	0.8030700684	4.6867430702	4.6501850573
80	1.5932006836	6.8938528030	5.6589084890
81	3.1947021484	11.4909127311	3.1388509632
82	1.1486206055	5.2819973929	5.2006843870
83	1.7591247559	7.9351264788	5.8087408410
84	2.9212341309	16.0338203559	4.3835137781
85	1.3605651855	5.8710453900	5.4347196118
86	1.8927001953	8.9952475691	5.9209726354
87	1.6710510254	7.3465237183	5.7302084260
88	3.6442260742	3.5966341049	2.1321784732
89	3.7113647461	2.7444648153	2.0798183129
90	1.4723205566	6.3053354765	5.5449373828
91	3.1432800293	12.4980163241	3.3456385406
92	1.2723083496	5.5925589898	5.3424318606
93	1.4707031250	6.2983358515	5.5433810294
94	3.5954284668	4.2744798742	2.1819322136
95	0.8047180176	4.6895020148	4.6536418573
96	1.7863464355	8.1343927556	5.8324256821
97	0.3496398926	3.0891402118	3.2562425695
98	3.6067199707	4.1131590796	2.1694587148
99	0.2659301758	2.4840833694	2.9250172932
100	2.2514038086	12.8329702589	6.0919930105
101	3.0662231445	13.9204651710	3.6861667575
102	3.1635742188	12.1041518837	3.2618657090
103	3.2010192871	11.3655193825	3.1147293102
104	2.5548706055	16.2491694478	5.7792279198
105	2.9898986816	15.1492791562	4.0489181361
106	3.0367736816	14.4205824413	3.8239381346
107	1.5547180176	6.6920308361	5.6230825114
108	0.2698364258	2.5148208088	2.9404889640
109	2.9111633301	16.1427674492	4.4323867424
110	1.0362854004	5.0620900188	5.0529457171
111	2.8744812012	16.4907697522	4.6085291577
112	1.6433105469	7.1782044683	5.7049842470
113	3.9361572266	0.4952163063	2.0029387285
114	2.0620422363	10.6424603353	6.0380340773
115	3.7673950195	2.1012048167	2.0482491829
116	3.7095642090	2.7661380710	2.0810041024
117	1.5059814453	6.4560713180	5.5771193892
118	3.2796630859	9.7988642307	2.8394748795
119	3.4822998047	6.0403400807	2.3434662060
120	0.5283813477	4.0017575328	3.9108102421
121	0.5414123535	4.0500364173	3.9536861820
122	1.4213562012	6.0951338493	5.4954003846
123	2.6167602539	16.7005263566	5.6216615878
124	1.5483093262	6.6597706588	5.6170776592
125	0.7123413086	4.5193740826	4.4431420490
126	2.2116699219	12.3515277480	6.0910250445
127	2.9491577148	15.7029597484	4.2474201053
128	1.0950317383	5.1710485183	5.1329535929
129	1.8323974609	8.4908459720	5.8716573345
130	2.9181518555	16.0677623158	4.3984885663
131	1.3956604004	5.9970000249	5.4699878703
132	1.9844665527	9.8460779413	5.9894615534
133	0.3783264160	3.2698485914	3.3679227763
134	2.0273132324	10.2774527150	6.0176010733
135	0.0923156738	0.9201938656	2.2781820247
136	3.2613220215	10.1633189188	2.8994499491
137	0.1347045898	1.3308383262	2.4247053620
138	0.0452270508	0.4528017153	2.1285700548
139	3.6020507813	4.1795390873	2.1745439358
140	0.0621337891	0.6215008300	2.1805430508
141	1.9633178711	9.6410871985	5.9745612816
142	1.4235229492	6.1036441059	5.4975288740
143	3.2467041016	10.4547148237	2.9491036776
144	0.6036376953	4.2528357302	4.1476226411
145	1.6977539063	7.5161348353	5.7542847240
146	2.6098937988	16.6579381095	5.6409494597
147	2.5639953613	16.3246738754	5.7582880589
148	2.2960815430	13.3804253339	6.0843149526
149	2.1629943848	11.7744406451	6.0813435389
150	0.2241821289	2.1413281421	2.7608180350
151	2.8897399902	16.3554773336	4.5356901939
152	1.9814758301	9.8167681929	5.9873918697
153	2.3198242188	13.6718353902	6.0759633851
154	0.3588562012	3.1486948688	3.2922987314
155	3.0646057129	13.9486733168	3.6936418899
156	1.2968444824	5.6647716125	5.3686839524
157	3.5344238281	5.1930534828	2.2603053924
158	3.0050964355	14.9229945800	3.9753940854
159	1.2664184570	5.5757894050	5.3360522017
160	3.1625366211	12.1244225865	3.2660821769
161	3.9729614258	0.2030285782	2.0005037521
162	3.6033325195	4.1612710621	2.1731378479
163	2.9670410156	15.4698323271	4.1601441595
164	0.3955993652	3.3720590080	3.4342759857
165	1.1209716797	5.2232209011	5.1663068822
166	1.7191162109	7.6573048372	5.7733886411
167	2.0144042969	10.1452489071	6.0094375029
168	3.4478454590	6.6309340892	2.4075326681
169	2.4280700684	14.9651658703	5.9928155699
170	1.8439331055	8.5840074089	5.8812916603
171	2.8395996094	16.7479043984	4.7718453816
172	3.2692871094	10.0048449231	2.8730856624
173	2.0773315430	10.8073508079	6.0462476045
174	1.3209228516	5.7394498452	5.3939752646
175	0.7888488770	4.6626129187	4.6199236100
176	2.2964477539	13.3849227711	6.0842097651
177	0.8799133301	4.8098176295	4.8009986017
178	1.3957519531	5.9973406492	5.4700789959
179	2.5805969238	16.4545107515	5.7181680962
180	1.5655212402	6.7472760854	5.6331795819
181	1.2945251465	5.6577802865	5.3662239271
182	0.3922729492	3.3527585183	3.4215573246
183	3.8875122070	0.9112621311	2.0096926275
184	1.9507141113	9.5214473066	5.9654033874
185	1.5720214844	6.7810439640	5.6392398387
186	2.0133666992	10.1347057366	6.0087689869
187	1.0434875488	5.0748400982	5.0631171247
188	3.5275878906	5.3009245308	2.2703179197
189	0.0248718262	0.2490397511	2.0687651752
190	1.7667541504	7.9901290155	5.8154116462
191	1.8757019043	8.8486952276	5.9073502439
192	1.0612182617	5.1069109767	5.0877104342
193	3.4217834473	7.0929635610	2.4611530135
194	0.5157470703	3.9528494037	3.8685130783
195	2.6617431641	16.9269140612	5.4841861341
196	3.6195373535	3.9333124189	2.1560157272
197	0.5070800781	3.9180661206	3.8390910894
198	3.1549987793	12.2712755328	3.2969314629
199	1.2113952637	5.4291322359	5.2748145557
200	3.3116455078	9.1686495952	2.7410975013
201	2.6454162598	16.8557065926	5.5363018813
202	1.4113464355	6.0562973367	5.4855390477
203	2.0739440918	10.7706023466	6.0444721568
204	1.1510925293	5.2874214908	5.2037026659
205	3.5911560059	4.3362270112	2.1868098042
206	3.7695617676	2.0775149384	2.0472236416
207	3.8700561523	1.0693267262	2.0132205028
208	0.0440063477	0.4405967173	2.1248969342
209	0.3829956055	3.2979648445	3.3859328844
210	0.5231018066	3.9815757100	3.8932215926
211	0.7488098145	4.5909232176	4.5304364680
212	3.9026489258	0.7780158121	2.0071235824
213	0.3634033203	3.1775551756	3.3100304642
214	0.9499511719	4.9189492182	4.9218591653
215	1.9697570801	9.7029402711	5.9791619741
216	1.8834228516	8.9148347829	5.9135676077
217	1.3233337402	5.7471413097	5.3964837351
218	0.6133422852	4.2807124857	4.1762339507
219	0.6099853516	4.2711744857	4.1663870723
220	1.7503662109	7.8727888741	5.8010533540
221	2.7715454102	17.0362222611	5.0722468147
222	1.7876281738	8.1439828878	5.8335325883
223	2.3961486816	14.5941629348	6.0257558615
224	2.3632507324	14.2009429475	6.0520557704
225	3.3292236328	8.8262852233	2.6903713055
226	1.0089111328	5.0149424001	5.0132748595
227	2.6613769531	16.9254600020	5.4853825020
228	0.2910461426	2.6775449800	3.0246270646
229	1.2495117188	5.5288325648	5.3175608403
230	0.7510070801	4.5950250967	4.5355163857
231	2.4274597168	14.9581950539	5.9935175604
232	2.5500488281	16.2081393160	5.7899769080
233	3.0621032715	13.9921549983	3.7052296159
234	0.2260437012	2.1571466217	2.7680770754
235	0.6117858887	4.2763039666	4.1716751691
236	2.4672546387	15.4001796799	5.9415472124
237	2.3426513672	13.9509403805	6.0648537172
238	1.3104248047	5.7064158366	5.3830026611
239	2.3594665527	14.1551922259	6.0546116470
240	1.6686096191	7.3313906504	5.7279969195
241	1.6073913574	6.9718589119	5.6720222033
242	2.5954589844	16.5619860131	5.6800229539
243	3.5002746582	5.7417564552	2.3129816804
244	0.1922302246	1.8626244255	2.6375760795
245	1.3326110840	5.7771097425	5.4060981319
246	3.5632629395	4.7489137546	2.2208629853
247	0.1306152344	1.2918063636	2.4101396557
248	3.7268371582	2.5608324603	2.0700861205
249	3.0992126465	13.3286764752	3.5364052656
250	0.8873596191	4.8213860687	4.8145507535
251	0.3208007813	2.8936354299	3.1426095135
252	2.9749145508	15.3621962328	4.1217684994
253	1.8623352051	8.7358701307	5.8964758089
254	1.8587341309	8.7058370789	5.8935232573
255	0.9468383789	4.9140340026	4.9167861673
256	3.1409606934	12.5426443814	3.3553840750
257	1.3456726074	5.8203135146	5.4195344212
258	0.9363403320	4.8975330353	4.8994823836
259	0.6475830078	4.3720375804	4.2736534894
260	1.5449218750	6.6428718315	5.6138990580
261	2.5611572266	16.3014947407	5.7648852552
262	0.4230957031	3.5246790581	3.5381901933
263	0.9066772461	4.8513437247	4.8489013226
264	0.3603210449	3.1580298424	3.2980153200
265	1.4535217285	6.2253291727	5.5267876262
266	2.2665100098	13.0176295166	6.0905030022
267	3.2597351074	10.1949223323	2.9047609464
268	3.4776000977	6.1194993834	2.3517627063
269	2.6697082520	16.9568784888	5.4578563059
270	3.9845275879	0.1150078132	2.0001626365
271	0.6262512207	4.3163882262	4.2136063370
272	1.4924621582	6.3943593526	5.5642403063
273	0.4534912109	3.6793401882	3.6501993497
274	3.7163696289	2.6845544636	2.0765811364
275	3.7666320801	2.1095668701	2.0486135571
276	0.8190612793	4.7132244900	4.6832996391
277	0.6649475098	4.4145265971	4.3209722245
278	1.3981628418	6.0063333905	5.4724770858
279	1.8642578125	8.7519676991	5.8980482762
280	1.9282531738	9.3129415552	5.9486174681
281	2.9250488281	15.9910900155	4.3649628960
282	0.0639038086	0.6391172274	2.1861007045
283	2.2325744629	12.6039097923	6.0923812289
284	2.7109985352	17.0591653279	5.3121036984
285	2.8851318359	16.3977749063	4.5577615294
286	3.2710876465	9.9690605805	2.8671936588
287	0.1469726563	1.4470558540	2.4689007242
288	2.9665832520	15.4759979642	4.1623767086
289	0.6215209961	4.3034972463	4.2000027907
290	3.6515808105	3.4987967511	2.1255802192
291	3.8020019531	1.7329973455	2.0334519421
292	1.0158691406	5.0267412035	5.0235144349
293	1.1549377441	5.2959161314	5.2083804720
294	0.5873413086	4.2038742729	4.0985807285
295	3.3932495117	7.6129309722	2.5252073903
296	2.4396667480	15.0965653354	5.9789256046
297	1.0950927734	5.1711681114	5.1330334001
298	0.0112609863	0.1126976131	2.0305334955
299	3.3244628906	8.9186792321	2.7038768526
300	3.9418945313	0.4484266234	2.0024170680
301	3.4102478027	7.3014604382	2.4863629596
302	3.3329162598	8.7548002474	2.6800144562
303	2.5395202637	16.1159348914	5.8126927922
304	0.3379211426	3.0113669082	3.2101971235
305	3.3216857910	8.9726923595	2.7118348072
306	3.4893188477	5.9229543031	2.3313287925
307	1.9795227051	9.7976840914	5.9860333973
308	0.6678771973	4.4214627551	4.3288187769
309	3.3233337402	8.9406304277	2.7071054102
310	2.1207580566	11.2889129891	6.0665617212
311	2.1647949219	11.7954779466	6.0818503397
312	2.4348754883	15.0425230061	5.9847922116
313	2.3261718750	13.7496012146	6.0731865670
314	0.8715209961	4.7967454293	4.7855112181
315	0.9018859863	4.8439142576	4.8404882607
316	2.9683837891	15.4516875511	4.1535961284
317	0.9278564453	4.8842700253	4.8852745592
318	2.8157348633	16.8812493799	4.8803184610
319	1.1156616211	5.2123156648	5.1595693100
320	1.9123840332	9.1692681896	5.9364296513
321	1.8071899414	8.2926874750	5.8503248253
322	1.0081176758	5.0136044030	5.0121002417
323	3.8062744141	1.6890190420	2.0318504256
324	1.8387145996	8.5416692157	5.8769438426
325	1.2436828613	5.5130416037	5.3111217416
326	3.1597290039	12.1792061901	3.2775279793
327	3.1312866211	12.7278206664	3.3964003133
328	3.9854125977	0.1083455082	2.0001444070
329	1.7621459961	7.9568291538	5.8113853916
330	0.4388427734	3.6066129129	3.5966225689
331	1.6125488281	7.0006976731	5.6767754781
332	2.1198425293	11.2785677542	6.0661836248
333	1.9020996094	9.0777674035	5.9283983025
334	3.3965759277	7.5515920748	2.5174449487
335	2.4684143066	15.4126336561	5.9398387140
336	3.5271606445	5.3076993359	2.2709523742
337	1.1123962402	5.2056683679	5.1554035275
338	3.0178222656	14.7259512238	3.9142141748
339	0.0706176758	0.7058412994	2.2073769236
340	3.1234436035	12.8767125479	3.4300782366
341	0.7706909180	4.6308583120	4.5801396219
342	2.8969726563	16.2866040492	4.5009331345
343	1.5263671875	6.5521658714	5.5964303090
344	3.6940307617	2.9557759537	2.0917101340
345	3.3280334473	8.8493596083	2.6937315288
346	2.5386657715	16.1082985721	5.8144911791
347	0.3854370117	3.3125222330	3.3953288547
348	0.2568664551	2.4118618285	2.8891685553
349	3.5783691406	4.5233514973	2.2019381989
350	3.7836608887	1.9254567368	2.0408798651
351	3.4720458984	6.2136281634	2.3617451277
352	0.5506286621	4.0828984986	3.9835443764
353	3.0530395508	14.1479601831	3.7474202840
354	2.3594665527	14.1551922259	6.0546116470
355	0.8420715332	4.7503625586	4.7293112948
356	3.6482238770	3.5433136355	2.1285639755
357	3.5403442383	5.1004307517	2.2518428058
358	1.5563049316	6.7000778134	5.6245676820
359	1.8649291992	8.7575994062	5.8985967455
360	3.6947937012	2.9463497707	2.0911640481
361	3.7301330566	2.5223153433	2.0681167604
362	0.0277404785	0.2777766332	2.0770050007
363	3.4306945801	6.9335553907	2.4423044327
364	1.7712707520	8.0229998138	5.8193490992
365	1.9832153320	9.8338028690	5.9885972174
366	2.7165222168	17.0658264402	5.2914625296
367	2.2820739746	13.2084417503	6.0878049255
368	0.8824768066	4.8138028088	4.8056840226
369	3.2259826660	10.8682682620	3.0222842789
370	2.9053955078	16.2026091685	4.4602982983
371	0.4715270996	3.7643805723	3.7150634943
372	1.0705261230	5.1241596039	5.1003752194
373	2.9698791504	15.4313778244	4.1463054704
374	2.3928833008	14.5555568439	6.0287032484
375	1.9431457520	9.4505160613	5.9598115292
376	2.6529541016	16.8901911653	5.5125524962
377	2.4559936523	15.2778957283	5.9575556794
378	0.7939147949	4.6712773573	4.6307925233
379	2.2398376465	12.6920964869	6.0924185109
380	2.5861816406	16.4958976145	5.7040819658
381	3.9245605469	0.5912298551	2.0041626911
382	3.9658813477	0.2577913926	2.0008091062
383	3.3352966309	8.7088046997	2.6733929411
384	1.9536132813	9.5487997083	5.9675273246
385	2.0094604492	10.0951253570	6.0062362313
386	3.5591735840	4.8108131897	2.2261872620
387	3.5910034180	4.3384394538	2.1869856285
388	1.5791015625	6.8182785970	5.6458279695
389	1.2577819824	5.5515858478	5.3266400461
390	2.6930541992	17.0259052650	5.3773242749
391	0.8383483887	4.7444182385	4.7219943544
392	2.7650756836	17.0489679912	5.0992365114
393	3.7744445801	2.0244446675	2.0449624874
394	0.7564697266	4.6051307341	4.5480590579
395	3.5855102539	4.4184177685	2.1933905492
396	2.1559143066	11.6919731977	6.0792480591
397	2.9914855957	15.1261274536	4.0412212971
398	0.3337707520	2.9832731324	3.1938430789
399	1.3496704102	5.8337768009	5.4236245069
400	1.7261657715	7.7049768954	5.7796599166
401	2.5628662109	16.3154855257	5.7609218654
402	0.2555847168	2.4015480474	2.8841057337
403	1.1138916016	5.2087069461	5.1573133723
404	3.8939208984	0.8544201186	2.0085508526
405	1.3838195801	5.9534802181	5.4581651256
406	1.7744445801	8.0462363091	5.8221106232
407	3.9092102051	0.7213363268	2.0061452466
408	1.7589416504	7.9338144602	5.8085804442
409	2.7354736328	17.0755527386	5.2186862415
410	1.8657531738	8.7645183605	5.8992694065
411	0.5217285156	3.9762662791	3.8886261537
412	0.4660949707	3.7392827370	3.6956597062
413	1.5543212891	6.6900227434	5.6227111110
414	3.6534423828	3.4742106437	2.1239456133
415	0.3245239258	2.9196520952	3.1573341549
416	2.6935729980	17.0271125910	5.3754786302
417	2.8268432617	16.8235151078	4.8302008482
418	2.9606933594	15.5544108943	4.1911121817
419	3.2347412109	10.6934650520	2.9909546589
420	2.2661743164	13.0135192410	6.0905479716
421	1.1089172363	5.1986347637	5.1509460491
422	3.9859924316	0.1039861182	2.0001330608
423	0.7956542969	4.6742344892	4.6345017770
424	0.8935546875	4.8309971042	4.8256923498
425	3.1704101563	11.9702895229	3.2342703622
426	2.1035461426	11.0957804309	6.0590779170
427	1.3836669922	5.9529262764	5.4580122803
428	3.0335388184	14.4736721859	3.8392678820
429	0.7647399902	4.6201907738	4.5668152450
430	2.7893676758	16.9880380860	4.9963705552
431	0.5403137207	4.0460489738	3.9501010424
432	2.8804626465	16.4393656892	4.5800617599
433	3.5233764648	5.3678732397	2.2766167282
434	2.6718750000	16.9644750327	5.4505920145
435	0.4293518066	3.5577010487	3.5615046279
436	3.4783325195	6.1071333562	2.3504607273
437	2.9753417969	15.3562705188	4.1196876262
438	0.7077331543	4.5098182805	4.4317031732
439	2.4187622070	14.8583004933	6.0032099658
440	3.9591979980	0.3101092167	2.0011666816
441	3.6918029785	2.9833669744	2.0933168840
442	1.4827270508	6.3508993525	5.5549283078
443	0.7877502441	4.6607232954	4.6175533641
444	0.9063720703	4.8508704174	4.8483675259
445	3.5555725098	4.8656172550	2.2309480910
446	2.6372985840	16.8155551078	5.5612767926
447	2.5588684082	16.2825996954	5.7701501922
448	2.8427734375	16.7275498873	4.7572016978
449	3.1556091309	12.2594123123	3.2944193900
450	1.4176025391	6.0804782162	5.4917078882
451	0.4548645020	3.6859886355	3.6551818880
452	3.8441772461	1.3126069189	2.0196405049
453	2.3066101074	13.5097134977	6.0809996649
454	3.3511352539	8.4045645855	2.6304225962
455	1.9809875488	9.8119929458	5.9870527554
456	2.2774353027	13.1515291533	6.0887362442
457	1.6934814453	7.4884892724	5.7504467042
458	0.0474853516	0.4753737400	2.1353939155
459	3.6317443848	3.7652501505	2.1438987725
460	3.6639404297	3.3368987705	2.1149910959
461	3.6409301758	3.6408428425	2.1352088192
462	2.1242675781	11.3286433722	6.0679896593
463	1.2231445313	5.4589811194	5.2881563066
464	1.6676635742	7.3255432890	5.7271395136
465	1.0079650879	5.0133472679	5.0118741893
466	2.2577819824	12.9108564169	6.0914957291
467	3.3495788574	8.4343162955	2.6345616487
468	3.2085876465	11.2150061855	3.0862140629
469	3.2073974609	11.2386934081	3.0906704006
470	1.3587646484	5.8648273754	5.4328910292
471	2.9659118652	15.4850223796	4.1656513450
472	1.7010498047	7.5375947460	5.7572416523
473	1.3504333496	5.8363590149	5.4244038949
474	0.8732910156	4.7995061988	4.7887966786
475	1.0945739746	5.1701520300	5.1323548329
476	0.4168090820	3.4908649953	3.5146341751
477	3.5161743164	5.4832325921	2.2876220663
478	1.2085266113	5.4219604844	5.2715334822
479	1.6574707031	7.2631319590	5.7178860061
480	1.9735107422	9.7392238258	5.9818185529
481	2.1461181641	11.5785610187	6.0760856980
482	0.2834167480	2.6198302330	2.9943454308
483	2.4330749512	15.0221230719	5.9869501533
484	2.9478759766	15.7190468845	4.2536766262
485	1.5637512207	6.7381499027	5.6315274180
486	2.2044982910	12.2655016959	6.0901511726
487	3.1384887695	12.5901122219	3.3658085302
488	3.6140441895	4.0099642767	2.1616852640
489	0.6190185547	4.2965931818	4.1927636018
490	1.0668334961	5.1172813391	5.0953705684
491	3.6364440918	3.7013796387	2.1394075167
492	3.8068542480	1.6830751677	2.0316367354
493	0.4579162598	3.7006598728	3.6662288518
494	2.8795471191	16.4473705240	4.5844264945
495	2.2673339844	13.0277194934	6.0903902953
496	0.9099731445	4.8564566411	4.8546485276
497	1.4169921875	6.0781056415	5.4911068632
498	2.6168212891	16.7008958548	5.6214881141
499	0.3061828613	2.7892790705	3.0846950803
500	3.9694519043	0.2300894860	2.0006457831
501	2.0428466797	10.4390478271	6.0270287373
502	2.3934936523	14.5627810046	6.0281581244
503	3.5448303223	5.0307438958	2.2455579420
504	1.9317321777	9.3448422523	5.9512543485
505	1.2367248535	5.4944536759	5.3033906141
506	3.7660217285	2.1162642295	2.0489062866
507	0.9988098145	4.9980179259	4.9982130671
508	3.0071411133	14.8917890766	3.9655380423
509	1.5240173340	6.5409004329	5.5942108098
510	2.1581115723	11.7175224792	6.0799157333
511	1.7394714355	7.7964404094	5.7914490458
512	3.1579895020	12.2130981058	3.2846460437
513	2.4487609863	15.1981285161	5.9672878421
514	1.4115905762	6.0572352597	5.4857801322
515	2.8509826660	16.6720623302	4.7191096684
516	1.7120361328	7.6099709388	5.7670733828
517	0.0932312012	0.9291872417	2.2812358052
518	1.4621276855	6.2615907034	5.5351131669
519	3.5123291016	5.5452696375	2.2936197850
520	3.1006469727	13.3022937396	3.5300195858
521	0.7224121094	4.5398318501	4.4678182701
522	2.1400756836	11.5090195477	6.0739876130
523	0.2043762207	1.9701286719	2.6840946946
524	1.7220458984	7.6770507245	5.7759969475
525	2.5535888672	16.2383377825	5.7821065263
526	1.0962219238	5.1733831916	5.1345086715
527	2.0419616699	10.4297680524	6.0265037403
528	2.9297180176	15.9377085370	4.3422332720
529	1.6508483887	7.2231580381	5.7118588704
530	1.8525390625	8.6545294348	5.8884221015
531	3.2308044434	10.7720422707	3.0049648749
532	1.1456298828	5.2754729915	5.1970208803
533	3.9445800781	0.4266851476	2.0021915227
534	2.9779968262	15.3192526863	4.1067606402
535	1.6496276855	7.2158387094	5.7107465947
536	1.0985412598	5.1779486812	5.1375320683
537	2.3760986328	14.3555552911	6.0426685873
538	1.3894042969	5.9738745935	5.4637505960
539	3.5570983887	4.8423614005	2.2289224850
540	1.1871337891	5.3698741616	5.2467589793
541	3.1669921875	12.0372873230	3.2480280141
542	3.7770996094	1.9957703054	2.0437617201
543	3.4240417480	7.0524276124	2.4563250795
544	1.9685363770	9.6911767468	5.9782939875
545	3.2139282227	11.1086478389	3.0663466617
546	2.1557006836	11.6894913790	6.0791823216
547	3.8902282715	0.8870948274	2.0091988994
548	3.7714538574	2.0568984534	2.0463392716
549	1.6079406738	6.9749180500	5.6725287932
550	2.5400085449	16.1202883610	5.8116621038
551	0.8466186523	4.7575935430	4.7381818663
552	3.4344482422	6.8668478677	2.4345260414
553	2.2790527344	13.1713702976	6.0884239466
554	1.7457275391	7.8401207492	5.7969696635
555	2.6422119141	16.8402267097	5.5462350764
556	3.1692810059	11.9924370166	3.2388064079
557	1.7658691406	7.9837151104	5.8146390895
558	0.3152465820	2.8543981671	3.1206213852
559	2.4162292480	14.8290188722	6.0059243662
560	0.5491333008	4.0776373636	3.9787262859
561	3.1099548340	13.1299086070	3.4888554448
562	0.5683898926	4.1433491658	4.0399817082
563	2.5551147461	16.2512264074	5.7786778643
564	3.6219482422	3.8998717490	2.1535703086
565	0.8755187988	4.8029779577	4.7929173181
566	1.7782592773	8.0743160096	5.8254238121
567	1.2744445801	5.5986945398	5.3447380440
568	0.1486816406	1.4631358708	2.4751144245
569	0.2938842773	2.6987771514	3.0358927608
570	2.4719848633	15.4508092900	5.9345073784
571	0.3261108398	2.9306714151	3.1636062251
572	3.9665527344	0.2525693203	2.0007769356
573	3.5330200195	5.2151247427	2.2623403196
574	3.8564453125	1.1959247688	2.0164137122
575	2.8302917480	16.8040555156	4.8145070252
576	2.4773864746	15.5080637097	5.9262371865
577	1.0920410156	5.1652060712	5.1290351081
578	2.3692321777	14.2730695361	6.0478230863
579	1.2324829102	5.4832598429	5.2986529394
580	0.2608642578	2.4438714047	2.9049709724
581	3.3208007813	8.9899229382	2.7143832208
582	3.3541564941	8.3469050552	2.6224396242
583	3.3854980469	7.7565763530	2.5436031702
584	2.8127746582	16.8953589560	4.8935571992
585	0.0643615723	0.6436715429	2.1875415517
586	0.8623352051	4.7823781167	4.7682951845
587	1.7565307617	7.9165746226	5.8064672758
588	0.4083251953	3.4442215808	3.4826497235
589	1.4325866699	6.1396467706	5.5064096628
590	2.5776977539	16.4325622148	5.7253632260
591	0.7592468262	4.6102192528	4.5543884187
592	0.0904846191	0.9021934409	2.2720901370
593	2.6946411133	17.0295527087	5.3716712017
594	1.8679809570	8.7832655342	5.9010855249
595	3.2106933594	11.1730835789	3.0783554045
596	0.7831420898	4.6527547328	4.6075601723
597	3.2985229492	9.4262296848	2.7805092108
598	0.9603271484	4.9354199405	4.9385823739
599	2.9134216309	16.1188278481	4.4214416372
600	3.5294799805	5.2709682639	2.2675205005
601	3.0155334473	14.7618809493	3.9251878181
602	3.2422485352	10.5436229132	2.9645636003
603	2.3624572754	14.1913574420	6.0525994618
604	0.8551940918	4.7711530868	4.7547167396
605	0.2099609375	2.0189289233	2.7056274470
606	3.6872253418	3.0403728371	2.0966757899
607	2.5773620605	16.4300005944	5.7261911718
608	2.2568359375	12.8992958660	6.0915815208
609	1.2334594727	5.4858276251	5.2997452872
610	1.4057006836	6.0347367780	5.4799559110
611	0.0593566895	0.5938417075	2.1718671365
612	1.8150329590	8.3535494247	5.8570010736
613	3.9446716309	0.4259457516	2.0021840410
614	3.3206176758	8.9934889352	2.7149112253
615	2.8731079102	16.5022728965	4.6150482916
616	0.9328613281	4.8920873806	4.8936806662
617	1.3536987305	5.8474577459	5.4277355152
618	2.9683837891	15.4516875511	4.1535961284
619	2.8540344238	16.6503935886	4.7048730836
620	1.1989746094	5.3984023247	5.2605393013
621	3.3916931152	7.6416940546	2.5288664707
622	3.4245605469	7.0431284626	2.4552208888
623	2.9401855469	15.8137797444	4.2912058731
624	0.3760681152	3.2561199838	3.3591935559
625	2.8053894043	16.9282197812	4.9263616579
626	2.3547363281	14.0978840327	6.0576753620
627	1.6292419434	7.0958461397	5.6921135699
628	0.5140075684	3.9459497275	3.8626342824
629	3.1764831543	11.8509425113	3.2100253632
630	2.1901550293	12.0944201101	6.0878102289
631	0.5606994629	4.1176306000	4.0157243087
632	0.1881713867	1.8262938582	2.6221341513
633	0.0664062500	0.6640055931	2.1939949324
634	2.4286804199	14.9721313652	5.9921106964
635	2.2227783203	12.4853573845	6.0919716453
636	0.8627929688	4.7830958679	4.7691597548
637	2.2857055664	13.2530165159	6.0869987784
638	1.0604553223	5.1055101240	5.0866649725
639	0.7844238281	4.6549781700	4.6103480793
640	2.3791198730	14.3917342600	6.0402990944
641	2.2885742188	13.2882354185	6.0863135722
642	0.1186218262	1.1765516680	2.3679267366
643	1.0524902344	5.0909990592	5.0756824262
644	1.5687561035	6.7640310021	5.6361968893
645	3.6924438477	2.9754196631	2.0928528049
646	3.3553771973	8.3236438089	2.6192334897
647	3.5536193848	4.8954572479	2.2335587677
648	1.9919738770	9.9201152412	5.9945998224
649	2.9224548340	16.0202333956	4.3775795299
650	3.0423889160	14.3275212706	3.7974133533
651	0.7413330078	4.5767998854	4.5129998258
652	0.8009643555	4.6832069973	4.6457530712
653	2.9810791016	15.2758622076	4.0917631898
654	3.8968505859	0.8286448174	2.0080555208
655	3.3281250000	8.8475840788	2.6934726678
656	3.7281188965	2.5458287008	2.0693159994
657	0.3424987793	3.0420198200	3.2282078585
658	2.1322021484	11.4188935797	6.0710904632
659	0.7423706055	4.5787754872	4.5154335962
660	0.1992492676	1.9249756106	2.6644044045
661	0.9722900391	4.9545997327	4.9575147762
662	3.6338195801	3.7369906076	2.1419038608
663	3.7104492188	2.7554771542	2.0804198470
664	1.5720520020	6.7812034385	5.6392682642
665	2.4719238281	15.4501588894	5.9345994147
666	1.2598876953	5.5574450878	5.3289412967
667	2.9637145996	15.5144023180	4.1763701094
668	3.4991149902	5.7608186275	2.3148896170
669	2.3481445313	14.0178203309	6.0617052204
670	3.2670898438	10.0485346890	2.8803097591
671	3.0705871582	13.8439557409	3.6660559727
672	0.4164733887	3.4890415105	3.5133728098
673	0.4078063965	3.4413314064	3.4806867842
674	2.8615417480	16.5946968076	4.6696858600
675	3.3935241699	7.6078593026	2.5245634668
676	0.1567382813	1.5385615972	2.5045868927
677	1.2770080566	5.6060949118	5.3475001449
678	1.8744506836	8.8380438368	5.9063381734
679	1.1711120605	5.3324261765	5.2278325594
680	1.6874084473	7.4495275850	5.7449817521
681	0.0460510254	0.4610385717	2.1310555493
682	0.5628662109	4.1249462251	4.0225865367
683	3.7250976563	2.5812454498	2.0711399983
684	3.9740600586	0.1945912969	2.0004630230
685	2.0385742188	10.3943300178	6.0244804702
686	2.5356140137	16.0808430097	5.8208588213
687	0.7922668457	4.6684674747	4.6272677443
688	1.9689025879	9.6947039474	5.9785545910
689	3.7063903809	2.8044971049	2.0831218860
690	2.8039245605	16.9343406783	4.9328293898
691	1.9817504883	9.8194555057	5.9875824733
692	2.7236938477	17.0719148317	5.2642752504
693	2.6488647461	16.8718212788	5.5255033251
694	3.9573059082	0.3250316482	2.0012803719
695	0.3567810059	3.1354089781	3.2841933487
696	1.6283264160	7.0905557164	5.6912742167
697	1.7574157715	7.9228955999	5.8072432708
698	0.4642944336	3.7308664811	3.6892026477
699	0.1419067383	1.3992299677	2.4505623768
700	2.7739257813	17.0308990149	5.0622406892
701	3.4851989746	5.9917324317	2.3384163035
702	0.0982055664	0.9779687380	2.2979183536
703	3.5549926758	4.8744675077	2.2317210344
704	2.4412536621	15.1143851831	5.9769424632
705	0.2414855957	2.2864811477	2.8285529342
706	3.4879455566	5.9458416680	2.3336797740
707	2.7641296387	17.0506212631	5.1031574896
708	2.7138061523	17.0627642676	5.3016447969
709	0.9112854004	4.8584930709	4.8569277347
710	3.7938537598	1.8177608365	2.0366397018
711	0.9698181152	4.9506182227	4.9536327599
712	1.2163696289	5.4416757553	5.2804819208
713	0.4998474121	3.8882524205	3.8142892544
714	0.5083312988	3.9231506893	3.8433588281
715	0.6119079590	4.2766505831	4.1720331323
716	2.9780578613	15.3183977907	4.1064635559
717	0.9021301270	4.8442927733	4.8409186338
718	1.3818359375	5.9462925412	5.4561771431
719	2.7017211914	17.0441672941	5.3461769971
720	3.4206848145	7.1127173304	2.4635143808
721	3.7974853516	1.7798374305	2.0351971110
722	0.4733886719	3.7728806440	3.7216862997
723	3.2789611816	9.8127792120	2.8417223574
724	0.4720764160	3.7668941248	3.7170191967
725	2.6690673828	16.9545858711	5.4599965812
726	3.3266601563	8.8760040032	2.6976220935
727	2.9938354492	15.0916380917	4.0298317567
728	1.8043212891	8.2706046529	5.8478746152
729	1.9483337402	9.4990645374	5.9636519560
730	1.2704772949	5.5873225939	5.3404518954
731	3.8140258789	1.6100423504	2.0290650887
732	3.1970214844	11.4449025977	3.1299610060
733	1.2847290039	5.6286345959	5.3557848721
734	1.8447875977	8.5909705289	5.8820018801
735	0.8567810059	4.7736523478	4.7577490435
736	3.0256347656	14.6017408102	3.8768667863
737	0.9400634766	4.9033726667	4.9056538914
738	3.3513488770	8.4004835668	2.6298559044
739	2.3458862305	13.9903417575	6.0630224850
740	0.8747253418	4.8017418083	4.7914515425
741	0.3081359863	2.8034252154	3.0924405969
742	1.5296020508	6.5677553011	5.5994830427
743	1.6937866211	7.4904574975	5.7507210326
744	0.2761840820	2.5642639325	2.9656516157
745	1.5592041016	6.7148394789	5.6272792008
746	3.3573303223	8.2864688809	2.6141267463
747	2.7084655762	17.0555421305	5.3214810193
748	3.5726928711	4.6075367236	2.2089136220
749	2.4096069336	14.7520828634	6.0127933555
750	3.9765319824	0.1756663760	2.0003778351
751	2.9256591797	15.9841793391	4.3619930832
752	0.9057617188	4.8499238497	4.8472990914
753	0.0161437988	0.1616022695	2.0440835263
754	2.7441406250	17.0731078623	5.1844220170
755	2.0657043457	10.6817259896	6.0400475971
756	1.3291931152	5.7659999319	5.4025630014
757	3.9957885742	0.0309973842	2.0000118848
758	1.4078369141	6.0428658133	5.4820702764
759	1.6157836914	7.0189197288	5.6797533465
760	3.0472717285	14.2456870641	3.7744405484
761	3.5700378418	4.6471498366	2.2122320930
762	2.4068908691	14.7203757480	6.0155162139
763	3.5366821289	5.1576353135	2.2570546674
764	0.7781372070	4.6440193186	4.5966121314
765	0.8346252441	4.7384510265	4.7146285678
766	0.2978515625	2.7282391063	3.0516393642
767	2.0951232910	11.0023379793	6.0551368237
768	0.2419433594	2.2902630315	2.8303521079
769	2.1539001465	11.6685883539	6.0786224760
770	2.3052978516	13.4936023233	6.0814460989
771	0.8204956055	4.7155700931	4.6862235555
772	1.7742004395	8.0444448329	5.8218983568
773	2.6804504395	16.9921753602	5.4214179503
774	1.9977416992	9.9774467576	5.9984905146
775	3.5871887207	4.3939117214	2.1914179035
776	2.0641174316	10.6646930216	6.0391785724
777	3.9996032715	0.0029103483	2.0000001050
778	1.0883483887	5.1580396312	5.1241753737
779	0.8213806152	4.7170151372	4.6880239193
780	0.0177307129	0.1774989840	2.0485273095
781	2.8988952637	16.2677885621	4.4916719633
782	0.3607177734	3.1605518981	3.2995628589
783	3.8331604004	1.4195072963	2.0228315667
784	0.7463378906	4.5862825239	4.5246975569
785	3.2627563477	10.1347622532	2.8946662935
786	3.7196350098	2.6457304621	2.0745153282
787	2.2736206055	13.1047505618	6.0894205503
788	2.6797485352	16.9900511239	5.4238311794
789	1.0919189453	5.1649683341	5.1288748387
790	3.3669128418	8.1048662433	2.5894815549
791	2.7167053223	17.0660179880	5.2907738151
792	1.8044433594	8.2715424094	5.8479789684
793	2.6479187012	16.8674569555	5.5284769468
794	2.1021423340	11.0801571001	6.0584334416
795	1.3665161133	5.8917634555	5.4407493305
796	1.0270385742	5.0459396143	5.0397272203
797	1.7227783203	7.6820018224	5.7766485683
798	3.7484130859	2.3124600785	2.0578316782
799	2.8890991211	16.3614338535	4.5387632841
800	0.6624145508	4.4084769492	4.3141564745
801	2.0334167480	10.3406227365	6.0213586112
802	1.7032470703	7.5519660500	5.7592110608
803	3.3695983887	8.0542118715	2.5826961831
804	1.0470581055	5.0812188689	5.0681202335
805	1.7411499023	7.8081169395	5.7929316308
806	1.6142578125	7.0103115336	5.6783490255
807	2.3941955566	14.5710842394	6.0275279465
808	0.2773742676	2.5734643982	2.9703719900
809	3.0963439941	13.3812909947	3.5492098080
810	3.1799011230	11.7836124571	3.1964932106
811	1.2573242188	5.5503156612	5.3261392200
812	0.0729370117	0.7288529144	2.2147979429
813	3.2079162598	11.2283689597	3.0887266096
814	1.0754394531	5.1333854525	5.1069946580
815	2.2934265137	13.3478194057	6.0850560445
816	3.7647705078	2.1300152837	2.0495098096
817	3.9377441406	0.4822276892	2.0027889696
818	0.0034484863	0.0344942600	2.0092434465
819	3.3342895508	8.7282560476	2.6761891144
820	2.4085693359	14.7399802357	6.0138399899
821	1.9203796387	9.2412804476	5.9426025513
822	1.8698730469	8.7992341030	5.9026250212
823	3.2908020020	9.5784677134	2.8043172434
824	2.0231323242	10.2344259305	6.0149887094
825	2.7073974609	17.0539076960	5.3254186220
826	1.0846557617	5.1509245988	5.1192914892
827	0.8601989746	4.7790258679	4.7642512500
828	0.9535217285	4.9246014445	4.9276461492
829	2.0371093750	10.3790453890	6.0235988281
830	1.9875183105	9.8760944687	5.9915602273
831	3.3579101563	8.2754428527	2.6126161419
832	2.3593139648	14.1533456028	6.0547127423
833	2.2289428711	12.5599059801	6.0922768782
834	3.3987731934	7.5111765034	2.5123606319
835	3.6747741699	3.1975646614	2.1062097320
836	0.8280334473	4.7278253404	4.7014665097
837	1.7030639648	7.5507664615	5.7590470012
838	0.2951660156	2.7083233971	3.0409803427
839	2.3589172363	14.1485437334	6.0549748806
840	1.1132812500	5.2074655886	5.1565342837
841	0.6248779297	4.3126669815	4.2096677332
842	0.6105346680	4.2727427714	4.1680020063
843	2.8228759766	16.8450020462	4.8481776821
844	3.9981079102	0.0138982232	2.0000023922
845	2.6744995117	16.9733552587	5.4417350105
846	1.1616516113	5.3109169807	5.2164983796
847	1.6755676270	7.3746840822	5.7342952945
848	2.2832336426	13.2226741883	6.0875548995
849	0.9414672852	4.9055779038	4.9079709048
850	3.6990661621	2.8937775909	2.0881450195
851	2.1794128418	11.9672095691	6.0855603019
852	1.9003906250	9.0626851954	5.9270541155
853	2.9440002441	15.7671745179	4.2725928453
854	1.0827636719	5.1472985399	5.1167795492
855	2.8321838379	16.7930696157	4.8058700564
856	3.1505737305	12.3571296327	3.3152177933
857	3.7738342285	2.0310546255	2.0452413747
858	3.5830078125	4.4550656015	2.1963572240
859	0.0743408203	0.7427706820	2.2193071307
860	3.0672912598	13.9017928118	3.6812366691
861	1.3654785156	5.8881325561	5.4396995158
862	3.3061523438	9.2762833947	2.7574343880
863	1.1206970215	5.2226539048	5.1659594909
864	1.9049072266	9.1026211936	5.9306007525
865	0.8909301758	4.8269264907	4.8209869212
866	0.7453613281	4.5844414433	4.5224233087
867	0.9177246094	4.8684940561	4.8680378900
868	3.7518920898	2.2732380044	2.0559935632
869	2.2791442871	13.1724934953	6.0884058724
870	2.4565124512	15.2835815664	5.9568411785
871	0.2255249023	2.1527430168	2.7660533209
872	1.2690734863	5.5833221336	5.3389318836
873	2.8605651855	16.6021338580	4.6742759367
874	0.8587341309	4.7767244734	4.7614694123
875	1.8247375488	8.4298470998	5.8652140441
876	1.5529479980	6.6830829177	5.6214251608
877	1.1365966797	5.2560161610	5.1858760365
878	0.1604309082	1.5729157385	2.5181909527
879	2.8487548828	16.6875245473	4.7294768425
880	3.1240234375	12.8657451342	3.4275756635
881	2.6743164063	16.9727471718	5.4423549991
882	2.4100036621	14.7567069677	6.0123910619
883	2.2406005859	12.7013729215	6.0924089719
884	3.0399780273	14.3676160459	3.8087881452
885	0.1257324219	1.2450201036	2.3928611571
886	1.6715393066	7.3495577964	5.7306505269
887	2.3350219727	13.8578435443	6.0689163183
888	2.1340332031	11.4398030168	6.0717804258
889	2.3726196289	14.3138063326	6.0453200157
890	1.3256530762	5.7545780772	5.3988930172
891	1.5655822754	6.7475913056	5.6332365381
892	1.3781738281	5.9331000007	5.4525013164
893	2.7957763672	16.9659923754	4.9685631712
894	3.4953308105	5.8232154532	2.3211714387
895	1.2965393066	5.6638497014	5.3683605128
896	2.3714904785	14.3002366618	6.0461629521
897	3.6697387695	3.2620276291	2.1102340408
898	1.5965576172	6.9121289320	5.6620153257
899	3.7800598145	1.9639510106	2.0424465404
900	1.9533996582	9.5467808462	5.9673711725
901	1.6822814941	7.4169396472	5.7403596203
902	3.0142517090	14.7819089369	3.9313390651
903	2.2380981445	12.6709552980	6.0924306305
904	0.9420166016	4.9064413537	4.9088760867
905	1.5787963867	6.8166638337	5.6455442697
906	3.9030151367	0.7748352634	2.0070668601
907	1.0695190430	5.1222790385	5.0990128664
908	3.9972839355	0.0199650122	2.0000049343
909	2.9320983887	15.9100408108	4.3306370634
910	2.1127929688	11.1991788542	6.0631960772
911	0.1820678711	1.7712915536	2.5990181486
912	1.6094360352	6.9832607207	5.6739074523
913	2.0366821289	10.3745919230	6.0233409253
914	0.2398071289	2.2725882180	2.8219588507
915	3.4494934082	6.6021526623	2.4042943643
916	0.2121276855	2.0377526125	2.7140041851
917	3.9284667969	0.5586718320	2.0037246735
918	0.8022766113	4.6854120670	4.6485170079
919	0.2934265137	2.6953613662	3.0340757347
920	1.4207763672	6.0928627352	5.4948304241
921	2.5291442871	16.0217086299	5.8340741462
922	2.5411987305	16.1308689079	5.8091405352
923	0.3905639648	3.3427717850	3.4150115329
924	2.3959045410	14.5912802068	6.0259788674
925	3.9158935547	0.6642626439	2.0052301189
926	3.8460693359	1.2944500706	2.0191207064
927	1.5046386719	6.4498706402	5.5758428619
928	3.3312988281	8.7860921674	2.6845381921
929	3.7157897949	2.6914701947	2.0769517641
930	1.3058471680	5.6922424136	5.3781921637
931	3.4434204102	6.7084766421	2.4163166127
932	2.0673522949	10.6994428830	6.0409443322
933	1.6253051758	7.0731568928	5.6885028164
934	0.3844604492	3.3067111244	3.3915722361
935	2.1408386230	11.5177822677	6.0742585989
936	2.8294067383	16.8091189531	4.8185405655
937	1.0549926758	5.0955359471	5.0791463263
938	2.2218933105	12.4746706948	6.0919147648
939	2.8638916016	16.5765668138	4.6586257341
940	0.0908813477	0.9060950630	2.2734082669
941	0.8988342285	4.8391829897	4.8350932577
942	3.5596923828	4.8029405011	2.2255069747
943	0.5447082520	4.0619086056	3.9644085856
944	1.5617065430	6.7276441229	5.6296178362
945	2.4289855957	14.9756121075	5.9917571773
946	2.7919616699	16.9794165707	4.9851474362
947	2.2377319336	12.6665061534	6.0924314821
948	1.3015747070	5.6791390456	5.3736877554
949	3.3150329590	9.1024210924	2.7311384503
950	2.1409606934	11.5191847827	6.0743017948
951	2.7015380859	17.0438236666	5.3468419154
952	3.9580993652	0.3187678647	2.0012320198
953	3.7688293457	2.0855131365	2.0475687709
954	2.9580688477	15.5887974711	4.2039211401
955	0.1059265137	1.0533919545	2.3241085629
956	3.1302795410	12.7470033353	3.4007036867
957	2.8137512207	16.8907635982	4.8891953668
958	2.1494140625	11.6166269704	6.0771831146
959	3.8641052246	1.1243121384	2.0145676845
960	3.8565979004	1.1944889672	2.0163756901
961	0.6794128418	4.4481559678	4.3593334146
962	0.7267456055	4.5484623666	4.4783013850
963	0.5894775391	4.2104506707	4.1050805377
964	2.2284851074	12.5543637312	6.0922597259
965	2.3211669922	13.6882934407	6.0753956243
966	0.4831542969	3.8166370725	3.7562008568
967	0.1778564453	1.7330868956	2.5831450076
968	0.1284484863	1.2710688319	2.4024569098
969	3.0644836426	13.9507989318	3.6942065155
970	3.7939147949	1.8171215357	2.0366151641
971	1.0144348145	5.0242992004	5.0214125381
972	0.0934448242	0.9312850313	2.2819491027
973	0.3747558594	3.2481035982	3.3541157916
974	0.5422058105	4.0529068708	3.9562720305
975	0.3057861328	2.7863980217	3.0831215589
976	0.3031311035	2.7670510988	3.0725894149
977	0.7515563965	4.5960472032	4.5367832357
978	2.1699829102	11.8562378469	6.0832502792
979	2.5369873047	16.0932332406	5.8180040406
980	1.6930847168	7.4859320631	5.7500900351
981	1.7483825684	7.8587896295	5.7993080595
982	0.8536376953	4.7686990218	4.7517344409
983	2.0534973145	10.5514091311	6.0332268160
984	1.1932373047	5.3844872467	5.2538836253
985	1.1170349121	5.2151245705	5.1613161186
986	2.8048400879	16.9305305105	4.9287885912
987	1.7683410645	8.0016519471	5.8167960806
988	3.0910034180	13.4786934980	3.5731639762
989	2.0772094727	10.8060244248	6.0461840729
990	1.6963500977	7.5070297970	5.7530242749
991	3.9940795898	0.0436410612	2.0000235366
992	2.5196838379	15.9330427644	5.8527082050
993	3.7110595703	2.7481337659	2.0800185006
994	2.2127685547	12.3647330143	6.0911409355
995	3.3998413086	7.4915595501	2.5099014583
996	2.0715637207	10.7448521862	6.0432092306
997	0.4827270508	3.8147518146	3.7546989428
998	3.7262878418	2.5672723505	2.0704178381
999	2.0933227539	10.9824562665	6.0542715309
1000	1.5364685059	6.6011591795	5.6059527453
