0	0.3583679199	10.4581443666	5.8222778660
1	0.0956115723	2.5901685491	3.5321009936
2	0.1803588867	4.8794214888	4.9004848358
3	0.4934692383	15.0619481072	3.5787214534
4	0.7989807129	-45.2570341223	78.5200641655
5	0.7519531250	-25.8765106428	54.7276123286
6	0.5088806152	15.0865025545	3.7689899500
7	0.0711669922	1.8174156827	3.2804665289
8	0.0423278809	0.9221182631	2.9659722462
9	0.4176025391	12.9987948474	4.5263994007
10	0.4809570313	14.9167675463	3.5535433302
11	0.9795532227	-147.4127711511	205.1721620209
12	0.6068420410	9.4896203381	11.3681838264
13	0.5780944824	12.3681716541	7.7256243487
14	0.8494262695	-69.9300149913	108.9312590192
15	0.4390869141	13.8133321021	4.0617531528
16	0.4845581055	14.9690570894	3.5501779589
17	0.2328186035	6.1502508067	5.8669896936
18	0.2412414551	6.3693630764	5.9920235537
19	0.7875671387	-40.2148126444	72.3217054800
20	0.9734191895	-143.4443732073	200.2197401429
21	0.3831787109	11.5357424174	5.3233417590
22	0.5520324707	14.0180389708	5.5325295497
23	0.0308837891	0.6032037542	2.7949828575
24	0.6341552734	5.5992683138	16.1881295347
25	0.6459350586	3.5477287372	18.7116956940
26	0.4655761719	14.6080709419	3.6515814124
27	0.5187988281	15.0000049101	3.9999894962
28	0.3723144531	11.0614914248	5.5551123297
29	0.9915466309	-155.2316154914	214.9363439637
30	0.0984497070	2.6776839790	3.5643152102
31	0.7456665039	-23.5723623152	51.9045704948
32	0.6453552246	3.6541564188	18.5809591001
33	0.6072998047	9.4340235220	11.4376064450
34	0.7695312500	-32.6840828018	63.0751183976
35	0.2763671875	7.3769058508	6.3466683390
36	0.7946166992	-43.3043092007	76.1189077815
37	0.8857727051	-89.8543336045	133.5800287286
38	0.8944091797	-94.8179313780	139.7321649704
39	0.7969360352	-44.3383261521	77.3902724212
40	0.5024108887	15.0985261713	3.6656821961
41	0.5379333496	14.5748422121	4.7267473399
42	0.0050659180	0.0627371812	2.1775339715
43	0.2904357910	7.8317817296	6.3977363750
44	0.3740234375	11.1359951602	5.5198583038
45	0.8316345215	-60.8041788045	97.6678313133
46	0.8943786621	-94.8002489893	139.7102406614
47	0.3376770020	9.5917138880	6.1365504980
48	0.6447143555	3.7711259567	18.4372534674
49	0.9546203613	-131.4278725340	185.2376000688
50	0.8855285645	-89.7152212770	133.4076701028
51	0.5430908203	14.3965438284	4.9930699844
52	0.0118103027	0.1719419042	2.3804000660
53	0.5031127930	15.0988349174	3.6751860903
54	0.2266845703	5.9948300099	5.7683386173
55	0.0853576660	2.2692200339	3.4220974859
56	0.5917053223	11.1525133579	9.2785345745
57	0.0948181152	2.5655888681	3.5232452048
58	0.6104736328	9.0397802394	11.9292661577
59	0.3933715820	11.9792037259	5.0926217168
60	0.0018310547	0.0206104706	2.0668649463
61	0.1073913574	2.9488647162	3.6717980999
62	0.8185119629	-54.3625948122	89.7279806905
63	0.9468383789	-126.5242722282	179.1300312856
64	0.5678405762	13.1191959614	6.7462115778
65	0.5416564941	14.4489996991	4.9158013290
66	0.4908752441	15.0404792487	3.5647326282
67	0.2022399902	5.3997036260	5.3278909754
68	0.6555175781	1.7059842194	20.9718355123
69	0.0098876953	0.1380575403	2.3261567673
70	0.0207824707	0.3554338148	2.6005475720
71	0.6434936523	3.9920081757	18.1658263030
72	0.1278076172	3.5384678158	3.9555329765
73	0.8490295410	-69.7217894499	108.6740689025
74	0.5740051270	12.6841733479	7.3160548957
75	0.9577026367	-133.3820575560	187.6726101920
76	0.9268798828	-114.1630657308	163.7504718946
77	0.3591308594	10.4908519685	5.8087018394
78	0.2333679199	6.1643298889	5.8755273261
79	0.3360900879	9.5272352043	6.1560148228
80	0.7812194824	-37.5025312704	68.9899329567
81	0.1665039063	4.5446020385	4.6308550235
82	0.2684326172	7.1341443985	6.2933524790
83	0.8995971680	-97.8383161571	143.4779390487
84	0.0375061035	0.7837281886	2.8990941818
85	0.7119750977	-12.4209245774	38.2562598974
86	0.5299072266	14.7970151668	4.3737153555
87	0.2498779297	6.6019936712	6.1059337795
88	0.6178283691	8.0665109999	13.1390196184
89	0.8643188477	-77.8957288165	118.7766200059
90	0.9691467285	-140.6934781110	196.7880538231
91	0.1448364258	3.9974840618	4.2334482454
92	0.1015625000	2.7729008860	3.6006637553
93	0.6583862305	1.1239814392	21.6853170062
94	0.2828063965	7.5811433368	6.3771177797
95	0.2995910645	8.1451568492	6.3996834607
96	0.9324951172	-117.6077497321	168.0338321587
97	0.1584777832	4.3460028957	4.4791042443
98	0.6823425293	-4.2984213824	28.3231115804
99	0.3121643066	8.5979420415	6.3609856269
100	0.7507934570	-25.4462563408	54.2003779007
101	0.4465637207	14.0656233808	3.9222004634
102	0.7884216309	-40.5849891127	72.7765622888
103	0.7143554688	-13.1419739032	39.1381672872
104	0.8501281738	-70.2989298211	109.3869462969
105	0.7356262207	-20.0371247391	47.5753533756
106	0.6506347656	2.6640524676	19.7966158066
107	0.1473693848	4.0633818627	4.2776819999
108	0.7595214844	-28.7420959933	58.2401474438
109	0.6079101563	9.3593997906	11.5307521262
110	0.8918457031	-93.3361104567	137.8950560590
111	0.6627807617	0.2047433615	22.8116629829
112	0.9506530762	-128.9224798739	182.1166051207
113	0.3781738281	11.3171633651	5.4322793586
114	0.9779052734	-146.3445076544	203.8387843979
115	0.1481628418	4.0839072110	4.2916775327
116	0.6696472168	-1.2990550251	24.6531093672
117	0.5820312500	12.0427969751	8.1443525977
118	0.6120605469	8.8368735070	12.1819149074
119	0.8779602051	-85.4364840993	128.1081011656
120	0.8942260742	-94.7118520371	139.6006385398
121	0.5892028809	11.3953837611	8.9705271700
122	0.2544555664	6.7289566799	6.1598074291
123	0.1892089844	5.0901266003	5.0745917217
124	0.4156799316	12.9208549660	4.5708368809
125	0.3417663574	9.7593095201	6.0832010719
126	0.7667846680	-31.5853424974	61.7271230572
127	0.2823791504	7.5673869131	6.3754627672
128	0.0459289551	1.0285801492	3.0119462518
129	0.2174987793	5.7674515318	5.6104683791
130	0.1817932129	4.9136784827	4.9286916031
131	0.1471252441	4.0570552318	4.2733888483
132	0.9496154785	-128.2691023823	181.3028431605
133	0.0180969238	0.2964461622	2.5399342223
134	0.5976867676	10.5356151218	10.0571920235
135	0.6130371094	8.7100781592	12.3396679553
136	0.1009826660	2.7552277009	3.5938093941
137	0.0825195313	2.1793308274	3.3930876064
138	0.1978454590	5.2951342880	5.2432620730
139	0.5254821777	14.8919451753	4.2094654670
140	0.8661193848	-78.8780067231	119.9915464451
141	0.5252075195	14.8972126950	4.1999554392
142	0.3951721191	12.0570346885	5.0509440385
143	0.0463256836	1.0404511086	3.0168301264
144	0.7097167969	-11.7462877316	37.4311680624
145	0.5994567871	10.3430869508	10.2992764884
146	0.1018066406	2.7803333653	3.6035614767
147	0.0798034668	2.0930043585	3.3657511100
148	0.0274047852	0.5136767852	2.7334406864
149	0.1855773926	5.0038306810	5.0031694262
150	0.1235351563	3.4186660577	3.8915777465
151	0.8231506348	-56.6106567330	92.4979092205
152	0.1025085449	2.8016722178	3.6119312878
153	0.4042663574	12.4461937146	4.8381316245
154	0.6792907715	-3.5513064073	27.4091946921
155	0.4425354004	13.9320655895	3.9955127923
156	0.1882629395	5.0676607582	5.0560002026
157	0.3547973633	10.3056723487	5.8840605326
158	0.0458374023	1.0258444824	3.0108143885
159	0.8737792969	-83.1014523320	125.2174085214
160	0.7147827148	-13.2724732034	39.2977858247
161	0.9784851074	-146.7202029672	204.3076985519
162	0.3271179199	9.1689826205	6.2526319548
163	0.7481384277	-24.4700787405	53.0043168354
164	0.6210632324	7.6116251551	13.7028213119
165	0.0466918945	1.0514322483	3.0213086517
166	0.3489685059	10.0591501139	5.9784298253
167	0.4430847168	13.9506125801	3.9852472778
168	0.8121032715	-51.3099717341	85.9684907179
169	0.2744140625	7.3162506364	6.3351345822
170	0.6785278320	-3.3671176045	27.1838632862
171	0.2580261230	6.8298815179	6.1984810413
172	0.7407836914	-21.8307807976	49.7715301934
173	0.5583190918	13.6968245956	5.9739758632
174	0.7687683105	-32.3775870385	62.6990646599
175	0.7152099609	-13.4033011892	39.4578084246
176	0.1150512695	3.1751082227	3.7717891731
177	0.3400878906	9.6902748111	6.1056492754
178	0.2280578613	6.0293515086	5.7909342623
179	0.9854736328	-151.2629841181	209.9792387188
180	0.7298889160	-18.0974758632	45.2011164006
181	0.0948486328	2.5665351236	3.5235846340
182	0.2147216797	5.6997545521	5.5606875077
183	0.4389038086	13.8069197956	4.0653532101
184	0.4243164063	13.2653145084	4.3738660616
185	0.9442138672	-124.8806429189	177.0836735818
186	0.9565429688	-132.6460438145	186.7554334483
187	0.3208007813	8.9235975768	6.3065796459
188	0.1635131836	4.4710793600	4.5738045110
189	0.3947753906	12.0399034586	5.0601452365
190	0.3952941895	12.0623036973	5.0481109689
191	0.5523071289	14.0049742860	5.5507194478
192	0.2456970215	6.4882968529	6.0527161935
193	0.2012023926	5.3749817764	5.3080065165
194	0.9562377930	-132.4525108238	186.5142776443
195	0.6562500000	1.5587387732	21.1523732919
196	0.6343383789	5.5691445245	16.2252456105
197	0.3546752930	10.3004780658	5.8861206395
198	0.4426879883	13.9372278687	3.9926530802
199	0.8079528809	-49.3665312834	83.5761004836
200	0.4150390625	12.8947294729	4.5857066966
201	0.1961364746	5.2545430940	5.2100904654
202	0.0556030273	1.3244940810	3.1228798782
203	0.0110168457	0.1577049350	2.3583432640
204	0.3776550293	11.2945058915	5.4433714206
205	0.6544494629	1.9190602830	20.7105464238
206	0.5379638672	14.5738705516	4.7282303241
207	0.3979797363	12.1779479852	4.9855761630
208	0.7232360840	-15.9220324311	42.5390459104
209	0.6098632813	9.1167912873	11.8333082009
210	0.4445190430	13.9985492078	3.9588344605
211	0.6562500000	1.5587387732	21.1523732919
212	0.8962402344	-95.8806966753	141.0499846840
213	0.3821105957	11.4891069454	5.3468699054
214	0.5360412598	14.6331793781	4.6369200567
215	0.5787963867	12.3116919517	7.7985090483
216	0.5413208008	14.4609547531	4.8980767973
217	0.3438720703	9.8463827472	6.0539708797
218	0.2991333008	8.1291598790	6.4001855228
219	0.7400207520	-21.5624703088	49.4429664016
220	0.5855407715	11.7349009503	8.5382900269
221	0.6589050293	1.0172058918	21.8161825194
222	0.5906066895	11.2602339168	9.1420367382
223	0.2964172363	8.0349551217	6.4018612029
224	0.4453430176	14.0257599395	3.9439243914
225	0.1454162598	4.0126200946	4.2435133131
226	0.4069824219	12.5607776239	4.7742558527
227	0.9124450684	-105.4370053255	152.9085969265
228	0.3585510254	10.4659902727	5.8190314369
229	0.2643127441	7.0118309202	6.2590695517
230	0.7792053223	-36.6558523894	67.9502176879
231	0.8112487793	-50.9076829397	85.4732011655
232	0.8414916992	-65.8059890853	103.8391070630
233	0.2324218750	6.1400997670	5.8607921166
234	0.7919311523	-42.1178479173	74.6604073637
235	0.9504699707	-128.8071207025	181.9729239987
236	0.2708740234	7.2078162243	6.3115682156
237	0.2609252930	6.9131015706	6.2276368718
238	0.7282104492	-17.5411458637	44.5202640354
239	0.3230895996	9.0118227550	6.2884010774
240	0.5909729004	11.2245179042	9.1873136110
241	0.9184875488	-109.0664421838	157.4165284512
242	0.3390502930	9.6477684360	6.1191438752
243	0.3831176758	11.5330779246	5.3246900661
244	0.1455993652	4.0173935537	4.2466993261
245	0.6196594238	7.8110597910	13.4557460440
246	0.2378540039	6.2803849646	5.9432896669
247	0.5963134766	10.6818318781	9.8730645904
248	0.6351318359	5.4379694388	16.3868441346
249	0.2379760742	6.2835706865	5.9450831640
250	0.4199218750	13.0919003930	4.4731906309
251	0.1162414551	3.2097281567	3.7880152644
252	0.1984863281	5.3103645436	5.2556671710
253	0.8445129395	-67.3661811871	105.7651491920
254	0.9071350098	-102.2764551422	148.9848611870
255	0.5846862793	11.8114312189	8.4405604350
256	0.6203308105	7.7160676156	13.5734506975
257	0.5709228516	12.9078206240	7.0240859924
258	0.5173034668	15.0185631742	3.9592234284
259	0.0577392578	1.3912914581	3.1455507961
260	0.6628723145	0.1852352730	22.8355597830
261	0.5978088379	10.5224848060	10.0737148320
262	0.7589111328	-28.5073109110	57.9522872161
263	0.0563964844	1.3492563406	3.1313603870
264	0.5230712891	14.9357350702	4.1286625290
265	0.2680358887	7.1222571312	6.2902433764
266	0.8504028320	-70.4434668603	109.5654873828
267	0.7424316406	-22.4138511649	50.4855886318
268	0.4145812988	12.8760252849	4.5963438183
269	0.3249816895	9.0853446832	6.2721971533
270	0.8648681641	-78.1949777870	119.1467250930
271	0.2191162109	5.8070828855	5.6390534242
272	0.2748718262	7.3304133839	6.3379322980
273	0.2757873535	7.3588367081	6.3433543814
274	0.9996337891	-160.5445078702	221.5759399661
275	0.9570922852	-132.9945660588	187.1897310680
276	0.5971374512	10.5944319830	9.9831548217
277	0.8796997070	-86.4140550483	129.3186048554
278	0.9705505371	-141.5961165715	197.9139558266
279	0.3450012207	9.8932812585	6.0378138140
280	0.3873901367	11.7194108985	5.2292615695
281	0.7613220215	-29.4384655044	59.0940101165
282	0.5317993164	14.7505390036	4.4504176077
283	0.3654174805	10.7618421950	5.6920735614
284	0.2465209961	6.5105394966	6.0634973378
285	0.1488647461	4.1020184950	4.3041121284
286	0.1202697754	3.3258126580	3.8443343765
287	0.3955993652	12.0754717307	5.0410244186
288	0.5773010254	12.4312234313	7.6441508827
289	0.7374572754	-20.6685136359	48.3483619974
290	0.6250915527	7.0219136628	14.4324844050
291	0.1331481934	3.6855494721	4.0388336863
292	0.9163818359	-107.7977351970	155.8404832475
293	0.6774902344	-3.1182809010	26.8794290667
294	0.2821960449	7.5615002963	6.3747374243
295	0.6469421387	3.3615281135	18.9403869355
296	0.3914184570	11.8945596453	5.1375721128
297	0.6877746582	-5.6694028649	29.9999110203
298	0.6939086914	-7.2810498842	31.9707861878
299	0.5528869629	13.9771058129	5.5894451062
300	0.3029479980	8.2635216257	6.3940593869
301	0.2939147949	7.9492367301	6.4014379910
302	0.9733581543	-143.4049970777	200.1706114658
303	0.3145446777	8.6865342670	6.3482426663
304	0.8315734863	-60.7736369394	97.6301646547
305	0.1915283203	5.1451779232	5.1201024315
306	0.0140686035	0.2143392516	2.4407348305
307	0.6691894531	-1.1962282527	24.5272330031
308	0.8699340820	-80.9723689339	122.5825706429
309	0.7345581055	-19.6715711868	47.1278418360
310	0.8845214844	-89.1420937512	132.6976087931
311	0.1783447266	4.8312171146	4.8609242696
312	0.9797363281	-147.5315615294	205.3204430203
313	0.5486450195	14.1720368398	5.3162346391
314	0.3476867676	10.0053813015	5.9980553999
315	0.9036254883	-100.2029237550	146.4115605900
316	0.4737548828	14.7886497419	3.5835642008
317	0.2691650391	7.1561518656	6.2989833577
318	0.5054016113	15.0971448572	3.7090189887
319	0.2076721191	5.5295870963	5.4308051770
320	0.6228942871	7.3467878199	14.0306726308
321	0.4047851563	12.4681481663	4.8259308577
322	0.5681762695	13.0967642307	6.7757993209
323	0.6797180176	-3.6549042954	27.5359296633
324	0.9882812500	-153.0953880425	212.2677694287
325	0.3255920410	9.1091736472	6.2667441682
326	0.7494812012	-24.9622315131	53.6073010427
327	0.1864318848	5.0241509082	5.0199855342
328	0.8781738281	-85.5563462505	128.2565141407
329	0.3763732910	11.2385391248	5.4706021012
330	0.2853393555	7.6633047941	6.3858474753
331	0.0478515625	1.0863489912	3.0353088167
332	0.9300842285	-116.1254771998	166.1904361399
333	0.1149291992	3.1715492120	3.7701355786
334	0.5790100098	12.2943710910	7.8208431450
335	0.3379211426	9.6016619660	6.1334939726
336	0.8177490234	-53.9959285753	89.2763008144
337	0.6754150391	-2.6263401620	26.2775209143
338	0.4703063965	14.7168461502	3.6081123880
339	0.3104553223	8.5348937214	6.3690722888
340	0.0831909180	2.2006270553	3.3999054881
341	0.2565002441	6.7865429064	6.1823217312
342	0.6301879883	6.2384356596	15.4000643612
343	0.9498596191	-128.4227672500	181.4942222349
344	0.0938415527	2.5352720374	3.5124324251
345	0.7347106934	-19.7236686670	47.1916181360
346	0.0804138184	2.1124256627	3.3718626606
347	0.6468811035	3.3728619195	18.9264681668
348	0.1243286133	3.4410595913	3.9032722130
349	0.4027404785	12.3814481013	4.8740020082
350	0.8379516602	-63.9939485247	101.6027919953
351	0.9994506836	-160.4238802398	221.4251470401
352	0.5637817383	13.3791620681	6.4013483564
353	0.8327026367	-61.3395256986	98.3280957834
354	0.6845092773	-4.8389525085	28.9842517781
355	0.7384033203	-20.9970674075	48.7506408699
356	0.2476806641	6.5419795232	6.0784294979
357	0.8643798828	-77.9289600484	118.8177188657
358	0.0610961914	1.4969981775	3.1802634425
359	0.7783508301	-36.2986991446	67.5116857440
360	0.9150085449	-106.9725546486	154.8155513202
361	0.7185974121	-14.4522101908	40.7408622741
362	0.0876159668	2.3404630126	3.4455691122
363	0.3933410645	11.9778828174	5.0933262401
364	0.7901306152	-41.3289202641	73.6907677740
365	0.2353515625	6.2154061060	5.9059279872
366	0.7072753906	-11.0272876760	36.5518643775
367	0.5177001953	15.0138354433	3.9698270416
368	0.2899780273	7.8164752988	6.3969813197
369	0.2372741699	6.2652733951	5.9347332785
370	0.9561767578	-132.4138120012	186.4660568501
371	0.1718750000	4.6754008740	4.7345323738
372	0.8560485840	-73.4366122144	113.2637480664
373	0.0177307129	0.2886568086	2.5313384904
374	0.3579101563	10.4385406068	5.8303610924
375	0.0130615234	0.1950952875	2.4142672881
376	0.9112854004	-104.7444229253	152.0486293672
377	0.9542846680	-131.2154423159	184.9729364047
378	0.4429321289	13.9454709920	3.9880906092
379	0.0111389160	0.1598723475	2.3617664161
380	0.9423828125	-123.7370519305	175.6601232748
381	0.2468261719	6.5187977343	6.0674543473
382	0.3932800293	11.9752408347	5.0947350891
383	0.2494201660	6.5894421824	6.1002898882
384	0.7065734863	-10.8225629739	36.3015029894
385	0.7809448242	-37.3866774314	68.8476555623
386	0.8119506836	-51.2380523089	85.8799423906
387	0.8503112793	-70.3952766697	109.5059594119
388	0.5637512207	13.3810386038	6.3988446656
389	0.1161499023	3.2070702745	3.7867604262
390	0.6174926758	8.1127710395	13.0816311680
391	0.0262451172	0.4847566614	2.7117348321
392	0.9335327148	-118.2471963443	168.8291750020
393	0.5992126465	10.3699161978	10.2655650770
394	0.0635986328	1.5762623646	3.2055745040
395	0.2554016113	6.7555323252	6.1703458989
396	0.8772583008	-85.0430282868	127.6209441564
397	0.6024169922	10.0107715006	10.7162454323
398	0.8835144043	-88.5701150969	131.9890308527
399	0.5824584961	12.0062188432	8.1912612049
400	0.8049621582	-47.9826602644	81.8730585526
401	0.8868103027	-90.4463081535	134.3135180866
402	0.5596618652	13.6221131259	6.0751880288
403	0.0444641113	0.9849850244	2.9936129461
404	0.3075866699	8.4301181617	6.3806471441
405	0.0905761719	2.4334072436	3.4769377651
406	0.7180786133	-14.2902274318	40.5427111499
407	0.2214660645	5.8649511222	5.6800108832
408	0.1137695313	3.1376624146	3.7545246701
409	0.3421325684	9.7744159009	6.0782024626
410	0.6481018066	3.1449847052	19.2062850447
411	0.9124755859	-105.4552486934	152.9312504996
412	0.1720886230	4.6805734859	4.7386832285
413	0.9986877441	-159.9214278599	220.7970679495
414	0.9467773438	-126.4859890088	179.0823630050
415	0.9360961914	-119.8308359714	170.7991851004
416	0.8579101563	-74.4326811372	114.4948635499
417	0.5092773438	15.0846580596	3.7764991642
418	0.2883911133	7.7636790823	6.3938840613
419	0.0563659668	1.3483028570	3.1310355689
420	0.3056030273	8.3584466084	6.3871846957
421	0.4031372070	12.3983062685	4.8646785032
422	0.3190612793	8.8570764194	6.3193472532
423	0.0335693359	0.6749282201	2.8391133249
424	0.8653869629	-78.4779481125	119.4967130403
425	0.4030151367	12.3931209236	4.8675475257
426	0.6762084961	-2.8135333009	26.5065675946
427	0.8000183105	-45.7257911747	79.0965973588
428	0.6855468750	-5.1007671825	29.3044675375
429	0.6634216309	0.0678797098	22.9793114162
430	0.1331481934	3.6855494721	4.0388336863
431	0.7606811523	-29.1899631324	58.7892931067
432	0.4193420410	13.0687215674	4.4864477152
433	0.1338806152	3.7054923573	4.0505424983
434	0.8685607910	-80.2163362122	121.6471534466
435	0.2192382813	5.8100803724	5.6411980355
436	0.0570068359	1.3683436914	3.1378347853
437	0.0472717285	1.0688638545	3.0283427196
438	0.8611145020	-76.1576764817	116.6273763544
439	0.9286193848	-115.2272746647	165.0735785506
440	0.8829345703	-88.2413176165	131.5817375355
441	0.5330505371	14.7178301401	4.5033185642
442	0.4088439941	12.6387768048	4.7305102550
443	0.7668762207	-31.6217597255	61.7717973014
444	0.5575561523	13.7383066244	5.9175685435
445	0.3556213379	10.3407666571	5.8700635788
446	0.7738647461	-34.4437238897	65.2345201632
447	0.5379943848	14.5728979107	4.7297143986
448	0.3244323730	9.0639452313	6.2770107668
449	0.7774658203	-35.9300774548	67.0591030540
450	0.9517517090	-129.6151472526	182.9793727767
451	0.8976135254	-96.6801082947	142.0413801155
452	0.3423461914	9.7832351787	6.0752700291
453	0.5476074219	14.2165936915	5.2529259740
454	0.5661315918	13.2311796106	6.5981188201
455	0.4039001465	12.4306780886	4.8467428366
456	0.1422119141	3.9285863473	4.1883550694
457	0.0147399902	0.2274622630	2.4579978708
458	0.8882751465	-91.2840861523	135.3516805578
459	0.6932067871	-7.0932117510	31.7410889236
460	0.2091979980	5.5662426873	5.4593048791
461	0.3655700684	10.7684486991	5.6891413173
462	0.9815063477	-148.6808304404	206.7551304139
463	0.7809143066	-37.3738125242	68.8318566608
464	0.6896972656	-6.1672860669	30.6087926312
465	0.9881591797	-153.0156335930	212.1681525106
466	0.9708251953	-141.7728613742	198.1344315604
467	0.4872436523	15.0026586848	3.5530827647
468	0.2234191895	5.9133299977	5.7135094603
469	0.9600830078	-134.8957092709	189.5590889825
470	0.4373474121	13.7519912625	4.0962723302
471	0.9880065918	-152.9159512622	212.0436460159
472	0.9003601074	-98.2848740027	144.0318807299
473	0.6617736816	0.4183681626	22.5499624572
474	0.9380187988	-121.0220961578	172.2813472783
475	0.4903564453	15.0356244779	3.5625097353
476	0.3429260254	9.8071998507	6.0672491850
477	0.5148315430	15.0448699532	3.8965551346
478	0.6499023438	2.8042411239	19.6245676122
479	0.0336303711	0.6765829544	2.8400845458
480	0.9128112793	-105.6559848296	153.1805169000
481	0.8453063965	-67.7780015636	106.2736208726
482	0.1398620605	3.8663486974	4.1486455311
483	0.4151000977	12.8972206668	4.5842893894
484	0.0432128906	0.9480566355	2.9775592477
485	0.8718261719	-82.0177797645	123.8762066642
486	0.2591552734	6.8621557112	6.2100796001
487	0.2407226563	6.3556572165	5.9847012313
488	0.6956787109	-7.7586591657	32.5548231755
489	0.8191528320	-54.6712699576	90.1082467047
490	0.1627502441	4.4522360187	4.5593411361
491	0.1009826660	2.7552277009	3.5938093941
492	0.9423217773	-123.6989770207	175.6127308635
493	0.1561889648	4.2885642376	4.4366979758
494	0.4540405273	14.2973955279	3.7995172268
495	0.8716125488	-81.8995320453	123.7298714510
496	0.6727294922	-2.0010347165	25.5123200551
497	0.9594726563	-134.5072264822	189.0748863845
498	0.4542846680	14.3045851666	3.7958358219
499	0.1394653320	3.8557887497	4.1420048935
500	0.4259643555	13.3292517565	4.3372220308
501	0.4012756348	12.3190615215	4.9084020029
502	0.5972290039	10.5846597808	9.9954585425
503	0.7531433105	-26.3205337422	55.2717614886
504	0.3477478027	10.0079378989	5.9971302862
505	0.3630676270	10.6602635866	5.7366366405
506	0.9485168457	-127.5781544139	180.4423595591
507	0.4989624023	15.0914894975	3.6247797565
508	0.2723388672	7.2524525195	6.3217321891
509	0.1736450195	4.7181979559	4.7689782518
510	0.8502502441	-70.3631560847	109.4662820276
511	0.9015502930	-98.9827077176	144.8975925585
512	0.9296569824	-115.8633113142	165.8644360905
513	0.4725036621	14.7633512430	3.5917456311
514	0.6906738281	-6.4227161478	30.9211592880
515	0.1498107910	4.1263622423	4.3209505911
516	0.2772521973	7.4045867176	6.3515461599
517	0.1980895996	5.3009356654	5.2479901392
518	0.7984924316	-45.0370351116	78.2495003867
519	0.1475524902	4.0681233855	4.2809059457
520	0.9573974609	-133.1882797072	187.4311278046
521	0.7010192871	-9.2338690758	34.3587444098
522	0.4624938965	14.5311207328	3.6855914463
523	0.6893920898	-6.0878147883	30.5116056505
524	0.8790893555	-86.0706457230	128.8933486905
525	0.9825134277	-149.3354951841	207.5724635693
526	0.0761108398	1.9752968092	3.3290830180
527	0.7613525391	-29.4503166339	59.1085424820
528	0.9250488281	-113.0457021090	162.3614777385
529	0.0575561523	1.3855502532	3.1436270733
530	0.4069213867	12.5582126212	4.7756909354
531	0.9669189453	-139.2635461641	195.0046785171
532	0.7838134766	-38.6028787649	70.3413981651
533	0.4431457520	13.9526669765	3.9841117223
534	0.9911193848	-154.9518059217	214.5867698527
535	0.0775756836	2.0220274832	3.3435738137
536	0.9067077637	-102.0233649401	148.6707306210
537	0.7717285156	-33.5723186300	64.1650574616
538	0.6532287598	2.1601729629	20.4148225657
539	0.7086486816	-11.4304036381	37.0448511989
540	0.5899658203	11.3222788811	9.0633358301
541	0.5293273926	14.8105450559	4.3509949395
542	0.1503906250	4.1412449658	4.3313149566
543	0.1202392578	3.3249395963	3.8438995688
544	0.1816101074	4.9093082329	4.9250895371
545	0.9188842773	-109.3059348505	157.7140672112
546	0.9420776367	-123.5467064383	175.4231996515
547	0.1427612305	3.9430598623	4.1977293070
548	0.4136657715	12.8385114705	4.6176547749
549	0.8486328125	-69.5137749021	108.4171481602
550	0.0845336914	2.2431610471	3.4136227251
551	0.2279357910	6.0262767891	5.7889372548
552	0.8590087891	-75.0226253547	115.2241118686
553	0.0451354980	1.0049191150	3.0020755785
554	0.2503967285	6.6162499617	6.1122747319
555	0.6244201660	7.1220016763	14.3087337533
556	0.5136108398	15.0558820326	3.8677387824
557	0.2918395996	7.8789361393	6.3996640500
558	0.8731079102	-82.7284225159	124.7557049599
559	0.6786193848	-3.3891656230	27.2108366771
560	0.5032958984	15.0988520571	3.6777320838
561	0.7921752930	-42.2252262023	74.7923927588
562	0.4165344238	12.9555770531	4.5510534902
563	0.2606201172	6.9042867071	6.2246645986
564	0.9160766602	-107.6142083121	155.6125201446
565	0.6579284668	1.2178080655	21.5703141213
566	0.7694396973	-32.6472509956	63.0299266237
567	0.3147583008	8.6945286670	6.3470149825
568	0.7588806152	-28.4955885896	57.9379152897
569	0.5224609375	14.9459514158	4.1091551059
570	0.7650451660	-30.8961406629	60.8817129411
571	0.5354919434	14.6494175753	4.6116164642
572	0.0398864746	0.8513993462	2.9329401295
573	0.2790832520	7.4622495480	6.3609419956
574	0.8256225586	-57.8216622311	93.9904922399
575	0.1682128906	4.5863833193	4.6636877639
576	0.9753112793	-144.6661273684	201.7442055192
577	0.9442138672	-124.8806429189	177.0836735818
578	0.7319030762	-18.7717226200	46.0263526114
579	0.9349975586	-119.1514696000	169.9540204954
580	0.3215332031	8.9517439507	6.3009326179
581	0.6457214355	3.5870050881	18.6634502423
582	0.5177001953	15.0138354433	3.9698270416
583	0.0853576660	2.2692200339	3.4220974859
584	0.8321838379	-61.0792959987	98.0071366389
585	0.7362365723	-20.2469247714	47.8322026878
586	0.4893798828	15.0259864203	3.5588356454
587	0.5720825195	12.8251268808	7.1322675676
588	0.8400268555	-65.0540645523	102.9110428241
589	0.0313720703	0.6160826769	2.8032153113
590	0.3704528809	10.9804305535	5.5929414734
591	0.3519592285	10.1852436541	5.9310418662
592	0.9641418457	-137.4854372201	192.7874847852
593	0.1730957031	4.7049308884	4.7582755806
594	0.5710754395	12.8970393484	7.0382061160
595	0.8116149902	-51.0799552372	85.6852948210
596	0.9418945313	-123.4325340498	175.2810916450
597	0.1178894043	3.2574215090	3.8107931531
598	0.5825195313	12.0009730146	8.1979860452
599	0.3182678223	8.8268872127	6.3248691982
600	0.5859375000	11.6990247086	8.5840642282
601	0.7500915527	-25.1869837120	53.8826841761
602	0.4968872070	15.0829263336	3.6046864363
603	0.8955078125	-95.4551613757	140.5223005289
604	0.8663330078	-78.9948161377	120.1360341062
605	0.6202392578	7.7290631185	13.5573502607
606	0.6513977051	2.5170482359	19.9770037228
607	0.0240173340	0.4305919376	2.6682351025
608	0.1174316406	3.2442016331	3.8044296624
609	0.8081970215	-49.4801146830	83.7158993730
610	0.3981018066	12.1831912868	4.9827252021
611	0.5675048828	13.1414845170	6.7167878606
612	0.3700866699	10.9644977585	5.6003107940
613	0.9116210938	-104.9447736774	152.2973930543
614	0.9983520508	-159.7004323989	220.5208285341
615	0.8233337402	-56.7000519656	92.6080794042
616	0.8085021973	-49.6222238825	83.8908119853
617	0.1590881348	4.3612557932	4.4904834770
618	0.6423034668	4.2049531615	17.9040786961
619	0.6983947754	-8.5024956307	33.4644029224
620	0.3524780273	10.2072034776	5.9225981732
621	0.6484375000	3.0818747250	19.2837673642
622	0.5935058594	10.9722437463	9.5065858932
623	0.0098266602	0.1370163783	2.3243897932
624	0.3641662598	10.7077160615	5.7159418622
625	0.7101135254	-11.8641396864	37.5752997774
626	0.4583740234	14.4212117472	3.7375240296
627	0.9108886719	-104.5077856024	151.7548195772
628	0.4804077148	14.9080824353	3.5547630726
629	0.3952941895	12.0623036973	5.0481109689
630	0.5808105469	12.1459339092	8.0119167797
631	0.4415893555	13.8998836886	4.0133813450
632	0.5694885254	13.0076978373	6.8930408653
633	0.0893859863	2.3961022565	3.4642384164
634	0.5616149902	13.5095333042	6.2268526746
635	0.2046508789	5.4572438864	5.3738272220
636	0.8133544922	-51.9010552182	86.6962853964
637	0.2500305176	6.6061832395	6.1078048977
638	0.9030761719	-99.8794972212	146.0102478598
639	0.1661376953	4.5356276239	4.6238404707
640	0.9145812988	-106.7161950829	154.4971581169
641	0.2706604004	7.2013340454	6.3100377462
642	0.7785339355	-36.3751292842	67.6055283036
643	0.5812988281	12.1049226005	8.0646092561
644	0.4283752441	13.4216327928	4.2843058567
645	0.4685974121	14.6788866337	3.6225505868
646	0.9268798828	-114.1630657308	163.7504718946
647	0.0453796387	1.0121877707	3.0051275554
648	0.2196655273	5.8205788876	5.6486897891
649	0.1984558105	5.3096391705	5.2550769012
650	0.6720581055	-1.8467006105	25.3234354556
651	0.6694030762	-1.2441681953	24.5859197530
652	0.0451049805	1.0040112716	3.0016931408
653	0.0902709961	2.4238504420	3.4736699266
654	0.0676574707	1.7054089296	3.2459380153
655	0.3807983398	11.4317970627	5.3755748998
656	0.2600708008	6.8884526998	6.2192567526
657	0.4129638672	12.8096578618	4.6340236907
658	0.1664123535	4.5423591537	4.6291006673
659	0.3494567871	10.0796771984	5.9708445778
660	0.6507568359	2.6405986416	19.8253975196
661	0.5624389648	13.4606381065	6.2924316655
662	0.4146728516	12.8797689657	4.5942153770
663	0.5382690430	14.5640999882	4.7431201791
664	0.3911743164	11.8839648970	5.1431699911
665	0.6750488281	-2.5403196095	26.1722636607
666	0.1721191406	4.6813122597	4.7392763572
667	0.3789978027	11.3531519040	5.4145816815
668	0.1251220703	3.4633870748	3.9150503693
669	0.3657226563	10.7750564144	5.6862044490
670	0.3560485840	10.3589859223	5.8627437053
671	0.5730895996	12.7518962846	7.2278443063
672	0.1734008789	4.7123030849	4.7642201713
673	0.5913391113	11.1886111517	9.2328127548
674	0.2110900879	5.6118224523	5.4943616747
675	0.0173950195	0.2815719401	2.5233871545
676	0.8656005859	-78.5945628881	119.6409509269
677	0.6389465332	4.7927737851	17.1811325265
678	0.2036743164	5.4339185138	5.3552669796
679	0.8550415039	-72.8996319058	112.6001359382
680	0.9972839355	-158.9976077998	219.6423577391
681	0.2391357422	6.3139112156	5.9619838179
682	0.0415344238	0.8989968675	2.9554130477
683	0.6510620117	2.5818526819	19.8974856901
684	0.4120788574	12.7731654029	4.6546966022
685	0.8041687012	-47.6178555818	81.4241882209
686	0.8182983398	-54.2598400745	89.6013987194
687	0.6933593750	-7.1339708562	31.7909312044
688	0.7084960938	-11.3854451560	36.9898690052
689	0.7914123535	-41.8899898857	74.3803414843
690	0.2829895020	7.5870479487	6.3778109989
691	0.4183654785	13.0295354137	4.5088447584
692	0.0721130371	1.8476319475	3.2897547005
693	0.1915588379	5.1459021257	5.1207004714
694	0.2345275879	6.1941445702	5.8933826039
695	0.9617919922	-135.9847915084	190.9166346034
696	0.2326354980	6.1455639301	5.8641325419
697	0.1419067383	3.9205332276	4.1831619923
698	0.0412902832	0.8919087436	2.9521306208
699	0.8345336914	-62.2610535104	99.4647942356
700	0.5458068848	14.2910431968	5.1462920790
701	0.6646118164	-0.1881979310	23.2929565942
702	0.2857360840	7.6762676493	6.3870461937
703	0.7233886719	-15.9710385794	42.5990057345
704	0.2005310059	5.3589969947	5.2951062066
705	0.5299987793	14.7948484413	4.3773362764
706	0.5336914063	14.7004621703	4.5310933955
707	0.4168395996	12.9679462041	4.5440006358
708	0.5508728027	14.0722399800	5.4568126836
709	0.2449035645	6.4669525962	6.0422014292
710	0.2291564941	6.0570790941	5.8088045698
711	0.8558044434	-73.3063137998	113.1027171394
712	0.5730285645	12.7563721528	7.2220084727
713	0.1658325195	4.5281430496	4.6180009175
714	0.7136535645	-12.9282958213	38.8768139725
715	0.3094787598	8.4990764170	6.3732940932
716	0.4475097656	14.0961421241	3.9056727223
717	0.7373352051	-20.6262354811	48.2965984748
718	0.3708496094	10.9976963953	5.5849308529
719	0.6760559082	-2.7774479464	26.4624149687
720	0.2660217285	7.0622660980	6.2738238846
721	0.8552246094	-72.9971662962	112.7206668294
722	0.8960571289	-95.7742593715	140.9179943163
723	0.9085693359	-103.1274404002	150.0411679873
724	0.8635864258	-77.4973185040	118.2839011442
725	0.3549194336	10.3108678991	5.8819969271
726	0.6907043457	-6.4307258935	30.9309543564
727	0.5656433105	13.2624982343	6.5565810155
728	0.7755432129	-35.1338028435	66.0815677525
729	0.6246948242	7.0811440473	14.3592551214
730	0.3820495605	11.4864416736	5.3482100046
731	0.4872741699	15.0030133764	3.5531431935
732	0.3195190430	8.8745372228	6.3160753963
733	0.3439025879	9.8476484006	6.0535386077
734	0.4674682617	14.6529672151	3.6328855689
735	0.5955505371	10.7618771191	9.7721588710
736	0.8026428223	-46.9190858526	80.5644775083
737	0.3464355469	9.9530569837	6.0168104896
738	0.0841674805	2.2315689299	3.4098704662
739	0.8205871582	-55.3643423216	90.9621387372
740	0.8533325195	-71.9914280419	111.4778883145
741	0.6087646484	9.2539746667	11.6622768615
742	0.9036560059	-100.2209008969	146.4338674434
743	0.1511840820	4.1615650331	4.3455510729
744	0.8785095215	-85.7448090029	128.4898736053
745	0.3634033203	10.6747554406	5.7303396132
746	0.1512756348	4.1639062813	4.3471976216
747	0.8105773926	-50.5923856780	85.0850388823
748	0.6455383301	3.6206090966	18.6221706805
749	0.3370971680	9.5681172736	6.1437436171
750	0.7506713867	-25.4011034201	54.1450497635
751	0.5573730469	13.7481584461	5.9041487285
752	0.9893493652	-153.7935633958	213.1398599488
753	0.1141967773	3.1501630389	3.7602553999
754	0.5934448242	10.9784307020	9.4987665247
755	0.1111450195	3.0604663284	3.7198470928
756	0.6443176270	3.8431882249	18.3487093811
757	0.6248168945	7.0629462369	14.3817552256
758	0.9336547852	-118.3224844465	168.9228225511
759	0.7034301758	-9.9166412816	35.1936678359
760	0.2015075684	5.3822505418	5.3138616189
761	0.7581787109	-28.2264205945	57.6079155286
762	0.9072570801	-102.3488000011	149.0746562230
763	0.7532348633	-26.3547918960	55.3137465647
764	0.1904296875	5.1191045031	5.0985585345
765	0.1009216309	2.7533656520	3.5930901410
766	0.1766967773	4.7916800808	4.8286158546
767	0.6681213379	-0.9577322322	24.2352563150
768	0.2863464355	7.6962604871	6.3888007739
769	0.8003845215	-45.8916429977	79.3005935842
770	0.7005004883	-9.0883119708	34.1807528255
771	0.7697448730	-32.7700791352	63.1806351193
772	0.6421203613	4.2375026769	17.8640628612
773	0.5527343750	13.9844775027	5.5792113386
774	0.6276245117	6.6377754473	14.9071263649
775	0.3446960449	9.8805920063	6.0422135522
776	0.3453369141	9.9072512751	6.0329460229
777	0.7165222168	-13.8071847902	39.9518329767
778	0.3172912598	8.7898645620	6.3314051081
779	0.8204345703	-55.2904651331	90.8711141920
780	0.0003356934	0.0035970224	2.0124956445
781	0.5506896973	14.0806564700	5.4450171232
782	0.4831542969	14.9496425826	3.5505207424
783	0.0657958984	1.6461046768	3.2275079467
784	0.4350891113	13.6709791952	4.1421037349
785	0.5780639648	12.3706123010	7.7224727661
786	0.4631347656	14.5475011909	3.6781675866
787	0.8170776367	-53.6739869718	88.8797395062
788	0.5334777832	14.7062979525	4.5217837421
789	0.0734558105	1.8905221324	3.3029421135
790	0.6137695313	8.6140132146	12.4591261190
791	0.2285766602	6.0424326606	5.7993961747
792	0.1921691895	5.1603857679	5.1326563149
793	0.6771240234	-3.0309126735	26.7725360545
794	0.8298034668	-59.8902535204	96.5407916157
795	0.5484619141	14.1799881921	5.3049631019
796	0.4026184082	12.3762576254	4.8768702780
797	0.1329345703	3.6797225160	4.0354313830
798	0.1887817383	5.0799817383	5.0661972055
799	0.9195861816	-109.7300081266	158.2409469903
800	0.4582824707	14.4186810029	3.7387580340
801	0.1516113281	4.1724849263	4.3532418412
802	0.7204895020	-15.0470728256	41.4685803371
803	0.3052368164	8.3452850027	6.3882605375
804	0.2864074707	7.6982631063	6.3889702498
805	0.3991394043	12.2277090558	4.9584667326
806	0.3014526367	8.2105666613	6.3969872847
807	0.5398864746	14.5106704520	4.8238680201
808	0.9052429199	-101.1570122183	147.5955142576
809	0.6099853516	9.1014347460	11.8524459581
810	0.6745910645	-2.4331279256	26.0410973159
811	0.5050048828	15.0977360522	3.7028397658
812	0.0059814453	0.0759238292	2.2072065060
813	0.8254089355	-57.7166527252	93.8610538816
814	0.5936889648	10.9536507383	9.5300815151
815	0.4299316406	13.4805060482	4.2506247194
816	0.6598815918	0.8149507888	22.0640441134
817	0.7565917969	-27.6210173621	56.8657508371
818	0.0929260254	2.5067867309	3.5023800868
819	0.3174133301	8.7944843213	6.3306038473
820	0.1501770020	4.1357651613	4.3274926508
821	0.2731628418	7.2777046922	6.3271943069
822	0.8813781738	-87.3606582897	130.4909311245
823	0.4946594238	15.0702091435	3.5867745533
824	0.9291687012	-115.5638846533	165.4921163177
825	0.0163269043	0.2593874032	2.4976220936
826	0.8626098633	-76.9671543106	117.6282885336
827	0.2889404297	7.7819079979	6.3950403164
828	0.7002868652	-9.0285175427	34.1076345536
829	0.1371459961	3.7937463565	4.1035583682
830	0.7791442871	-36.6303010037	67.9188433474
831	0.8284606934	-59.2231178528	95.7182016178
832	0.6250915527	7.0219136628	14.4324844050
833	0.1598815918	4.3810453881	4.5053193406
834	0.9820556641	-149.0378515879	207.2008551841
835	0.9681091309	-140.0270954342	195.9569207687
836	0.6553039551	1.7487566088	20.9193884503
837	0.9702148438	-141.3801578793	197.6445699155
838	0.3254699707	9.1044035064	6.2678435563
839	0.3402404785	9.6965367754	6.1036400335
840	0.9897766113	-154.0729953686	213.4889173371
841	0.9285888672	-115.2085817354	165.0503364721
842	0.1860961914	5.0161692918	5.0133796940
843	0.5303649902	14.7860983335	4.3919115753
844	0.6566772461	1.4724181903	21.2582018223
845	0.1084594727	2.9807619052	3.6852876126
846	0.6076965332	9.3855824661	11.4980753634
847	0.3782043457	11.3184962140	5.4316256489
848	0.2203674316	5.8378515102	5.6609485176
849	0.6595458984	0.8846625814	21.9786166286
850	0.5707702637	12.9185718238	7.0100004112
851	0.4031066895	12.3970100817	4.8653957788
852	0.6135559082	8.6421180472	12.4241827211
853	0.2961730957	8.0265468802	6.4019027928
854	0.3869323730	11.6994689513	5.2395822268
855	0.3551635742	10.3212627823	5.8778592428
856	0.0941467285	2.5447536285	3.5158012872
857	0.9105224609	-104.2894868866	151.4837875186
858	0.2185058594	5.7921091817	5.6283032642
859	0.8906860352	-92.6681062244	137.0670168443
860	0.3275451660	9.1857891990	6.2485581317
861	0.3108825684	8.5506119707	6.3671339420
862	0.7231445313	-15.8926488073	42.5030947459
863	0.3732910156	11.1040560112	5.5350273755
864	0.5934448242	10.9784307020	9.4987665247
865	0.0849609375	2.2566772104	3.4180113915
866	0.8231201172	-56.5957623461	92.4795536295
867	0.7994079590	-45.4498445128	78.7571992940
868	0.1179504395	3.2591825121	3.8116437306
869	0.5882263184	11.4877596617	8.8531268321
870	0.6001281738	10.2688535645	10.3925135808
871	0.8492736816	-69.8499032972	108.8323078913
872	0.5306396484	14.7794482217	4.4029394580
873	0.0570678711	1.3702542464	3.1384799660
874	0.3146362305	8.6899595584	6.3477182101
875	0.0625305176	1.5423889757	3.1948204439
876	0.4465332031	14.0646334071	3.9227381479
877	0.8471679688	-68.7475547050	107.4708580465
878	0.5505371094	14.0876408129	5.4352206449
879	0.1391906738	3.8484690775	4.1374184325
880	0.1732177734	4.7078802514	4.7606530106
881	0.7967224121	-44.2427270723	77.2727193665
882	0.4844970703	14.9682391075	3.5501666507
883	0.3652343750	10.7539160056	5.6955861320
884	0.5427551270	14.4090211666	4.9747617567
885	0.7147827148	-13.2724732034	39.2977858247
886	0.2807922363	7.5165483951	6.3688575320
887	0.1636047363	4.4733380986	4.5755426898
888	0.8687744141	-80.3337895648	121.7924678687
889	0.9944763184	-157.1527123882	217.3367178190
890	0.6104431152	9.0436443568	11.9244522680
891	0.7697448730	-32.7700791352	63.1806351193
892	0.0285644531	0.5430696701	2.7545353101
893	0.3513793945	10.1607298995	5.9404015055
894	0.2961730957	8.0265468802	6.4019027928
895	0.0325622559	0.6477800212	2.8228886171
896	0.6699523926	-1.3678110950	24.7372750230
897	0.6866455078	-5.3800805594	29.6460741387
898	0.0815429688	2.1483224717	3.3832156545
899	0.3401184082	9.6915269791	6.1052479333
900	0.5434875488	14.3816393016	5.0148843892
901	0.0754699707	1.9548409130	3.3227610326
902	0.5257873535	14.8860076760	4.2201248332
903	0.6705017090	-1.4919853000	24.8892736853
904	0.9594421387	-134.4878089526	189.0506850853
905	0.8802185059	-86.7062933300	129.6805113244
906	0.0231628418	0.4103242838	2.6508926601
907	0.7674560547	-31.8527348170	62.0551493065
908	0.3697204590	10.9485698525	5.6076558175
909	0.9887695313	-153.4144819383	212.6663410345
910	0.9476013184	-127.0030485226	179.7261978254
911	0.4413452148	13.8915299717	4.0180307305
912	0.0750427246	1.9412006655	3.3185513307
913	0.1778564453	4.8195120619	4.8513450714
914	0.9220886230	-111.2455885027	160.1241876245
915	0.9948120117	-157.3731021557	217.6121231766
916	0.0569152832	1.3654784713	3.1368662547
917	0.6012268066	10.1459439841	10.5467674500
918	0.2133483887	5.6664286181	5.5357623852
919	0.7734985352	-34.2937923796	65.0504990139
920	0.9346618652	-118.9440834440	169.6960367367
921	0.4029846191	12.3918243387	4.8682647476
922	0.2513122559	6.6414898550	6.1233197764
923	0.8421020508	-66.1201673174	104.2269167534
924	0.0474243164	1.0734600805	3.0301824090
925	0.4559020996	14.3515795878	3.7720052063
926	0.2736206055	7.2917788115	6.3301489521
927	0.7847900391	-39.0200112802	70.8538001806
928	0.6612548828	0.5277280082	22.4159792114
929	0.2246704102	5.9444648286	5.7346972873
930	0.0952148438	2.5778847002	3.5276651095
931	0.6312866211	6.0640154312	15.6152226305
932	0.3010864258	8.1976541034	6.3976007598
933	0.7541809082	-26.7096496284	55.7486576098
934	0.0028381348	0.0329602906	2.1023168672
935	0.9074401855	-102.4573450582	149.2093849308
936	0.2078247070	5.5332488128	5.4336639076
937	0.7827453613	-38.1484444022	69.7832204719
938	0.7745666504	-34.7317249810	65.5880180211
939	0.8112182617	-50.8933362119	85.4555384374
940	0.9203491211	-110.1914704019	158.8143137823
941	0.9805603027	-148.0663498669	205.9880215416
942	0.8242797852	-57.1627158376	93.1782913699
943	0.5132751465	15.0586837018	3.8600577933
944	0.9824829102	-149.3156487268	207.5476848534
945	0.3127136230	8.6183066040	6.3581976942
946	0.4713439941	14.7391333797	3.6000706159
947	0.5827941895	11.9773036560	8.2283209731
948	0.7752075195	-34.9954075242	65.9116835875
949	0.5277709961	14.8452257672	4.2918076579
950	0.3349914551	9.4827854961	6.1690782110
951	0.5383911133	14.5601642628	4.7491067123
952	0.4734802246	14.7831710355	3.5852880352
953	0.7707519531	-33.1765352419	63.6793760351
954	0.8539428711	-72.3153467168	111.8781286328
955	0.5237731934	14.9235538862	4.1515674864
956	0.1283264160	3.5528852372	3.9634628591
957	0.3217468262	8.9599685531	6.2992553695
958	0.9308776855	-116.6127699203	166.7964081097
959	0.1084899902	2.9816716248	3.6856751491
960	0.8739929199	-83.2202568961	125.3644599038
961	0.4588317871	14.4338089574	3.7314047896
962	0.7020568848	-9.5264372513	34.7165073581
963	0.2138671875	5.6790073199	5.5452015741
964	0.2598571777	6.8823063614	6.2171337163
965	0.4466247559	14.0676023029	3.9211259371
966	0.4317016602	13.5466956856	4.2128205968
967	0.1636352539	4.4740908952	4.5761222037
968	0.7074279785	-11.0719105188	36.6064348337
969	0.6494750977	2.8855952016	19.5247139729
970	0.5316772461	14.7536455678	4.4453498838
971	0.8598022461	-75.4496603137	115.7520257869
972	0.0925598145	2.4953758799	3.4983815690
973	0.7697448730	-32.7700791352	63.1806351193
974	0.7059936523	-10.6541121513	36.0955037591
975	0.0834045410	2.2073991618	3.4020803560
976	0.4522094727	14.2426857222	3.8278126171
977	0.2110595703	5.6110861057	5.4937988406
978	0.2202148438	5.8340939111	5.6582888219
979	0.9202575684	-110.1360667968	158.7454729471
980	0.8167419434	-53.5132710663	88.6817813334
981	0.5666809082	13.1955874272	6.6452592444
982	0.2961425781	8.0254965414	6.4019067295
983	0.3117675781	8.5832642070	6.3629420792
984	0.1668090820	4.5520748863	4.6367062950
985	0.2326049805	6.1447830813	5.8636558045
986	0.6312866211	6.0640154312	15.6152226305
987	0.7307739258	-18.3928427267	45.5626170078
988	0.5153808594	15.0394900767	3.9099790456
989	0.1461181641	4.0309019202	4.2557459495
990	0.0433654785	0.9525442374	2.9795372526
991	0.9822082520	-149.1370534262	207.3247074038
992	0.1148376465	3.1688789493	3.7688966772
993	0.6488342285	3.0070430912	19.3756340955
994	0.2399291992	6.3347509784	5.9734023441
995	0.1289367676	3.5698110423	3.9728371999
996	0.7889404297	-40.8103215812	73.0534564690
997	0.4750671387	14.8142398248	3.5758960747
998	0.7127380371	-12.6509187791	38.5375570474
999	0.5425720215	14.4157752521	4.9648333083
1000	0.3899230957	11.8296220799	5.1717803715
