0	0.2839660645	2.2095625588	2.8391277439
1	2.1723022461	11.1641616762	5.8366511795
2	3.9806213379	0.6996584382	2.0012408827
3	2.2191162109	11.4813300668	5.7760402250
4	3.8378295898	5.2141520981	2.0813819765
5	2.8640441895	14.8428438039	4.3800902384
6	0.0834350586	0.7734014136	2.2311058153
7	0.6783752441	3.9497531547	4.0936734358
8	2.5435180664	13.5293040325	5.1866064553
9	0.2581787109	2.0531150872	2.7580146396
10	2.0332031250	10.2222108523	5.9760334742
11	1.9911193848	9.9408627816	6.0057888523
12	2.5070800781	13.3224030654	5.2661465298
13	3.6609802246	9.3921719063	2.3268687909
14	3.7507934570	7.4519678699	2.1844407716
15	2.9214782715	14.9458704457	4.2210535077
16	3.8947753906	3.5449027270	2.0351802223
17	3.1703796387	14.7084666174	3.5166815930
18	0.5316772461	3.4104169181	3.6326876023
19	2.8553161621	14.8228888408	4.4039977344
20	0.7182312012	4.0843948316	4.2151879572
21	0.7423706055	4.1643756181	4.2877754907
22	1.6436157227	7.7919438460	6.0210511294
23	1.1790771484	5.6323619483	5.4075794956
24	2.2445373535	11.6527296170	5.7403440412
25	1.8823547363	9.2297860489	6.0551233787
26	2.5493164063	13.5614306496	5.1736761347
27	2.2836914063	11.9148928933	5.6816225187
28	0.0314025879	0.3051404460	2.0850190986
29	1.9615783691	9.7451786944	6.0231449611
30	0.7540893555	4.2028592996	4.3227175072
31	1.1936035156	5.6875040647	5.4368852137
32	2.5874023438	13.7665418584	5.0869512217
33	0.1585388184	1.3743856382	2.4517392791
34	0.2785339355	2.1772080076	2.8219913571
35	2.8204650879	14.7326015644	4.4986608538
36	1.6570434570	7.8673409288	6.0281883785
37	3.0254211426	14.9939936957	3.9278794832
38	3.7561340332	7.3251025179	2.1770705382
39	0.8422851563	4.4879582444	4.5787578731
40	0.1309814453	1.1635402473	2.3695861032
41	0.6793823242	3.9532015027	4.0967677182
42	1.1559143066	5.5457965693	5.3596283590
43	3.2071533203	14.5606535328	3.4136283119
44	2.5810546875	13.7330958821	5.1016174026
45	3.6191711426	10.1764022013	2.4040932750
46	2.1301879883	10.8781270528	5.8853754557
47	3.2621459961	14.2760523947	3.2615990173
48	2.4206542969	12.8016695913	5.4422714245
49	0.1663208008	1.4320007470	2.4751654720
50	0.9871215820	4.9572065687	4.9676115317
51	2.5074462891	13.3245235863	5.2653621543
52	2.6896972656	14.2590276558	4.8397897029
53	3.5317077637	11.5902533534	2.5849642446
54	3.2884216309	14.1117207189	3.1900883377
55	1.9749450684	9.8335161324	6.0156544827
56	1.4648132324	6.8578942776	5.8675411191
57	2.5068664551	13.3211657247	5.2666039390
58	3.0719909668	14.9506040018	3.7954772105
59	0.2323913574	1.8891827527	2.6775618346
60	1.8945922852	9.3083899527	6.0515792138
61	3.7804260254	6.7311228852	2.1452171211
62	2.6996154785	14.3016188726	4.8148213072
63	2.0121765137	10.0812972868	5.9916355163
64	2.8596496582	14.8329329062	4.3921370589
65	3.8795166016	4.0087331290	2.0457991673
66	0.3295288086	2.4689768143	2.9837472458
67	2.4652709961	13.0752847517	5.3536213114
68	1.2578125000	5.9396429826	5.5591543522
69	0.7361755371	4.1439456153	4.2692239082
70	1.0141906738	5.0474747877	5.0352403247
71	1.0401306152	5.1352163264	5.0984157785
72	1.9142761230	9.4356362199	6.0448056216
73	0.8787536621	4.6049453393	4.6806605882
74	2.4228210449	12.8151688821	5.4380819750
75	1.9866333008	9.9110415162	6.0086129590
76	1.1167602539	5.4030597417	5.2752306009
77	3.2483520508	14.3548511078	3.2994551453
78	0.1891784668	1.5965082022	2.5445085564
79	3.4848937988	12.2286004183	2.6911686277
80	3.7756958008	6.8489775960	2.1512018867
81	1.6401367188	7.7725253329	6.0191008514
82	3.8841552734	3.8690285099	2.0424313972
83	2.3992919922	12.6675244058	5.4829285115
84	3.2092895508	14.5510451223	3.4076717953
85	2.7698669434	14.5731253477	4.6335274981
86	0.6133422852	3.7207566091	3.8915628840
87	2.6572570801	14.1129816650	4.9202736784
88	3.5538024902	11.2609746799	2.5369953333
89	0.9652099609	4.8849704247	4.9116341292
90	0.2398681641	1.9375089857	2.7008143952
91	2.2533264160	11.7117943222	5.7275544969
92	1.7985839844	8.7032806216	6.0655757695
93	1.4821777344	6.9428003235	5.8871567117
94	2.2319641113	11.5680518842	5.7582411117
95	3.8778381348	4.0590058039	2.0470475618
96	0.4463806152	3.0489296206	3.3588718099
97	2.4465332031	12.9615251560	5.3914567346
98	1.1355590820	5.4710475374	5.3162694760
99	2.1710510254	11.1556676854	5.8381786852
100	3.7982788086	6.2766329310	2.1236016074
101	1.4201965332	6.6454667696	5.8125985324
102	1.6720581055	7.9524851797	6.0354343387
103	2.6019592285	13.8420682422	5.0530063208
104	0.8641052246	4.5579400002	4.6400294249
105	0.5926513672	3.6448496336	3.8264252513
106	1.4609069824	6.8389668492	5.8629913467
107	3.9721374512	0.9991638265	2.0025553938
108	2.8973693848	14.9087597135	4.2881488829
109	3.5973815918	10.5566903814	2.4468204742
110	3.3672485352	13.5008626621	2.9812917522
111	0.5447692871	3.4622386075	3.6744766420
112	3.5555419922	11.2342685362	2.5332809705
113	2.9531860352	14.9804197891	4.1321896138
114	3.4746704102	12.3575907421	2.7151335365
115	3.7984313965	6.2726819370	2.1234235690
116	3.6852111816	8.9038327616	2.2851536242
117	1.1307067871	5.4534046659	5.3057674569
118	3.6828002930	8.9535568873	2.2891998814
119	3.8061218262	6.0720808245	2.1145998504
120	3.7321777344	7.8838612242	2.2111375483
121	3.2437133789	14.3802165506	3.3122304190
122	2.9298706055	14.9566214949	4.1975968725
123	1.2390747070	5.8645984197	5.5247160520
124	3.7766113281	6.8262503141	2.1500352263
125	3.3656616211	13.5149809978	2.9853970254
126	1.0405883789	5.1367766251	5.0995159807
127	0.9956665039	4.9855705264	4.9891443915
128	1.1932983398	5.6863386790	5.4362756843
129	2.4709167480	13.1092120792	5.3420529217
130	1.1986083984	5.7066594103	5.4468437225
131	3.4554443359	12.5903436225	2.7609011357
132	3.9367065430	2.2060162302	2.0129758775
133	2.0012817383	10.0085462874	5.9991427701
134	3.0442199707	14.9816399205	3.8744568760
135	3.3578491211	13.5833644884	3.0056718182
136	1.4512023926	6.7922180846	5.8514707927
137	0.0573730469	0.5444920946	2.1571651578
138	2.3970642090	12.6534289262	5.4871001854
139	2.3062744141	12.0647838293	5.6457318567
140	0.2060852051	1.7137937025	2.5962778827
141	0.2150268555	1.7743625090	2.6238108662
142	1.6038208008	7.5727129331	5.9962649234
143	2.8968505859	14.9078615938	4.2895876661
144	1.8559570313	9.0616262061	6.0610216573
145	0.9667663574	4.8900793945	4.9156458956
146	2.5106811523	13.3432198954	5.2584200612
147	3.4724426270	12.3852146010	2.7203905392
148	0.0256958008	0.2509899626	2.0693827797
149	0.7879943848	4.3132049771	4.4226496563
150	0.0612487793	0.5792369605	2.1680662432
151	1.5015869141	7.0391898168	5.9078988377
152	1.7206420898	8.2339082006	6.0535520446
153	1.8287353516	8.8903341468	6.0645966124
154	2.5189819336	13.3909041243	5.2404964664
155	0.5822143555	3.6059097524	3.7934390521
156	3.3618469238	13.5486039110	2.9952835787
157	1.2297058105	5.8275371878	5.5071094745
158	2.3149719238	12.1222046468	5.6315214643
159	1.0707702637	5.2406444137	5.1709094474
160	3.4461364746	12.6984838896	2.7833747024
161	1.0639953613	5.2171535444	5.1550821812
162	3.5205688477	11.7493603955	2.6096873432
163	0.3359985352	2.5041561039	3.0043923422
164	2.8312683105	14.7623652991	4.4694599369
165	0.9032592773	4.6837479520	4.7476969161
166	3.9450988770	1.9265003802	2.0098004063
167	1.6379089355	7.7601159016	6.0178301578
168	0.6462097168	3.8381444802	3.9942481540
169	1.0092468262	5.0308953187	5.0230169169
170	2.8583068848	14.8298493106	4.3958142139
171	1.6315917969	7.7250349383	6.0141343136
172	2.8261413574	14.7484353388	4.4833346302
173	0.1501770020	1.3115439159	2.4266761664
174	1.3383483887	6.2768629990	5.6951286657
175	3.4962158203	12.0814495233	2.6649411086
176	1.2726135254	5.9998077565	5.5856197901
177	1.0421752930	5.1421890019	5.1033260354
178	0.2441406250	1.9648293210	2.7141294109
179	0.6889343262	3.9857814330	4.1260571080
180	0.6389160156	3.8124074053	3.9715507119
181	0.4156188965	2.9068499641	3.2598497205
182	0.8131408691	4.3943431575	4.4955818587
183	2.3237304688	12.1798391718	5.6169957849
184	2.7398986816	14.4640189925	4.7117773044
185	0.7065734863	4.0453770645	4.1798521356
186	1.8840942383	9.2409348044	6.0546508287
187	3.1753540039	14.6903861784	3.5026897057
188	1.5874938965	7.4846189433	5.9845289757
189	0.3731689453	2.6988530662	3.1233959899
190	1.7445373535	8.3755371263	6.0594710297
191	3.3081970215	13.9754108473	3.1368430918
192	0.0505371094	0.4825993553	2.1380214610
193	1.8371276855	8.9429052732	6.0637664124
194	0.6034545898	3.6846895436	3.8604793762
195	1.3303222656	6.2421508607	5.6824704720
196	3.1401977539	14.8057252387	3.6018578884
197	2.0499572754	10.3349152868	5.9625574189
198	2.6891479492	14.2566398307	4.8411677365
199	2.2721862793	11.8381307668	5.6993424733
200	2.9198913574	14.9437100074	4.2254833781
201	2.6846008301	14.2367587415	4.8525551018
202	0.9715881348	4.9059277096	4.9280401399
203	0.0906677246	0.8349918297	2.2518831397
204	1.0406799316	5.1370887365	5.0997359595
205	1.9516601563	9.6798653712	6.0283140788
206	3.5102844238	11.8922220532	2.6328238255
207	1.7979736328	8.6995242932	6.0655631897
208	3.9012451172	3.3445103231	2.0310796104
209	3.0408325195	14.9843737499	3.8840871754
210	3.4269409180	12.9123145726	2.8303436946
211	2.2154541016	11.4565795509	5.7810225393
212	2.4330749512	12.8787727072	5.4180937390
213	0.1873779297	1.5838005166	2.5390185025
214	1.5029602051	7.0460692812	5.9093189380
215	0.3526306152	2.5928060203	3.0575659857
216	1.5106811523	7.0848934322	5.9171858544
217	3.3635559082	13.5335958450	2.9908512546
218	2.4022216797	12.6860312755	5.4774227219
219	2.4110107422	12.7413454420	5.4607713320
220	2.9867553711	14.9984035728	4.0374952809
221	3.5948486328	10.5996625154	2.4518925533
222	2.5187377930	13.3895077039	5.2410258776
223	1.4130249023	6.6120865491	5.8031623542
224	0.3522644043	2.5908812832	3.0563937641
225	1.9015808105	9.3534546991	6.0493256488
226	2.4492187500	12.9779356933	5.3860872643
227	3.4559326172	12.5845894797	2.7597277878
228	2.0216369629	10.1446194859	5.9847968192
229	0.8652343750	4.5615618817	4.6431759679
230	3.0908203125	14.9205880411	3.7419366621
231	0.5907592773	3.6378238318	3.8204514437
232	2.2429504395	11.6420535270	5.7426288586
233	3.8197937012	5.7082853877	2.0996453511
234	0.3638000488	2.6509361363	3.0933462446
235	0.3260803223	2.4500629575	2.9727527922
236	3.6329650879	9.9256882326	2.3779059707
237	2.6682434082	14.1635692452	4.8932239451
238	3.5591125488	11.1790893727	2.5256858179
239	3.7571716309	7.3002999616	2.1756537600
240	3.3374938965	13.7528793588	3.0589802822
241	2.3239746094	12.1814428826	5.6165878037
242	1.3110961914	6.1600128138	5.6513365113
243	3.3195800781	13.8919070557	3.1064389866
244	2.8163757324	14.7209291950	4.5096790791
245	0.7771301270	4.2779866264	4.3908221239
246	1.1951293945	5.6933355062	5.4399288932
247	2.1683959961	11.1376421392	5.8414038788
248	2.2536621094	11.7140480205	5.7270614781
249	2.7860107422	14.6274924415	4.5908547486
250	1.9502868652	9.6708382763	6.0290036381
251	2.1818237305	11.2287788503	5.8248684020
252	0.5928649902	3.6456419524	3.8270995387
253	3.1935729980	14.6190839427	3.4515764928
254	2.3270263672	12.2014759993	5.6114739707
255	3.5903625488	10.6751449095	2.4609282779
256	1.1970214844	5.7005769637	5.4436938634
257	1.8687438965	9.1428376087	6.0584630458
258	3.5597534180	11.1691338799	2.5243267423
259	0.2304687500	1.8766488909	2.6715928757
260	3.1338500977	14.8235137156	3.6198239432
261	2.2728881836	11.8428209160	5.6982724270
262	2.4645996094	13.0712391597	5.3549918579
263	3.4237060547	12.9471462387	2.8383388556
264	0.0860290527	0.7955859050	2.2385451160
265	0.6511230469	3.8553879476	4.0095075310
266	2.1619567871	11.0939166929	5.8491348304
267	0.4804382324	3.1986014615	3.4684318143
268	3.8861999512	3.8070885541	2.0409854798
269	0.8488159180	4.5089056308	4.5971885804
270	2.4242553711	12.8240938116	5.4353020826
271	1.8288879395	8.8912880573	6.0645836836
272	2.6771240234	14.2036259117	4.8712022028
273	0.7529907227	4.1992599786	4.3194501965
274	1.6485290527	7.8194498606	6.0237346309
275	1.7689208984	8.5221596304	6.0634755225
276	1.6970214844	8.0959714783	6.0457614242
277	1.3586425781	6.3657591612	5.7262367960
278	0.4541015625	3.0835360589	3.3837227189
279	1.8510742188	9.0307389598	6.0618505228
280	1.6895446777	8.0527460549	6.0428938905
281	2.4602661133	13.0450712407	5.3638116471
282	3.9052734375	3.2186074211	2.0286488355
283	2.8803710938	14.8772045629	4.3351708411
284	2.9389953613	14.9670092678	4.1720393296
285	2.9682006836	14.9908906232	4.0899029047
286	0.3588562012	2.6253428414	3.0775027002
287	2.5452575684	13.5389659351	5.1827350937
288	1.9304504395	9.5409084176	6.0382523009
289	2.8499450684	14.8100699632	4.4186718002
290	2.9370727539	14.9649343239	4.1774288528
291	2.6714782715	14.1782477760	4.8852183249
292	3.6350402832	9.8872924312	2.3740256208
293	1.6967468262	8.0943798584	6.0456595006
294	3.6248779297	10.0736241466	2.3931765823
295	1.1011352539	5.3472780231	5.2404052855
296	0.4198913574	2.9269986399	3.2736004771
297	2.9149169922	14.9366773754	4.2393574649
298	3.9929809570	0.2559308354	2.0001637049
299	0.1962890625	1.6462818943	2.5662340649
300	1.5835266113	7.4633772756	5.9815400512
301	1.5421752930	7.2458295685	5.9472060287
302	3.5451660156	11.3918692980	2.5555726932
303	0.9682006836	4.8947904981	4.9193382278
304	3.5158081055	11.8159715656	2.6203609058
305	3.6891784668	8.8214565282	2.2785462868
306	3.6911926270	8.7793713283	2.2752162337
307	3.8310241699	5.4025162937	2.0880748737
308	1.4832458496	6.9480639773	5.8883307210
309	1.6058044434	7.5834898268	5.9976288085
310	0.3443603516	2.5490427891	3.0311084493
311	3.9807434082	0.6953189472	2.0012253664
312	2.0390319824	10.2613817532	5.9714498166
313	1.3726806641	6.4282056222	5.7469964437
314	3.1440734863	14.7944141077	3.5908962020
315	2.3991699219	12.6667525529	5.4831574328
316	1.0583496094	5.1976573714	5.1418045016
317	2.2174987793	11.4704002084	5.7782457433
318	0.3037109375	2.3245547423	2.9016175267
319	0.4827880859	3.2086525590	3.4759833312
320	3.3983154297	13.2087105798	2.9018546691
321	3.4564514160	12.5784667974	2.7584817228
322	0.0830993652	0.7705226713	2.2301441107
323	0.2965698242	2.2834318227	2.8789819179
324	0.1833496094	1.5552161690	2.5267524573
325	3.0606689453	14.9651322411	3.8276795473
326	3.8861694336	3.8080146520	2.0410068866
327	0.4530639648	3.0789090854	3.3803833639
328	3.7152099609	8.2637298505	2.2368005672
329	0.8475036621	4.5046969459	4.5934914615
330	2.9838256836	14.9976230216	4.0457801137
331	0.6162109375	3.7311521437	3.9005651361
332	1.0082092285	5.0274211728	5.0204441721
333	3.2971496582	14.0529168208	3.1665238161
334	2.8613281250	14.8367510848	4.3875380918
335	3.6302185059	9.9762326016	2.3830657720
336	2.9492797852	14.9770652655	4.1431708885
337	2.9938659668	14.9996562445	4.0173732976
338	0.1910705566	1.6098165747	2.5502827046
339	2.2734680176	11.8466947160	5.6973873937
340	0.0832214355	0.7715696940	2.2304937941
341	2.6924133301	14.2707897606	4.8329686002
342	3.4302978516	12.8758037653	2.8220707966
343	2.6374816895	14.0191383618	4.9684088206
344	2.0228576660	10.1527997025	5.9838928037
345	1.0095520020	5.0319174861	5.0237731230
346	1.0437011719	5.1473981275	5.1069837163
347	2.1308593750	10.8826868506	5.8846424727
348	2.4841308594	13.1879587782	5.3146761350
349	2.7403564453	14.4657629911	4.7105918911
350	2.3510131836	12.3580317576	5.5703789843
351	3.1080322266	14.8865984724	3.6930369330
352	0.9462890625	4.8231024123	4.8624358421
353	0.7996520996	4.3508773969	4.4565905250
354	3.9997863770	0.0078315141	2.0000001521
355	3.1232604980	14.8511735186	3.6498287985
356	1.9370422363	9.5839874573	6.0353267368
357	3.7884216309	6.5294741642	2.1353449237
358	1.0629272461	5.2134595882	5.1525763264
359	3.8096313477	5.9795746184	2.1106711344
360	0.9426879883	4.8113744409	4.8529837832
361	2.1852416992	11.2519647075	5.8205703816
362	3.7614746094	7.1969042076	2.1698312431
363	1.3828125000	6.4737655688	5.7615911569
364	0.9434204102	4.8137586598	4.8549085044
365	1.1625976563	5.5706059734	5.3736169262
366	0.8121337891	4.3911018591	4.4926813297
367	2.7699890137	14.5735482707	4.6332061567
368	0.5731811523	3.5718338149	3.7648251302
369	1.0283813477	5.0953133042	5.0700022956
370	2.4000854492	12.6725400247	5.4814395738
371	0.3638305664	2.6510934531	3.0934440742
372	2.9051513672	14.9217332268	4.2665408352
373	0.2922973633	2.2585774066	2.8654578016
374	0.7764282227	4.2757071840	4.3887594433
375	1.4013977051	6.5584147805	5.7875107848
376	0.8616943359	4.5502072957	4.6333030769
377	2.3572082520	12.3981872008	5.5595082976
378	1.4810791016	6.9373912352	5.8859452138
379	3.9679870605	1.1441894776	2.0033670577
380	2.2495727539	11.6865824324	5.7330446722
381	2.8355712891	14.7737816322	4.4577923570
382	3.1902465820	14.6327034940	3.4608921716
383	2.6260681152	13.9634030268	4.9958571336
384	2.4200744629	12.7980536658	5.4433905084
385	1.4908447266	6.9856482499	5.8965736875
386	1.1890869141	5.6702869610	5.4278372100
387	2.6691894531	14.1678723234	4.8908845917
388	3.5542602539	11.2539579083	2.5360169733
389	2.8038940430	14.6839487755	4.5431856561
390	1.4695434570	6.8808990702	5.8729832847
391	2.0009155273	10.0061042128	5.9993882516
392	3.5730590820	10.9588728877	2.4963994807
393	0.1644287109	1.4180687415	2.4694608979
394	3.4528198242	12.6211330810	2.7672174954
395	1.6386108398	7.7640235945	6.0182323521
396	1.6723632813	7.9542248405	6.0355735622
397	0.6872863770	3.9801767161	4.1210117414
398	3.3370971680	13.7560604025	3.0600259642
399	1.8425903320	8.9772392099	6.0630957183
400	3.4832763672	12.2492519560	2.6949424546
401	0.6540832520	3.8657413214	4.0186889442
402	3.0701904297	14.9530893545	3.8005982177
403	3.8696899414	4.3009640921	2.0533312924
404	1.8572692871	9.0699389741	6.0607849317
405	1.5793151855	7.4408989871	5.9783085891
406	3.9472045898	1.8557536971	2.0090717400
407	1.3525390625	6.3388528017	5.7170168652
408	0.2762451172	2.1634806840	2.8147786207
409	2.9020080566	14.9166057686	4.2752746705
410	0.8331909180	4.4587764005	4.5529642749
411	0.3031311035	2.3212351161	2.8997781849
412	0.8878173828	4.6340603894	4.7055933300
413	3.3020019531	14.0192998202	3.1534667857
414	1.0108032227	5.0361100903	5.0268712673
415	2.7420043945	14.4720219047	4.7063218087
416	3.1653747559	14.7260652645	3.5307737186
417	3.6413574219	9.7693116125	2.3623103736
418	1.6529846191	7.8444755734	6.0260963661
419	1.9519042969	9.6814706087	6.0281908237
420	0.1932983398	1.6254266199	2.5570877300
421	1.5308837891	7.1876552881	5.9368261750
422	3.9205322266	2.7337759964	2.0203042966
423	2.3569335938	12.3964094668	5.5599924657
424	0.5769958496	3.5862672303	3.7769157656
425	3.5213928223	11.7377473119	2.6078464432
426	0.6848754883	3.9719652724	4.1136246928
427	2.0262451172	10.1755109280	5.9813583370
428	0.9782409668	4.9278470789	4.9450552405
429	3.9201354980	2.7465413147	2.0205038052
430	1.8756408691	9.1868328753	6.0568500872
431	1.8031005859	8.7311152818	6.0656288767
432	1.2752380371	6.0105591753	5.5902441510
433	0.2322692871	1.8883882618	2.6771827265
434	2.4533386230	13.0030429223	5.3778152538
435	2.0586547852	10.3935526991	5.9551984421
436	3.3477478027	13.6690388497	3.0320409483
437	3.2272644043	14.4656367841	3.3577022781
438	1.0070190430	5.0234384400	5.0174899568
439	0.0709838867	0.6654178519	2.1955956003
440	3.4872436523	12.1984329729	2.6856978453
441	3.6302490234	9.9756727071	2.3830082909
442	1.9769287109	9.8466552079	6.0144917192
443	1.0289001465	5.0970694856	5.0712639920
444	1.4321289063	6.7014736927	5.8279291129
445	3.4384155273	12.7859698395	2.8021678473
446	3.5021972656	12.0018665530	2.6512210493
447	2.6608886719	14.1298283881	4.9113562019
448	2.0279235840	10.1867702041	5.9800884632
449	0.8625488281	4.5529479305	4.6356883518
450	3.8934020996	3.5871520027	2.0360816354
451	0.4890136719	3.2351171606	3.4959831882
452	2.5122680664	13.3523685729	5.2550056962
453	1.8932495117	9.2997457377	6.0519931090
454	0.7303161621	4.1245638222	4.2516280325
455	1.7078247070	8.1588004520	6.0495637705
456	0.4252014160	2.9518499487	3.2906926931
457	2.4924621582	13.2371149589	5.2972014113
458	0.5845947266	3.6148308446	3.8009694197
459	0.6882934570	3.9836026031	4.1240954093
460	2.1442871094	10.9738953862	5.8696835274
461	1.4098815918	6.5975224280	5.7989740851
462	1.3672485352	6.4039483509	5.7390373119
463	0.1066284180	0.9680165666	2.2981091067
464	2.0447998047	10.3001846695	5.9668040831
465	0.6242675781	3.7601890729	3.9258086582
466	0.3015136719	2.3119570405	2.8946486873
467	1.6982727051	8.1032257966	6.0462224466
468	3.2847900391	14.1355624058	3.1999220087
469	1.4099731445	6.5979460547	5.7990965246
470	0.5203857422	3.3650065842	3.5965779620
471	0.6368408203	3.8050534393	3.9650831699
472	0.2153320313	1.7764121811	2.6247523527
473	0.0282592773	0.2753847008	2.0763966328
474	0.2893066406	2.2410662678	2.8559994893
475	2.5378417969	13.4976348032	5.1991929496
476	3.4157104492	13.0317679252	2.8581962745
477	1.0437011719	5.1473981275	5.1069837163
478	2.8538513184	14.8194332394	4.4080026847
479	1.0877990723	5.3001659765	5.2101757207
480	0.3533935547	2.5968120147	3.0600083063
481	3.2657165527	14.2548256528	3.2518338984
482	0.9122924805	4.7128782961	4.7721037032
483	3.2980346680	14.0468349238	3.1641399912
484	0.6694335938	3.9190191324	4.0661487986
485	1.3147888184	6.1756784637	5.6574047230
486	3.7133789063	8.3039461621	2.2396440593
487	1.3836364746	6.4774888987	5.7627637045
488	2.0883789063	10.5945003721	5.9281878977
489	1.8139953613	8.7985285738	6.0654671606
490	2.7788696289	14.6038347662	4.6097739786
491	1.2672729492	5.9780074054	5.5761459291
492	1.9536743164	9.6931123590	6.0272912054
493	1.2053833008	5.7327193642	5.4602103561
494	0.2513122559	2.0102132145	2.7365235692
495	1.7081909180	8.1609379152	6.0496855992
496	0.3876037598	2.7712203649	3.1697497520
497	0.1914062500	1.6121728841	2.5513076758
498	0.8666381836	4.5660650078	4.6470845207
499	1.0561218262	5.1899838108	5.1365432339
500	1.0765991211	5.2609403019	5.1844334911
501	3.8012695313	6.1989867540	2.1201330256
502	2.5517272949	13.5747210665	5.1682782300
503	0.6301269531	3.7811635215	3.9441300562
504	3.6812744141	8.9848972228	2.2917728640
505	1.0823669434	5.2811030552	5.1977305957
506	1.6472473145	7.8122651804	6.0230425860
507	0.7225341797	4.0987285669	4.2281854641
508	0.8717041016	4.5823182152	4.6611581293
509	2.4166564941	12.7767094857	5.4499697036
510	3.7552185059	7.3469453406	2.1783247413
511	2.2278442383	11.5402631579	5.7640026857
512	3.9874877930	0.4542310309	2.0005189169
513	1.4621887207	6.8451704269	5.8644897798
514	3.2116088867	14.5404836898	3.4012088593
515	3.8966064453	3.4884143174	2.0339951865
516	3.3229370117	13.8665676340	3.0975085535
517	2.7193298340	14.3832676859	4.7647121158
518	0.1841125488	1.5606462227	2.5290737776
519	1.2144470215	5.7678204450	5.4778869727
520	2.0372619629	10.2494822968	5.9728535457
521	0.7222900391	4.0979162474	4.2274486811
522	3.3947143555	13.2441294015	2.9109685563
523	3.9058227539	3.2013714141	2.0283246862
524	3.6896057129	8.8125442108	2.2778385326
525	0.8554992676	4.5303392119	4.6159689169
526	1.4673461914	6.8702014080	5.8704644898
527	1.0629577637	5.2135650940	5.1526479621
528	1.3994140625	6.5493131980	5.7847971047
529	1.7950439453	8.6815109431	6.0654848960
530	2.9006652832	14.9143686942	4.2790032158
531	1.8998107910	9.3420290173	6.0499121887
532	2.6313781738	13.9894733736	4.9831179129
533	2.5750122070	13.7009762956	5.1155007410
534	3.6654968262	9.3030585164	2.3189186972
535	1.1309814453	5.4544015491	5.3063636053
536	0.6057434082	3.6930714357	3.8676820051
537	3.2789001465	14.1734543867	3.2159057360
538	0.4277343750	2.9636307528	3.2988464404
539	2.9755554199	14.9945953082	4.0691479414
540	3.3333740234	13.7856867040	3.0698513468
541	3.3561401367	13.5980758378	3.0101209648
542	3.3957824707	13.2336668250	2.9082626304
543	2.7860412598	14.6275921955	4.5907737526
544	1.2759399414	6.0134388258	5.5914773891
545	3.5632934570	11.1138582103	2.5168424017
546	0.7933349609	4.3304771598	4.4382259650
547	3.3022766113	14.0173770805	3.1527286587
548	1.6310729980	7.7221609654	6.0138247059
549	2.5307006836	13.4574910745	5.2149260430
550	3.9570312500	1.5223282977	2.0060359457
551	2.5303649902	13.4555958144	5.2156628315
552	1.2424926758	5.8781950756	5.5310752231
553	0.9536743164	4.8471999106	4.8817325206
554	2.0590515137	10.3962293300	5.9548568683
555	1.2464904785	5.8941502563	5.5384695482
556	3.1353149414	14.8194895535	3.6156765495
557	0.4090270996	2.8754909773	3.2386380970
558	0.4547729492	3.0865260962	3.3858834211
559	1.1259155273	5.4360484734	5.2953353626
560	0.6759033203	3.9412778825	4.0860733934
561	1.7964782715	8.6903264534	6.0655269314
562	2.6555480957	14.1050116259	4.9244618790
563	1.4968872070	7.0157062215	5.9029913632
564	0.3573608398	2.6175591515	3.0727124709
565	0.4049987793	2.8561620814	3.2256782941
566	1.9261474609	9.5128414579	6.0400825205
567	1.7194519043	8.2269083074	6.0532056178
568	0.2094726563	1.7368568670	2.6066963910
569	0.6042175293	3.6874857504	3.8628807379
570	2.5076599121	13.3257601864	5.2649044588
571	0.1895141602	1.5988727602	2.5455326339
572	0.8338928223	4.4610293864	4.5549603257
573	1.1609191895	5.5643626610	5.3701154155
574	1.4649353027	6.8584867810	5.8676824895
575	3.9675292969	1.1601250416	2.0034633208
576	1.0644226074	5.2186318500	5.1560837193
577	2.1803894043	11.2190473616	5.8266613028
578	3.1593933105	14.7463237712	3.5476334805
579	3.0326538086	14.9900508107	3.9073323681
580	0.2519531250	2.0142400575	2.7385273700
581	3.6727294922	9.1585395572	2.3063529543
582	1.3465576172	6.3126273072	5.7078677566
583	3.1614379883	14.7394930814	3.5418680633
584	1.1748352051	5.6163852532	5.3989097084
585	0.7444763184	4.1713058749	4.2940687716
586	2.8988342285	14.9112732524	4.2840852392
587	3.4318542480	12.8587495802	2.8182435325
588	2.5739440918	13.6952703926	5.1179469239
589	0.4147949219	2.9029482594	3.2571979918
590	1.1530761719	5.5353014888	5.3536507773
591	2.3521728516	12.3655576418	5.5683520482
592	1.3127746582	6.1671271124	5.6540999892
593	2.0570373535	10.3826419912	5.9565856883
594	0.8832397461	4.6193520906	4.6930211189
595	1.6149291992	7.6332687726	6.0037294482
596	1.1627197266	5.5710603649	5.3738712775
597	3.4650573730	12.4755588601	2.7379053096
598	2.8981628418	14.9101253105	4.2859479615
599	2.4756469727	13.1375087369	5.3323011053
600	1.2131042480	5.7626030164	5.4752831295
601	2.5446166992	13.5354086604	5.1841621579
602	2.2640380859	11.7836208711	5.7116590988
603	2.7569580078	14.5274044814	4.6673919862
604	0.9064941406	4.6941736284	4.7564562996
605	3.6298828125	9.9823889081	2.3836982862
606	2.1521911621	11.0275873438	5.8606125688
607	0.4773559570	3.1853653706	3.4585246228
608	3.6986389160	8.6222364307	2.2630492661
609	1.4247436523	6.6667405277	5.8184951566
610	1.3117370605	6.1627279147	5.6523926796
611	0.1052551270	0.9567251925	2.2941118858
612	3.3438415527	13.7013475558	3.0422835027
613	0.5692749023	3.5569872860	3.7524339388
614	1.1671447754	5.5875626278	5.3830636228
615	0.4377441406	3.0097293718	3.3310700651
616	0.8049926758	4.3681008506	4.4720647318
617	0.8310546875	4.4519186198	4.5468839553
618	2.5410461426	13.5155389944	5.1920964136
619	2.1044921875	10.7037125672	5.9123508673
620	2.7887573242	14.6364240684	4.5835602284
621	0.9216613770	4.7431527223	4.7972403359
622	0.0016479492	0.0164546203	2.0043981470
623	3.6968383789	8.6604559960	2.2659703785
624	0.9057617188	4.6918125219	4.7544749041
625	3.9380798340	2.1605441218	2.0124266938
626	1.8357238770	8.9340965866	6.0639221773
627	2.5215148926	13.4053700671	5.2349958295
628	1.4556579590	6.8136328578	5.8567985216
629	2.4290161133	12.8536521510	5.4260376595
630	1.6459655762	7.8050869893	6.0223448942
631	3.9795837402	0.7365096063	2.0013766762
632	1.8374023438	8.9446294109	6.0637351430
633	1.0864257813	5.2953398739	5.2070366585
634	1.5737915039	7.4115269488	5.9739788134
635	1.5704650879	7.3938993287	5.9713213809
636	2.5843200684	13.7503394577	5.0940831794
637	1.0618286133	5.2096627758	5.1499958833
638	0.1470031738	1.2874351708	2.4171933557
639	1.5206298828	7.1352859133	5.9270287080
640	0.0242919922	0.2375820472	2.0655487812
641	1.9077758789	9.3935073045	6.0471885911
642	1.7523498535	8.4222875358	6.0609779244
643	0.0377197266	0.3644217831	2.1024207007
644	3.5648803711	11.0889233384	2.5135000163
645	2.1441345215	10.9728588510	5.8698567103
646	3.7332763672	7.8588146201	2.2095191622
647	1.1893615723	5.6713320772	5.4283890766
648	1.6036071777	7.5715532969	5.9961172418
649	0.4497070313	3.0638892320	3.3695789029
650	3.1125793457	14.8765525914	3.6801286436
651	0.4070129395	2.8658423095	3.2321578935
652	1.0629272461	5.2134595882	5.1525763264
653	0.4784240723	3.1899588718	3.4619580512
654	2.9400024414	14.9680717554	4.1692153131
655	1.6149597168	7.6334358219	6.0037493739
656	2.5505371094	13.5681649648	5.1709445996
657	1.3008728027	6.1169113879	5.6343177638
658	0.2649230957	2.0947376452	2.7791692229
659	3.9842224121	0.5712837091	2.0008238933
660	2.1444091797	10.9747246147	5.8695449283
661	2.4707336426	13.1081143453	5.3424293252
662	2.7340087891	14.4413708878	4.7270014766
663	1.3114013672	6.1613055238	5.6518396060
664	0.8030700684	4.3619026987	4.4664994818
665	3.7160034180	8.2462560423	2.2355728261
666	1.8139038086	8.7979604913	6.0654702262
667	0.0226135254	0.2215052832	2.0609711154
668	2.4006347656	12.6760109256	5.4804078070
669	0.2556152344	2.0371608913	2.7499857279
670	1.6387634277	7.7648733520	6.0183195618
671	2.8023986816	14.6793832303	4.5471871267
672	3.3870849609	13.3178119969	2.9303608799
673	0.7407226563	4.1589470797	4.2828458966
674	3.4831237793	12.2511954626	2.6952988209
675	1.8475952148	9.0087744268	6.0623910866
676	2.0733642578	10.4928980571	5.9421906107
677	3.8211364746	5.6720569169	2.0982277728
678	3.8593750000	4.6023161709	2.0618117750
679	2.7463684082	14.4884484417	4.6949944968
680	1.5414428711	7.2420400464	5.9465457667
681	1.3367614746	6.2699798627	5.6926418157
682	3.2404479980	14.3977336739	3.3212365314
683	3.9819641113	0.6518770004	2.0010755281
684	3.1796875000	14.6741532255	3.4905126300
685	1.1339111328	5.4650481662	5.3127098758
686	2.4075622559	12.7196796877	5.4673285877
687	2.0616455078	10.4137343860	5.9526108312
688	2.8428039551	14.7923993940	4.4381351234
689	3.5068054199	11.9396791768	2.6407163657
690	1.4228210449	6.6577352219	5.8160101374
691	0.2706604004	2.1297477766	2.7971991565
692	2.6371459961	14.0175152325	4.9692196511
693	2.2639770508	11.7832121283	5.7117506255
694	2.2267761230	11.5330554988	5.7654881159
695	2.0511474609	10.3429344138	5.9615650296
696	0.3307495117	2.4756447666	2.9876407446
697	2.4196166992	12.7951979667	5.4442733877
698	0.8612670898	4.5488370040	4.6321099246
699	3.0060119629	14.9996675952	3.9829602625
700	0.3886108398	2.7762046504	3.1729858999
701	3.5100097656	11.8959845960	2.6334457194
702	0.3169860840	2.3996330814	2.9437932173
703	0.5277404785	3.3946615165	3.6201047555
704	0.6327514648	3.7905202636	3.9523259920
705	0.5349426270	3.4234240390	3.6431187917
706	3.0060729980	14.9996608003	3.9827872122
707	2.0524902344	10.3519835531	5.9604398382
708	2.5274047852	13.4388516898	5.2221490237
709	1.5241394043	7.1531607194	5.9304217403
710	2.8598937988	14.8334907879	4.3914682921
711	0.9388732910	4.7989657338	4.8429405333
712	2.0891723633	10.5998743678	5.9274276243
713	2.7285461426	14.4200225633	4.7410741356
714	1.0516052246	5.1744598043	5.1258385795
715	3.9719238281	1.0066522980	2.0025944775
716	2.4222106934	12.8113683227	5.4392633154
717	2.4369506836	12.9026902204	5.4104693614
718	0.3438110352	2.5461138924	3.0293522822
719	0.4919128418	3.2473609847	3.5052932419
720	0.8782653809	4.6033776507	4.6793128624
721	0.4171752930	2.9142057970	3.2648587293
722	1.0613098145	5.2078707800	5.1487762869
723	1.1483764648	5.5179749463	5.3437038085
724	0.8420715332	4.4872729547	4.5781536898
725	2.9826354980	14.9972621158	4.0491448198
726	0.6886901855	3.9849515196	4.1253098526
727	0.2789306641	2.1795816738	2.8232420313
728	3.1412048340	14.8028190446	3.5990089752
729	1.6836547852	8.0188448003	6.0404991250
730	1.0928955078	5.3181170289	5.2217825188
731	2.9131774902	14.9341253598	4.2442048228
732	1.0814514160	5.2778972788	5.1956256325
733	2.6239013672	13.9526959733	5.0010397718
734	1.3710937500	6.4211070287	5.7446809759
735	2.4017333984	12.6829491533	5.4783419095
736	3.1069641113	14.8888930829	3.6960697906
737	0.4017944336	2.8406962329	3.2153711938
738	2.3231201172	12.1758292127	5.6180150077
739	0.6699218750	3.9207029711	4.0676541963
740	2.0852661133	10.5734221140	5.9311508691
741	3.6769104004	9.0739731791	2.2991829243
742	3.5492858887	11.3297804114	2.5466826273
743	2.0969238281	10.6523962940	5.9198935298
744	2.2174987793	11.4704002084	5.7782457433
745	3.3614196777	13.5523420025	2.9963924540
746	1.1729431152	5.6092770307	5.3950263691
747	2.0194702148	10.1301049187	5.9863892954
748	0.5736694336	3.5736848627	3.7663732962
749	3.4363708496	12.8088037855	2.8071672111
750	0.1881713867	1.5894057238	2.5414372810
751	2.8609008789	14.8357830195	4.3887090030
752	1.2526550293	5.9188633972	5.5497789956
753	3.3933410645	13.2575280959	2.9144508747
754	3.4324035645	12.8527112889	2.8168940039
755	3.8849487305	3.8450182793	2.0418674858
756	0.1673889160	1.4398440446	2.4783882615
757	2.3005371094	12.0268089222	5.6549882441
758	0.1841735840	1.5610802962	2.5292595196
759	2.5747985840	13.6998357886	5.1159901691
760	0.4551086426	3.0880199721	3.3869637550
761	0.4944458008	3.2580169547	3.5134252789
762	0.3857116699	2.7618334205	3.1636704174
763	2.6367492676	14.0155957154	4.9701776315
764	3.5123901367	11.8632849911	2.6280628470
765	1.8960876465	9.3180220017	6.0511110352
766	1.4905395508	6.9841342058	5.8962463410
767	0.6294555664	3.7787661869	3.9420323670
768	1.6554260254	7.8582214192	6.0273615121
769	0.9525756836	4.8436111842	4.8788694722
770	3.9362487793	2.2211504557	2.0131614985
771	2.2175292969	11.4706064561	5.7782042029
772	3.4051208496	13.1406450693	2.8847011717
773	2.2033386230	11.3746094328	5.7972160754
774	2.2420349121	11.6358926904	5.7439436182
775	0.0506286621	0.4834334552	2.1382771390
776	0.3971557617	2.8181637900	3.2004537054
777	0.4716491699	3.1607007166	3.4401762225
778	3.7314758301	7.8998343651	2.2121742980
779	2.2672119141	11.8048668363	5.7068846782
780	0.9173583984	4.7292398003	4.7857180693
781	0.6810302734	3.9588386447	4.1018285368
782	3.8800659180	3.9922481688	2.0453940334
783	0.6236572266	3.7579973798	3.9238983398
784	3.0616455078	14.9639817698	3.8249019927
785	1.2965698242	6.0988882620	5.6270590634
786	3.2880249023	14.1143430923	3.1911617913
787	1.2479858398	5.9001326807	5.5412232500
788	2.5213012695	13.4041515960	5.2354603011
789	2.3914489746	12.6178155881	5.4975573114
790	2.2777709961	11.8754231110	5.6907889690
791	1.0187988281	5.0629682253	5.0465814742
792	3.9931640625	0.2492907423	2.0001552880
793	0.3382568359	2.5163428794	3.0116040542
794	2.1166992188	10.7865403361	5.8997984684
795	2.5693054199	13.6703933012	5.1285424917
796	0.2145996094	1.7714910363	2.6224929813
797	1.1254272461	5.4342832702	5.2942687611
798	3.8648071289	4.4443022454	2.0572729805
799	2.9160156250	14.9382644684	4.2362948139
800	1.6238708496	7.6823746901	6.0094312836
801	1.2986450195	6.1075715713	5.6305667657
802	2.8473815918	14.8038086465	4.4256648112
803	0.7128601074	4.0664524008	4.1989296235
804	3.6451721191	9.6972622385	2.3553072548
805	0.5272216797	3.3925791392	3.6184460007
806	3.7525634766	7.4100683250	2.1819836340
807	3.1300048828	14.8338474138	3.6307146022
808	1.5988159180	7.5455930207	5.9927640136
809	2.7956542969	14.6584374116	4.5651998267
810	0.3541259766	2.6006528514	3.0623531765
811	2.3576965332	12.4013470239	5.5586470475
812	2.2363891602	11.5978764881	5.7519961587
813	2.2197265625	11.4854538620	5.7752059015
814	0.8590393066	4.5416921462	4.6258829376
815	3.7352905273	7.8127525145	2.2065659485
816	0.9009399414	4.6762768633	4.7414035576
817	0.4882507324	3.2318866640	3.4935327804
818	1.8801269531	9.2155197761	6.0557134460
819	3.5050354004	11.9636561947	2.6447444968
820	3.3120422363	13.9476192496	3.1265518220
821	3.9292602539	2.4507664785	2.0161535614
822	2.0338439941	10.2265154385	5.9755349902
823	3.1911010742	14.6292307156	3.4584984157
824	1.9760742188	9.8409943813	6.0149942211
825	3.2014770508	14.5856315303	3.4294729530
826	2.1627502441	11.0993052163	5.8481891782
827	2.6033630371	13.8492634283	5.0497101612
828	0.2212829590	1.8161520346	2.6431344320
829	0.6106872559	3.7111081251	3.8832245987
830	3.1833190918	14.6602018782	3.4803169852
831	1.4664611816	6.8658982962	5.8694454756
832	3.8579406738	4.6437850350	2.0630370676
833	2.0512695313	10.3437569791	5.9614629835
834	3.5584411621	11.1895020946	2.5271109714
835	2.6735229492	14.1874741820	4.8801486607
836	0.4636230469	3.1256578715	3.4143604676
837	3.5724182129	10.9691568528	2.4977317977
838	3.3953247070	13.2381552223	2.9094220398
839	2.1651916504	11.1158843681	5.8452671719
840	3.2931823730	14.0799100874	3.1772226585
841	0.5696716309	3.5584982479	3.7536928904
842	3.1678466797	14.7174472930	3.5238118229
843	2.4335021973	12.8814126474	5.4172551138
844	2.8140258789	14.7141222455	4.5160015083
845	0.6012878418	3.6767360024	3.8536568841
846	3.0644531250	14.9605666458	3.8169164474
847	2.6508178711	14.0828121487	4.9360264729
848	0.8662414551	4.5647923557	4.6459803084
849	3.8297119141	5.4385699683	2.0893932259
850	1.9606933594	9.7393424653	6.0236196834
851	1.4236755371	6.6617357052	5.8171160714
852	2.4477844238	12.9691752974	5.3889572788
853	0.0877685547	0.8104028826	2.2435416676
854	1.0169067383	5.0566019787	5.0419309656
855	2.1716918945	11.1600183335	5.8373969110
856	1.1245727539	5.4311957494	5.2924006721
857	3.5704040527	11.0013742391	2.5019275844
858	0.9008789063	4.6760802984	4.7412377962
859	3.1315612793	14.8297047334	3.6263058363
860	1.0656433105	5.2228578653	5.1589427228
861	0.1507568359	1.3159330789	2.4284104160
862	1.6355285645	7.7468783192	6.0164536009
863	0.9858703613	4.9530628419	4.9644443993
864	3.7033996582	8.5204907172	2.2553903653
865	3.3218383789	13.8748965234	3.1004294040
866	3.0714721680	14.9513269431	3.7969527440
867	0.1170349121	1.0526506155	2.3285170402
868	1.0187072754	5.0626600291	5.0463566463
869	2.7627258301	14.5480757552	4.6522899846
870	1.9847717285	9.8986772812	6.0097651010
871	1.4862365723	6.9628274813	5.8915978167
872	0.4509582520	3.0694965415	3.3736061319
873	2.5300903320	13.4540446063	5.2162654706
874	0.7995910645	4.3506804398	4.4564134035
875	3.1372375488	14.8141343091	3.6102343349
876	1.4334411621	6.7076687869	5.8295868268
877	2.8745727539	14.8654499115	4.3511520970
878	1.9358215332	9.5760023853	6.0358796222
879	1.3253784180	6.2208937046	5.6745737718
880	1.5532836914	7.3035766392	5.9569980556
881	2.6822204590	14.2262697040	4.8585021849
882	0.7816467285	4.2926420821	4.4040765194
883	0.2714843750	2.1347461293	2.7997910711
884	3.3367309570	13.7589926178	3.0609914298
885	1.5408325195	7.2388838116	5.9459941668
886	2.2913818359	11.9660590639	5.6695644662
887	1.5407104492	7.2382527502	5.9458836961
888	3.6593322754	9.4244700043	2.3297890701
889	0.4313659668	2.9804393324	3.3105371614
890	0.2080078125	1.7269012505	2.6021892622
891	3.0464477539	14.9797189807	3.8681227458
892	1.7809143066	8.5950339346	6.0646909049
893	1.0444335938	5.1499002297	5.1087373688
894	2.9108886719	14.9306946110	4.2505794528
895	3.6793518066	9.0242421491	2.2950280832
896	2.0059509277	10.0397020106	5.9959737276
897	0.7216491699	4.0957833746	4.2255142444
898	1.8883361816	9.2681561831	6.0534550578
899	3.5610351563	11.1491757428	2.5216124029
900	3.9685974121	1.1229235619	2.0032407870
901	1.0219726563	5.0736620052	5.0543631114
902	1.8353881836	8.9319910483	6.0639584200
903	0.9232177734	4.7481887552	4.8013984663
904	3.5428771973	11.4260867332	2.5605335574
905	0.9131774902	4.7157352696	4.7744859304
906	3.3763427734	13.4184581654	2.9578522612
907	0.6114196777	3.7137723965	3.8855254261
908	2.3778381348	12.5310035400	5.5225587647
909	0.5883789063	3.6289640535	3.8129320933
910	0.4125366211	2.8922281765	3.2499306732
911	0.2140197754	1.7675904298	2.6207047902
912	1.0577392578	5.1955539363	5.1403642919
913	1.9071655273	9.3895569362	6.0474049503
914	1.0949401855	5.3253372070	5.2264202146
915	2.8160400391	14.7199612153	4.5105826848
916	3.8871154785	3.7792827588	2.0403457308
917	3.4622192383	12.5097773115	2.7446715174
918	1.4217224121	6.6525961498	5.8145847416
919	1.3782043457	6.4529928957	5.7549936897
920	3.3010559082	14.0259062507	3.1560100069
921	0.2707214355	2.1301182797	2.7973911288
922	2.4611206055	13.0502386743	5.3620761671
923	0.7406311035	4.1586453676	4.2825719169
924	3.9002685547	3.3749013933	2.0316830782
925	1.0905761719	5.3099396714	5.2165087186
926	1.1988525391	5.7075958990	5.4473276794
927	3.2519226074	14.3349396520	3.2896366369
928	3.1112365723	14.8795660043	3.6839399620
929	2.3620300293	12.4293568990	5.5509750708
930	1.0110473633	5.0369284825	5.0274753516
931	2.0230712891	10.1542314605	5.9837340940
932	0.4714965820	3.1600383861	3.4396855344
933	1.7739868164	8.5528812636	6.0640495522
934	3.7615966797	7.1939583243	2.1696673138
935	3.8062438965	6.0688733630	2.1144621642
936	1.5395812988	7.2324183638	5.9448594615
937	3.4553527832	12.5914216198	2.7611212010
938	1.5250244141	7.1576763712	5.9312708494
939	1.4986877441	7.0246923082	5.9048801972
940	1.4304199219	6.6934163003	5.8257618237
941	3.7915344238	6.4501376178	2.1315852065
942	2.9341430664	14.9616553994	4.1856368990
943	3.2718505859	14.2175543436	3.2350919051
944	3.9753112793	0.8876001440	2.0020092655
945	1.8658447266	9.1243837424	6.0590923595
946	0.1525268555	1.3293024051	2.4337078817
947	1.3249511719	6.2190611033	5.6738877837
948	1.5071105957	7.0669083109	5.9135725434
949	0.5258178711	3.3869373162	3.6139569757
950	3.4724121094	12.3855918119	2.7204626384
951	0.2642517090	2.0906169515	2.7770613649
952	1.2704467773	5.9909505330	5.5817864169
953	1.0747375488	5.2544496831	5.1801236899
954	3.5371093750	11.5114429187	2.5731037601
955	1.1066284180	5.3668155602	5.2527218713
956	0.4569091797	3.0960196146	3.3927580662
957	2.5879821777	13.7695817237	5.0856073806
958	2.1889038086	11.2767998261	5.8159254395
959	2.9087219238	14.9273708551	4.2566104205
960	2.8650207520	14.8450084379	4.3774105938
961	0.8543395996	4.5266202101	4.6127161495
962	3.9415283203	2.0458987673	2.0110985394
963	1.0207519531	5.0695467867	5.0513730279
964	2.1856079102	11.2544485497	5.8201077444
965	1.9425964355	9.6203617536	6.0327473782
966	0.0778503418	0.7252757424	2.2151374711
967	3.9653625488	1.2353921835	2.0039370821
968	1.9118347168	9.4198008903	6.0457175106
969	2.3928527832	12.6267302203	5.4949508025
970	1.3725891113	6.4277958139	5.7468630762
971	2.9416198730	14.9697429942	4.1646784446
972	3.8744201660	4.1609233237	2.0496384529
973	2.0328674316	10.2199562858	5.9762940442
974	3.4400024414	12.7681517228	2.7982942049
975	3.9538879395	1.6295711327	2.0069414203
976	3.4017028809	13.1750156802	2.8933048146
977	1.4195861816	6.6426176927	5.8118019357
978	2.7063903809	14.3301352204	4.7976721748
979	1.5657653809	7.3690719101	5.9675028404
980	1.1049194336	5.3607288071	5.2488985304
981	2.9054260254	14.9221739577	4.2657773118
982	3.0078430176	14.9994337161	3.9777682674
983	0.2789306641	2.1795816738	2.8232420313
984	2.2882385254	11.9451604799	5.6745135373
985	2.3298034668	12.2196845129	5.6067977801
986	2.8129882813	14.7110935373	4.5187911352
987	3.5370788574	11.5118912289	2.5731705295
988	2.9840393066	14.9976851245	4.0451761298
989	3.3354492188	13.7692241546	3.0643722228
990	1.0704650879	5.2395839919	5.1701990043
991	2.3548278809	12.3827722378	5.5636975967
992	3.6129760742	10.2864723341	2.4160740834
993	2.3098754883	12.0885800896	5.6398742273
994	0.6817321777	3.9612375503	4.1039831044
995	1.5715942383	7.3998779116	5.9722276566
996	0.2691650391	2.1206577006	2.7924969067
997	1.9516601563	9.6798653712	6.0283140788
998	3.5986022949	10.5358897236	2.4443838060
999	3.7306518555	7.9185567610	2.2133941142
1000	2.6303405762	13.9843981985	4.9856114242
