0	2.3432006836	7.1038418615	11.5451027124
1	1.6646118164	11.5274244369	7.1813360497
2	0.8762207031	9.0887867420	-1.1642762325
3	2.9498291016	0.5115708297	10.3195842648
4	2.8434753418	1.6486557456	10.8946900294
5	1.3283081055	11.5106708769	3.5649363926
6	3.9411926270	-0.8982319450	0.6014764403
7	3.1256103516	-1.1802451847	9.0740701324
8	2.6355285645	3.9708363467	11.5889245441
9	1.3623657227	11.5848680776	3.9472368207
10	1.5386657715	11.7081619826	5.8843236933
11	2.3890380859	6.6407585174	11.6316624622
12	0.3728027344	4.0641510186	-3.2703270710
13	0.8120727539	8.5532388914	-1.6978955615
14	3.5533447266	-3.3323826834	4.8854330889
15	1.9918212891	10.0541336322	9.9450859766
16	2.9223327637	0.7994943298	10.4818432269
17	2.8943481445	1.0972354335	10.6373705005
18	2.6636047363	3.6557959254	11.5297509276
19	2.5778808594	4.6140096416	11.6758172077
20	0.9309692383	9.5125648238	-0.6687887595
21	0.0952148438	0.9856753474	-1.3749471733
22	0.2202453613	2.3531128854	-2.5855485870
23	0.0935058594	0.9674651358	-1.3538827130
24	1.0169067383	10.1110362152	0.1702342788
25	1.8924865723	10.6473679588	9.2179981306
26	0.7503967285	8.0017035436	-2.1554536587
27	3.3225097656	-2.6149712132	7.3081189737
28	2.5860900879	4.5228393813	11.6662976274
29	3.1035156250	-0.9848666123	9.2493332245
30	2.0866088867	9.3799806680	10.5326002848
31	0.0463867188	0.4723375198	-0.7219397986
32	2.2735290527	7.7788068376	11.3576444218
33	3.8577575684	-1.9053872275	1.4926793565
34	0.1205749512	1.2577371904	-1.6726716541
35	2.8294982910	1.8020666875	10.9595414187
36	0.0098266602	0.0986642117	-0.1614519571
37	0.1944580078	2.0665635471	-2.3872157216
38	3.1820678711	-1.6514668148	8.6038212753
39	0.4291687012	4.6921642226	-3.3321082254
40	3.7124938965	-2.9865068843	3.1063446363
41	0.2853088379	3.0816592401	-2.9759686529
42	2.0429382324	9.7031250224	10.2753709052
43	1.8308715820	10.9532824693	8.7143629650
44	1.6023559570	11.6446312130	6.5522966007
45	0.2821350098	3.0460076367	-2.9604493255
46	3.5459594727	-3.3299146821	4.9667824585
47	2.9083557129	0.9476476801	10.5607456049
48	0.1450805664	1.5236078560	-1.9344188650
49	3.7894592285	-2.5139022643	2.2450790743
50	1.8586425781	10.8214466846	8.9460963689
51	3.7088928223	-3.0034149347	3.1468067223
52	0.6174011230	6.7066453686	-2.9181800455
53	3.9622802734	-0.5947238495	0.3828588593
54	0.3523559570	3.8349829577	-3.2239036719
55	2.3633728027	6.9017773906	11.5868158606
56	1.2986450195	11.4329343855	3.2315202437
57	3.2286071777	-2.0063040975	8.1932830946
58	1.1060180664	10.6393406684	1.1011604435
59	3.6213989258	-3.2811109897	4.1290362334
60	1.2871093750	11.3994279723	3.1018873523
61	2.6372680664	3.9513414821	11.5855780026
62	2.0351257324	9.7587046840	10.2269033206
63	2.0115356445	9.9223220283	10.0761255051
64	2.9414978027	0.5982910592	10.3697260781
65	3.8303527832	-2.1719297014	1.7926674403
66	3.6456604004	-3.2289867699	3.8572370437
67	0.6264648438	6.7989374792	-2.8771652291
68	2.9472656250	0.5382040886	10.3351025282
69	2.6410827637	3.9085766920	11.5780910335
70	3.4129333496	-3.0425750412	6.3940269552
71	3.5330505371	-3.3219831859	5.1085481460
72	1.0080566406	10.0533314309	0.0808342511
73	2.3163757324	7.3680766803	11.4808624882
74	0.7854919434	8.3197479041	-1.9022408519
75	1.8076171875	11.0559280685	8.5145582634
76	2.1620788574	8.7739065144	10.9207654813
77	1.3644104004	11.5888078378	3.9701523808
78	3.8141479492	-2.3152954216	1.9713379465
79	2.1960144043	8.4828932117	11.0713146151
80	2.7236328125	2.9812354036	11.3665852230
81	2.0275268555	9.8121027931	10.1790580065
82	1.4057006836	11.6558283375	4.4315093603
83	2.3988037109	6.5403413570	11.6462991799
84	0.8493347168	8.8692775374	-1.3945394441
85	0.3795776367	4.1399591248	-3.2828249935
86	1.2019653320	11.0961501522	2.1498073292
87	3.9814147949	-0.3014594098	0.1872592603
88	0.7296447754	7.8086488195	-2.2957464883
89	0.0487976074	0.4973215072	-0.7567112182
90	3.0836486816	-0.8043649337	9.4025419912
91	1.9093322754	10.5553118575	9.3488933506
92	1.4052429199	11.6552166123	4.4264121484
93	2.5654296875	4.7519585078	11.6884412111
94	2.2992858887	7.5336225304	11.4347422176
95	3.7081604004	-3.0067988435	3.1550370461
96	2.2084655762	8.3733980459	11.1227408101
97	1.3343505859	11.5250127062	3.6328272789
98	3.2190856934	-1.9363641611	8.2788834276
99	1.2488708496	11.2753479791	2.6729036787
100	0.8296508789	8.7040033533	-1.5571610498
101	3.2326354980	-2.0354669325	8.1568250965
102	0.7138366699	7.6592004979	-2.3976702271
103	0.1579589844	1.6643651036	-2.0619911350
104	2.0085449219	9.9426089736	10.0565391856
105	1.8324279785	10.9461591918	8.7275505268
106	2.1589050293	8.8005555596	10.9059143487
107	0.8525390625	8.8958210271	-1.3675798237
108	0.8508300781	8.8816772174	-1.3819749355
109	1.2483825684	11.2736350030	2.6674369355
110	3.0630493164	-0.6126634208	9.5569133553
111	3.2005310059	-1.7960902071	8.4433400025
112	1.7693176270	11.2093658526	8.1745195927
113	3.6104431152	-3.2986634841	4.2514855675
114	1.3223571777	11.4960513149	3.4980585006
115	0.8057861328	8.4986080999	-1.7471626688
116	1.0505981445	10.3221761877	0.5160065918
117	3.1614990234	-1.4846875828	8.7787824598
118	1.0991516113	10.6021189321	1.0276855113
119	1.9183654785	10.5044859674	9.4178391089
120	0.0462341309	0.4707576124	-0.7197300795
121	2.9799804688	0.2018252525	10.1311124102
122	1.3259277344	11.5048819615	3.5381868204
123	1.9695129395	10.1977787077	9.7913790221
124	0.9892883301	9.9279216107	-0.1066324602
125	1.3275451660	11.5088240120	3.5563630669
126	3.8341674805	-2.1366553772	1.7507382019
127	2.7319641113	2.8877240889	11.3400273040
128	3.4357299805	-3.1225348817	6.1555323529
129	1.6217041016	11.6140152843	6.7505269344
130	3.1083679199	-1.0282694296	9.2112788090
131	0.1049804688	1.0900414205	-1.4928763669
132	3.3307800293	-2.6609640386	7.2268403198
133	1.0335998535	10.2173513220	0.3405138934
134	0.6648559570	7.1837507154	-2.6847011607
135	0.5246276855	5.7342368531	-3.2324688785
136	0.7003173828	7.5298049473	-2.4813257420
137	3.7104797363	-2.9960193882	3.1289751904
138	0.0556945801	0.5690145536	-0.8547123843
139	2.9988098145	0.0119077493	10.0079263043
140	2.9673767090	0.3304947489	10.2112233887
141	3.6234741211	-3.2773710384	4.1058200762
142	0.4977111816	5.4439435938	-3.2849969509
143	3.7675476074	-2.6706186909	2.4892973458
144	0.8934936523	9.2259075106	-1.0116504086
145	2.0402221680	9.7225255489	10.2586042140
146	1.1261901855	10.7452403507	1.3184157723
147	0.5880737305	6.4044945554	-3.0387705317
148	2.1450195313	8.9159759183	10.8394034780
149	1.6225585938	11.6125420359	6.7592268303
150	2.8740234375	1.3161046015	10.7441459833
151	2.6448974609	3.8657952263	11.5704008091
152	3.4847412109	-3.2528349287	5.6335566871
153	3.1491088867	-1.3814614787	8.8821828544
154	3.9754028320	-0.3954551765	0.2484184952
155	3.0851745605	-0.8183842239	9.3909241990
156	0.5880737305	6.4044945554	-3.0387705317
157	3.8629760742	-1.8511348896	1.4359010079
158	3.0948791504	-0.9069448824	9.3164513966
159	3.1786499023	-1.6241589655	8.6331769918
160	0.4846191406	5.3016433430	-3.3038047546
161	3.4443969727	-3.1497819585	6.0641100347
162	3.0811462402	-0.7813183458	9.4215409164
163	1.1029663086	10.6228709478	1.0684737333
164	2.6244812012	4.0945510018	11.6091898103
165	2.6083679199	4.2746553823	11.6356810506
166	1.3460693359	11.5513807642	3.7644295939
167	2.3536987305	6.9990322655	11.5675196762
168	2.5696716309	4.7050081695	11.6843861712
169	3.3274230957	-2.6424537794	7.2598920960
170	3.8684997559	-1.7924734850	1.3759332197
171	1.7796325684	11.1699684892	8.2674075348
172	0.3106079102	3.3659912742	-3.0872295343
173	0.6791381836	7.3242545305	-2.6056502597
174	1.8232116699	10.9878782830	8.6491184238
175	2.2428283691	8.0639397683	11.2539229416
176	3.2074584961	-1.8490679880	8.3823073498
177	0.3187866211	3.4579263789	-3.1185408599
178	2.8348083496	1.7436992370	10.9352035762
179	2.9038085938	0.9960884924	10.5858894004
180	3.5564575195	-3.3329664466	4.8510946663
181	1.5772094727	11.6765537204	6.2912619574
182	3.8566284180	-1.9169773563	1.5049801597
183	0.1317443848	1.3785808239	-1.7950932193
184	0.7815246582	8.2843429459	-1.9318329426
185	3.1831665039	-1.6602093529	8.5943618773
186	2.6746826172	3.5313275943	11.5033849691
187	0.0394897461	0.4010892449	-0.6209871230
188	0.2504577637	2.6906730268	-2.7859888032
189	2.6112365723	4.2426244206	11.6312314315
190	0.0364685059	0.3699854921	-0.5760706303
191	3.6439514160	-3.2332654758	3.8764065157
192	1.7164916992	11.3885942469	7.6844420178
193	0.0543518066	0.5550313590	-0.8358029794
194	0.4049987793	4.4236934484	-3.3172255227
195	0.6510314941	7.0463525331	-2.7574288323
196	1.3845825195	11.6245394154	4.1959143468
197	1.0214538574	10.1403245385	0.2164071615
198	2.3375854492	7.1595848074	11.5324822425
199	2.8659362793	1.4037465477	10.7851684604
200	0.6029357910	6.5582711435	-2.9800059003
201	1.5603027344	11.6930030462	6.1137338140
202	1.4898681641	11.7180228756	5.3587780570
203	3.2282409668	-2.0036402521	8.1965903447
204	2.1793212891	8.6274194886	10.9991490837
205	2.1048278809	9.2390661662	10.6329314394
206	2.2446289063	8.0474380511	11.2603587962
207	2.4720764160	5.7695589936	11.7132274436
208	2.3225402832	7.3078199773	11.4965084656
209	0.9481201172	9.6386723315	-0.5068799359
210	2.9657592773	0.3470927612	10.2213665639
211	2.4112548828	6.4114696602	11.6630155101
212	0.2087097168	2.2247206076	-2.4999813967
213	3.3398437500	-2.7098485763	7.1371933882
214	0.8770446777	9.0953979809	-1.1570768474
215	2.8495483398	1.5822311112	10.8657204867
216	0.1728820801	1.8282637626	-2.2013845557
217	0.2090759277	2.2287916334	-2.5027758431
218	1.5662841797	11.6876448063	6.1767206298
219	3.1156616211	-1.0929906524	9.1536143915
220	1.5252380371	11.7142385486	5.7407818246
221	0.5117492676	5.5957407472	-3.2598955994
222	2.1140136719	9.1666916122	10.6819336469
223	1.2235412598	11.1822427172	2.3898521577
224	2.9926147461	0.0740777857	10.0489161957
225	3.2035217285	-1.8190491745	8.4170453386
226	1.8474426270	10.8758193520	8.8535563197
227	1.6574096680	11.5437521743	7.1099117091
228	1.7849426270	11.1491313618	8.3148541656
229	2.8373107910	1.7162281774	10.9236064335
230	0.7194519043	7.7125181286	-2.3619659684
231	0.7820129395	8.2887081456	-1.9282038462
232	3.2864685059	-2.3995947096	7.6562955610
233	2.7859802246	2.2837827567	11.1450157333
234	0.3124084473	3.3862312880	-3.0943157602
235	3.8778076172	-1.6907257219	1.2751997575
236	1.3723754883	11.6035976363	4.0593680062
237	3.0900268555	-0.8627954059	9.3538135894
238	3.4670715332	-3.2126009336	5.8230980992
239	1.8009338379	11.0841094506	8.4561888287
240	2.3500671387	7.0353758363	11.5599387579
241	2.9301452637	0.7171948782	10.4366851454
242	3.5366210938	-3.3246336395	5.0693927245
243	1.2685852051	11.3418075342	2.8938876655
244	2.5256042480	5.1900611697	11.7141066841
245	3.7249755859	-2.9243973601	2.9661598297
246	2.2653808594	7.8552533663	11.3313648983
247	1.7690734863	11.2102810329	8.1723096200
248	1.3951416016	11.6409674872	4.3138210822
249	0.8537902832	8.9061578477	-1.3570165079
250	0.2928466797	3.1663541158	-3.0114214213
251	0.0969238281	1.0039018198	-1.3958841096
252	1.4612426758	11.7081117916	5.0459454919
253	0.0039672852	0.0397381202	-0.0657415718
254	3.2825927734	-2.3750313229	7.6931328838
255	0.5131225586	5.6105447905	-3.2571698392
256	0.6743774414	7.2775859175	-2.6324361832
257	0.1438598633	1.5103011016	-1.9219729635
258	2.6761169434	3.5152078829	11.4998467121
259	1.5302429199	11.7122720382	5.7943846377
260	0.4993286133	5.4614757058	-3.2823631535
261	2.1203308105	9.1164094207	10.7150124598
262	1.0717468262	10.4476910074	0.7370920837
263	1.3226623535	11.4968129747	3.5014884353
264	2.6065368652	4.2950926129	11.6384607865
265	1.8814697266	10.7056358577	9.1307831528
266	3.2286376953	-2.0065259895	8.1930074368
267	1.7615356445	11.2381425739	8.1038189507
268	3.1885375977	-1.7027037238	8.5479512187
269	2.3241271973	7.2922626775	11.5004509821
270	1.6955871582	11.4490012787	7.4841936516
271	2.0751647949	9.4666788830	10.4674606085
272	2.9013671875	1.0221444128	10.5992825294
273	2.7667846680	2.4978187552	11.2188218705
274	1.0649719238	10.4080793464	0.6659517037
275	2.1340332031	9.0059321682	10.7850152331
276	0.4309997559	4.7124424661	-3.3325447489
277	2.0470275879	9.6737592014	10.3004470202
278	3.8516845703	-1.9671031739	1.5589008299
279	3.3609924316	-2.8175765247	6.9257664834
280	1.6846313477	11.4782564985	7.3778936075
281	2.2442626953	8.0507965998	11.2590533572
282	3.9969482422	-0.0506377974	0.0305562412
283	3.2664184570	-2.2696909657	7.8455490791
284	2.6072998047	4.2865778757	11.6373082885
285	2.0273437500	9.8133814026	10.1778965880
286	1.9973144531	10.0178615427	9.9820543155
287	3.6083984375	-3.3015339441	4.2743147080
288	2.6230773926	4.1102589797	11.6116425704
289	0.6273193359	6.8076109255	-2.8732093664
290	3.6585693359	-3.1936449762	3.7123489148
291	3.1777954102	-1.6173063734	8.6404984895
292	0.7016601563	7.5427210557	-2.4731643540
293	3.4350280762	-3.1202512901	6.1629186460
294	3.4745483398	-3.2305728829	5.7430721543
295	3.2085266113	-1.8571726546	8.3728577898
296	1.0495300293	10.3156922246	0.5049195328
297	2.2236633301	8.2378304465	11.1827121079
298	3.6311950684	-3.2622836892	4.0193854992
299	2.4126281738	6.3971995807	11.6647255578
300	2.4266967773	6.2503848519	11.6807127435
301	3.9966430664	-0.0556768741	0.0336161011
302	3.6352539063	-3.2536064929	3.9739141343
303	2.6404418945	3.9157623767	11.5793630537
304	2.0877990723	9.3708831128	10.5392813607
305	1.4600830078	11.7074657713	5.0332105286
306	2.5684204102	4.7188620016	11.6856086822
307	1.1657409668	10.9377383593	1.7497325439
308	2.3486633301	7.0494001259	11.5569590355
309	3.1204833984	-1.1354291758	9.1151897692
310	1.9660339355	10.2196463492	9.7668961113
311	3.5960083008	-3.3162326743	4.4124774428
312	3.7777099609	-2.6001883641	2.3759020713
313	2.0074462891	9.9500353215	10.0493177994
314	2.3211059570	7.3218653489	11.4929150240
315	1.4074096680	11.6580860453	4.4505348765
316	0.0122375488	0.1229903336	-0.2003552586
317	2.0213623047	9.8549390263	10.1397372600
318	3.2132263184	-1.8926289986	8.3311559900
319	3.1051025391	-0.9990913377	9.2369149560
320	0.2000732422	2.1288125073	-2.4325838805
321	1.9058837891	10.5744464870	9.3223425689
322	1.0623779297	10.3927634240	0.6387908744
323	3.0082702637	-0.0824148159	9.9444668715
324	1.0656738281	10.4122094636	0.6733085589
325	3.8458251953	-2.0252099972	1.6229364369
326	1.5079650879	11.7183006181	5.5549045989
327	0.6603698730	7.1393130519	-2.7087149148
328	0.6017761230	6.5463200041	-2.9847662211
329	1.6896057129	11.4651788766	7.4262711072
330	2.4126281738	6.3971995807	11.6647255578
331	1.8643188477	10.7932724064	8.9925163926
332	2.3856506348	6.6754520444	11.6262723905
333	3.7970275879	-2.4555291248	2.1609859194
334	1.4911804199	11.7181990280	5.3730447889
335	3.3424682617	-2.7237029989	7.1111253628
336	2.5206604004	5.2440692688	11.7157266158
337	2.5119018555	5.3395237561	11.7177466331
338	0.5645141602	6.1581018010	-3.1217418905
339	2.0219726563	9.8507171804	10.1436505692
340	0.2024841309	2.1555656588	-2.4516874110
341	2.2597351074	7.9078989107	11.3126258947
342	0.4385070801	4.7954858367	-3.3333332825
343	1.9448547363	10.3496241357	9.6149129426
344	0.9106750488	9.3591973867	-0.8563872514
345	0.2703247070	2.9134076236	-2.8995892821
346	2.4079589844	6.4456726493	11.6588030037
347	1.8030700684	11.0751660233	8.4748909950
348	1.2249145508	11.1875118459	2.4051670589
349	1.9254455566	10.4639409046	9.4712629958
350	1.3854064941	11.6258776936	4.2051224190
351	2.0989074707	9.2852435690	10.6007845754
352	3.2666320801	-2.2711116254	7.8435500288
353	1.7314758301	11.3416099340	7.8258276583
354	3.6551513672	-3.2035247814	3.7507258334
355	2.9298095703	0.7207233909	10.4386410175
356	1.7652282715	11.2245893824	8.1374333116
357	2.9171752930	0.8540284769	10.5112407054
358	0.2520446777	2.7084460187	-2.7955867332
359	0.3988647461	4.3553443767	-3.3107092163
360	3.7495422363	-2.7859888032	2.6906730268
361	3.6561584473	-3.2006530320	3.7394193061
362	2.9655151367	0.3495997875	10.2228948839
363	2.6497802734	3.8110126420	11.5602609855
364	1.8642578125	10.7935775582	8.9920189835
365	1.9146728516	10.5253855450	9.3897610434
366	0.9684143066	9.7836623997	-0.3115416458
367	3.5269470215	-3.3166514802	5.1753768021
368	3.3113098145	-2.5506126518	7.4173813330
369	1.9242553711	10.4708000617	9.4623202289
370	2.0708312988	9.4991383348	10.4423710998
371	2.8609008789	1.4584653640	10.8102872003
372	3.4162597656	-3.0549795992	6.3594102207
373	3.2792968750	-2.3539345719	7.7243641011
374	2.5992126465	4.3767757248	11.6491084327
375	1.3782043457	11.6138579258	4.1245983741
376	2.8198547363	1.9083175924	11.0027973233
377	1.6598205566	11.5383668643	7.1338618322
378	2.9000549316	1.0361629721	10.6064504205
379	3.2366333008	-2.0641544962	8.1205021255
380	3.2941284180	-2.4473551250	7.5831393444
381	2.1790466309	8.6297753515	10.9979310214
382	0.4689331055	5.1302819666	-3.3203609403
383	3.1855163574	-1.6788512259	8.5740908098
384	1.1841430664	11.0203712952	1.9524547180
385	0.3560791016	3.8767487994	-3.2333410366
386	1.7044067383	11.4242481421	7.5690965609
387	3.3506774902	-2.7661556960	7.0292740502
388	2.4741821289	5.7469979379	11.7140288861
389	2.7135314941	3.0946873062	11.3975129386
390	2.2868652344	7.6525180318	11.3986990997
391	1.6447448730	11.5707123186	6.9834286308
392	3.4792175293	-3.2410933830	5.6929638527
393	2.0003051758	9.9979649516	10.0020339619
394	2.1824645996	8.6004067054	11.0130185197
395	1.8022155762	11.0787506525	8.4674152189
396	1.1612854004	10.9170649898	1.7008277483
397	1.0390930176	10.2516076160	0.3970011666
398	2.2720336914	7.7928773019	11.3528894313
399	1.0396118164	10.2548241765	0.4023473421
400	3.0710144043	-0.6873195149	9.4977709470
401	2.1990661621	8.4561888287	11.0841094506
402	0.6049499512	6.5790088100	-2.9716682601
403	0.3407592773	3.7048095412	-3.1916598388
404	2.9138488770	0.8892851273	10.5300259405
405	3.4935913086	-3.2700400964	5.5380910490
406	1.2781677246	11.3722002785	3.0014526482
407	0.3667602539	3.9964815993	-3.2579770039
408	0.7415771484	7.9200972184	-2.2159616162
409	0.3028869629	3.2792003391	-3.0555984427
410	3.9399719238	-0.9151782041	0.6142241065
411	0.9912719727	9.9413698897	-0.0869595339
412	1.7687377930	11.2115380975	8.1692700489
413	1.7216186523	11.3728635301	7.7330238599
414	3.9189147949	-1.1969354733	0.8356175186
415	2.4606323242	5.8918030017	11.7077741532
416	0.8139343262	8.5693445735	-1.6831977410
417	0.5315856934	5.8087456852	-3.2159300357
418	3.9777832031	-0.3584427975	0.2241699509
419	2.1790466309	8.6297753515	10.9979310214
420	3.3663330078	-2.8433467225	6.8718917675
421	1.7993774414	11.0905872726	8.4425362907
422	1.6925354004	11.4573168272	7.4546755192
423	1.1186828613	10.7064320838	1.2373254311
424	3.2770996094	-2.3397644270	7.7451361024
425	0.0990295410	1.0263815911	-1.4215063956
426	3.4560241699	-3.1835415902	5.9408455600
427	3.8548278809	-1.9353498263	1.5246061150
428	1.0756225586	10.4700973644	0.7779187130
429	3.3597106934	-2.8113046038	6.9386678517
430	1.1071166992	10.6452410201	1.1129397045
431	2.2261352539	8.2155839433	11.1921742851
432	0.9111633301	9.3629395299	-0.8519261809
433	2.3382873535	7.1526292093	11.5340837862
434	2.1844787598	8.5830481266	11.0218373992
435	0.6196899414	6.7300014151	-2.9079866169
436	1.1190490723	10.7083418188	1.2412747271
437	1.7170715332	11.3868332247	7.6899470150
438	0.8055114746	8.4962128703	-1.7493020778
439	1.8812255859	10.7069096774	9.1288361352
440	2.4122009277	6.4016403430	11.6641963904
441	1.8265075684	10.9730866331	8.6772610677
442	3.1702880859	-1.5566648899	8.7045216764
443	2.8501892090	1.5752300760	10.8626355233
444	3.6975097656	-3.0539183823	3.2747408961
445	3.9926452637	-0.1212750248	0.0737707605
446	2.6903991699	3.3546705512	11.4630612691
447	0.5199890137	5.6844387403	-3.2428270977
448	0.5172729492	5.6552349400	-3.2486422844
449	3.5100097656	-3.2966320574	5.3601054834
450	2.7428588867	2.7655481355	11.3038708016
451	3.8231201172	-2.2372083569	1.8723051632
452	0.1155395508	1.2034545507	-1.6157536551
453	2.2391357422	8.0976944621	11.2405870466
454	0.0490722656	0.5001703341	-0.7606555719
455	3.0413513184	-0.4060324927	9.7144702268
456	3.1295166016	-1.2141746554	9.0425599066
457	1.8292541504	10.9606515386	8.7006333748
458	3.6787719727	-3.1274533107	3.4853675061
459	3.8408203125	-2.0737316142	1.6777410024
460	1.9060974121	10.5732654782	9.3239909879
461	0.5659790039	6.1735117018	-3.1169548054
462	0.6787414551	7.3203718856	-2.6078989121
463	0.9322204590	9.5218742345	-0.6570789614
464	2.4430541992	6.0783001705	11.6957887583
465	0.8438720703	8.8237923022	-1.4401889473
466	1.3269653320	11.5074149955	3.5498471752
467	2.3559570313	6.9763862630	11.5721410766
468	0.9556884766	9.6932842520	-0.4344956944
469	1.2642211914	11.3275511960	2.8449301098
470	3.0113220215	-0.1126788270	9.9237745251
471	0.3923034668	4.2821497733	-3.3024901137
472	0.0679931641	0.6976405585	-1.0240968666
473	0.3576049805	3.8938616853	-3.2370813450
474	0.7336120605	7.8458346268	-2.2694879508
475	3.0965881348	-0.9224313864	9.3032327298
476	1.6293334961	11.6004991628	6.8280365325
477	2.9315490723	0.7024469679	10.4284910099
478	1.2384643555	11.2381425739	2.5564751307
479	3.4592285156	-3.1922755016	5.9067543127
480	3.1555480957	-1.4353621473	8.8286343414
481	0.0432739258	0.4401396353	-0.6766491863
482	1.7671508789	11.2174600715	8.1548877226
483	2.1911315918	8.5254394735	11.0505864217
484	1.8955688477	10.6307910611	9.2421720703
485	1.5972595215	11.6518203809	6.4996955425
486	0.4366149902	4.7745712529	-3.3332857343
487	3.1335449219	-1.2489664444	9.0099019235
488	0.5228271484	5.7149191046	-3.2365532247
489	3.5679626465	-3.3327494710	4.7239294028
490	0.2432861328	2.6103996803	-2.7414665272
491	1.2934265137	11.4180031722	3.1728701927
492	2.4514770508	5.9891339228	11.7020770770
493	3.8473815918	-2.0099125911	1.6059135430
494	0.6920166016	7.4496503417	-2.5310452907
495	1.5036010742	11.7186581453	5.5077344657
496	3.7780151367	-2.5980133422	2.3725001219
497	0.7178039551	7.6968968331	-2.3725020011
498	0.0499877930	0.5096701716	-0.7737784135
499	3.7077331543	-3.0087642194	3.1598381754
500	0.8475952148	8.8548254760	-1.4091184917
501	3.9494628906	-0.7816336656	0.5153728350
502	2.2256164551	8.2202574758	11.1901951907
503	1.8707275391	10.7609656114	9.0445338649
504	3.4453735352	-3.1527412047	6.0537839903
505	2.5231018066	5.2174099016	11.7149699086
506	1.2724914551	11.3543482823	2.9377259813
507	2.5136718750	5.3202571514	11.7174260113
508	0.6130065918	6.6617082968	-2.9374386129
509	0.9777832031	9.8490272483	-0.2200563276
510	1.5181884766	11.7164067781	5.6650826538
511	1.8741455078	10.7435203689	9.0721053189
512	3.0900573730	-0.8630738971	9.3535793918
513	3.3833312988	-2.9214184252	6.6991643681
514	0.3182983398	3.4524379894	-3.1167344931
515	0.6912536621	7.4422566408	-2.5355513776
516	3.3803100586	-2.9079866169	6.7300014151
517	3.9382324219	-0.9392098387	0.6324064296
518	3.4352111816	-3.1208481158	6.1609920443
519	2.6158752441	4.1907982442	11.6237918104
520	1.4432983398	11.6959851429	4.8484002168
521	0.1920471191	2.0398646641	-2.3673602612
522	1.0421752930	10.2706701511	0.4287919493
523	1.2458190918	11.2645889545	2.6387424639
524	3.0106506348	-0.1060276460	9.9283360824
525	0.8933105469	9.2244702323	-1.0132868588
526	0.3519897461	3.8308740772	-3.2229515135
527	0.7859497070	8.3238239310	-1.8988109154
528	1.5274047852	11.7134307291	5.7640024075
529	2.4620056152	5.8771673016	11.7085264259
530	3.8711242676	-1.7641533541	1.3474887262
531	2.3332519531	7.2024498218	11.5224428070
532	0.7185974121	7.7044209303	-2.3674350516
533	0.0872497559	0.9009437310	-1.2756799956
534	2.2785339355	7.7315810384	11.3733368992
535	1.7871704102	11.1402771687	8.3346840426
536	2.7805786133	2.3439317845	11.1662837330
537	2.4500427246	6.0043439716	11.7010771076
538	2.9295043945	0.7239317435	10.4404178784
539	0.3846740723	4.1969375240	-3.2912942848
540	3.1973571777	-1.7715813017	8.4711539561
541	1.0708007813	10.4421935916	0.7271406799
542	0.9846801758	9.8965048111	-0.1522023145
543	1.8603515625	10.8130077109	8.9601064776
544	3.1821289063	-1.6519529591	8.6032960543
545	1.2821655273	11.3845090752	3.0463504100
546	3.1638488770	-1.5040341254	8.7590017150
547	0.2316894531	2.4807770424	-2.6654652887
548	1.7435607910	11.3014860684	7.9385090028
549	3.8264465332	-2.2074453387	1.8356562267
550	3.1249694824	-1.1746607167	9.0792248599
551	3.2091064453	-1.8615651554	8.3677236576
552	2.3773193359	6.7604692873	11.6123307363
553	3.0785217285	-0.7570746558	9.4413940260
554	3.4679565430	-3.2148000887	5.8136395259
555	3.2312316895	-2.0253332156	8.1695464146
556	0.3823852539	4.1713537953	-3.2875892992
557	3.8932800293	-1.5134489907	1.1086853517
558	3.3637390137	-2.8309030341	6.8980833793
559	1.1249694824	10.7389789760	1.3052119833
560	3.8025207520	-2.4117780221	2.1000452118
561	3.0784301758	-0.7562276058	9.4420852323
562	3.8079833984	-2.3671074711	2.0395268123
563	3.3906555176	-2.9531712570	6.6241677484
564	0.9925537109	9.9500353215	-0.0742297936
565	3.4920349121	-3.2671587518	5.5549045989
566	2.5001220703	5.4674275406	11.7187498945
567	3.1123657227	-1.0638221344	9.1797405986
568	1.8099975586	11.0457481544	8.5352464836
569	0.7652893066	8.1379879186	-2.0503899532
570	0.3472595215	3.7777895396	-3.2102666591
571	0.4927673340	5.3902883994	-3.2926262291
572	2.4312438965	6.2026941989	11.6852828611
573	3.6500854492	-3.2174748941	3.8075879533
574	1.5929565430	11.6576057125	6.4551620892
575	0.0136108398	0.1368677153	-0.2223913195
576	3.7930908203	-2.4861672174	2.2047096462
577	0.9916992188	9.9442604815	-0.0827178531
578	3.5713806152	-3.3319585052	4.6860789785
579	2.2206420898	8.2649464950	11.1710360136
580	3.6591491699	-3.1919314006	3.7058376571
581	1.3264160156	11.5060758370	3.5436740991
582	3.0859069824	-0.8251044252	9.3853387721
583	2.1339111328	9.0069248339	10.7844022045
584	3.3112182617	-2.5500768550	7.4182705967
585	0.1043090820	1.0828497938	-1.4849011116
586	0.4132690430	4.5157151221	-3.3242425124
587	0.2828063965	3.0535487894	-2.9637616333
588	1.8656005859	10.7868531722	9.0029532641
589	1.5367431641	11.7091885931	5.8638244861
590	0.9323730469	9.5230083570	-0.6556498208
591	1.3663635254	11.5925166008	3.9920369116
592	2.2146911621	8.3181169616	11.1476804284
593	2.0690612793	9.5123375511	10.4320566583
594	2.3781127930	6.7523915948	11.6137004498
595	2.5382080078	5.0519762601	11.7084111586
596	0.5932617188	6.4583241303	-3.0188126253
597	0.4783020020	5.2327417510	-3.3112638352
598	2.7204589844	3.0168742489	11.3764531484
599	3.3169555664	-2.5833504544	7.3624210575
600	0.7698974609	8.1797661685	-2.0171595762
601	0.5958557129	6.4851790730	-3.0086093723
602	1.6682739258	11.5188456937	7.2175109146
603	2.1211547852	9.1098204496	10.7192896906
604	1.8634338379	10.7976924254	8.9853002711
605	0.6550598145	7.0865283864	-2.7366273478
606	1.7981872559	11.0955192123	8.4320809800
607	1.4295654297	11.6836298899	4.6965586148
608	3.7843017578	-2.5524243055	2.3024659143
609	2.2638854980	7.8692232171	11.3264438131
610	2.3085021973	7.4446231084	11.4601148503
611	3.5663146973	-3.3330113540	4.7421672413
612	2.3009338379	7.5177568696	11.4393649685
613	1.0025939941	10.0172540139	0.0259678909
614	0.3981628418	4.3475183450	-3.3098918246
615	3.1109924316	-1.0516305892	9.1905931466
616	0.7312622070	7.8238248857	-2.2850735979
617	0.6463928223	6.9999496081	-2.7809794660
618	2.2706909180	7.8054963690	11.3485936394
619	3.9338073730	-0.9997259132	0.6787482636
620	3.2590332031	-2.2201010807	7.9144253873
621	0.0130920410	0.1316233877	-0.2140771552
622	0.7629089355	8.1163340755	-2.0674230646
623	3.8558349609	-1.9250902117	1.5136272020
624	0.8752441406	9.0809421660	-1.1727981099
625	3.4357910156	-3.1227329125	6.1548899404
626	2.5990905762	4.3781361869	11.6492795018
627	0.9341125488	9.5359193318	-0.6393405175
628	1.9445495605	10.3514572654	9.6126863937
629	3.8604736328	-1.8772918283	1.4631133022
630	3.2696533203	-2.2911203662	7.8152373084
631	1.3717041016	11.6023852559	4.0518513094
632	0.3966979980	4.3311825503	-3.3081383209
633	3.5686645508	-3.3326143546	4.7161591518
634	3.5351867676	-3.3236106654	5.0851271192
635	2.0530395508	9.6302479761	10.3369446180
636	1.5428161621	11.7057674658	5.9285137020
637	3.5251770020	-3.3149173051	5.1947320915
638	1.5553588867	11.6970501983	6.0615289921
639	0.7039794922	7.5649975791	-2.4589902805
640	0.5170593262	5.6529365958	-3.2490918004
641	3.3506774902	-2.7661556960	7.0292740502
642	2.6427307129	3.8900970705	11.5747937844
643	2.6769409180	3.5059473078	11.4978012038
644	1.3427124023	11.5440226968	3.7267413273
645	3.9193725586	-1.1910210326	0.8307755241
646	0.6417846680	6.9537053768	-2.8039449714
647	2.3610534668	6.9251518555	11.5823087873
648	2.6238403320	4.1017224111	11.6103129745
649	2.5816650391	4.5720038155	11.6715470498
650	1.9327392578	10.4215248132	9.5257292111
651	1.2174072266	11.1583988879	2.3214955024
652	0.8615722656	8.9700956859	-1.2908657684
653	2.0118408203	9.9202461186	10.0781181889
654	1.0604858398	10.3815398055	0.6190070076
655	3.4391174316	-3.1333940452	6.1198480999
656	3.3955078125	-2.9735709359	6.5742978915
657	2.6806335449	3.4644437750	11.4885187986
658	3.9884948730	-0.1885659002	0.1155952027
659	0.2365112305	2.5346436811	-2.6976707609
660	1.9702758789	10.1929638015	9.7967297268
661	1.9530029297	10.3002606346	9.6739790423
662	0.9777526855	9.8488159589	-0.2203556221
663	2.7472839355	2.7159664340	11.2887248431
664	0.9266357422	9.4801903713	-0.7092177799
665	0.8106689453	8.5410719951	-1.7089463445
666	2.0905456543	9.3498308772	10.5546318013
667	0.5716552734	6.2331142269	-3.0979349813
668	1.0182189941	10.1195137051	0.1835428449
669	0.1998901367	2.1267812665	-2.4311237897
670	2.3196105957	7.3364921319	11.4891383396
671	1.9325561523	10.4225976697	9.5243689675
672	1.8526916504	10.8505385986	8.8970824516
673	1.0040588379	10.0269627088	0.0406566872
674	3.3417053223	-2.7196895675	7.1187083107
675	3.4606933594	-3.1961853997	5.8911527236
676	3.9583129883	-0.6533877106	0.4237512762
677	0.6412658691	6.9484899963	-2.8065034779
678	1.8968811035	10.6236972206	9.2524336524
679	0.6048278809	6.5777526911	-2.9721760860
680	0.4752502441	5.1994023458	-3.3144861011
681	2.2871398926	7.6499020838	11.3995190239
682	3.7920532227	-2.4941431193	2.2162403854
683	0.6668090820	7.2030525888	-2.6741233078
684	2.4719848633	5.7705394359	11.7131911741
685	3.7224121094	-2.9375997600	2.9949417335
686	2.5301818848	5.1399741156	11.7122981562
687	1.4618835449	11.7084606380	5.0529812888
688	2.8868408203	1.1778375869	10.6774203328
689	0.8055114746	8.4962128703	-1.7493020778
690	3.5639343262	-3.3332528927	4.7684973536
691	2.6036682129	4.3270979305	11.6427209700
692	3.0942077637	-0.9008518845	9.3216359551
693	1.5703430176	11.6837210775	6.2193509116
694	1.1748352051	10.9791300529	1.8497733968
695	1.4143981934	11.6668904214	4.5282667351
696	0.0960693359	0.9947865598	-1.3854315670
697	3.9488525391	-0.7903455038	0.5217115492
698	0.9769592285	9.8433186946	-0.2281343328
699	1.4601745605	11.7075174648	5.0342160847
700	1.3384094238	11.5343616163	3.6784191948
701	3.1186828613	-1.1196145768	9.1295663390
702	3.0459594727	-0.4503044757	9.6814474387
703	0.7109375000	7.6315736305	-2.4158859719
704	2.1525268555	8.8538101694	10.8756734019
705	2.4759216309	5.7283448965	11.7146435911
706	3.6730041504	-3.1477216614	3.5501901204
707	2.3257751465	7.2760873639	11.5045081975
708	3.8215637207	-2.2509828283	1.8894655807
709	3.2326965332	-2.0359068209	8.1562716021
710	2.7434692383	2.7587077410	11.3017974999
711	0.0629882813	0.6451777410	-0.9559923125
712	2.2718200684	7.7948858714	11.3522076555
713	0.6397399902	6.9331400548	-2.8139966820
714	2.7411804199	2.7843616626	11.3095462988
715	2.3152465820	7.3790830203	11.4779396681
716	1.3891906738	11.6319014659	4.2473959503
717	1.8342590332	10.9377383593	8.7430351875
718	3.3770141602	-2.8931131864	6.7635750081
719	2.7698364258	2.4637397986	11.2074184345
720	1.9605407715	10.2538784658	9.7279602164
721	3.3124084473	-2.5570300183	7.4067052137
722	0.8429565430	8.8161402275	-1.4478011306
723	2.6937255859	3.3172780203	11.4540890405
724	0.2402343750	2.5762656469	-2.7219483864
725	3.0269775391	-0.2666443312	9.8159374764
726	2.6909790039	3.3481525593	11.4615082907
727	2.8437805176	1.6453143569	10.8932456904
728	0.1413574219	1.4830419887	-1.8962661562
729	1.1101074219	10.6612258674	1.1450373731
730	3.3369445801	-2.6943866919	7.1659324941
731	0.0018005371	0.0180188500	-0.0299306537
732	1.0522766113	10.3323372690	0.5334448682
733	1.2209777832	11.1723393942	2.3612751247
734	1.1895446777	11.0437818976	2.0121699830
735	2.1348876953	8.9989792763	10.7893010809
736	0.2779235840	2.9987111789	-2.9393114889
737	1.5182800293	11.7163831301	5.6660672167
738	0.4041442871	4.4141769786	-3.3163850453
739	3.1804199219	-1.6383210508	8.6179888343
740	2.1063232422	9.2273444372	10.6409811827
741	0.2581176758	2.7764937563	-2.8314729789
742	0.2616882324	2.8165237049	-2.8519498781
743	3.4562377930	-3.1841315618	5.9385744090
744	1.4998779297	11.7187498945	5.4674275406
745	1.0164489746	10.1080741563	0.1655949241
746	0.1727294922	1.8265838734	-2.2000045917
747	2.6958923340	3.2929218575	11.4481626614
748	3.4119262695	-3.0387705317	6.4044945554
749	2.5368652344	5.0667138271	11.7091249668
750	0.3061218262	3.3155627819	-3.0690973054
751	1.7087097168	11.4117830095	7.6102991968
752	1.7279663086	11.3528894313	7.7928773019
753	2.2032165527	8.4197322510	11.1013121963
754	1.8431396484	10.8962774054	8.8176713032
755	1.6649780273	11.5265749459	7.1849578876
756	2.8321533203	1.7728703454	10.9474185406
757	3.1373291016	-1.2814646383	8.9790731180
758	3.8562927246	-1.9204128955	1.5086381989
759	1.0061035156	10.0404724178	0.0611892410
760	1.7987976074	11.0929923613	8.4374443145
761	0.9214477539	9.4411636037	-0.7573569858
762	2.8131408691	1.9824698157	11.0321908182
763	1.9797668457	10.1324859768	9.8627381963
764	2.2086181641	8.3720473417	11.1233582511
765	1.9462280273	10.3413610092	9.6249196325
766	2.7054443359	3.1855597684	11.4212656447
767	2.8000793457	2.1271198003	11.0876698801
768	1.5901794434	11.6612010940	6.4263621598
769	2.3830871582	6.7016584146	11.6220863534
770	1.8027648926	11.0764473587	8.4722218548
771	3.4328002930	-3.1129274730	6.1863443670
772	2.4863891602	5.6158064408	11.7174378060
773	0.7819824219	8.2884353835	-1.9284307720
774	1.0316162109	10.2048919891	0.3201698632
775	3.0052795410	-0.0526785339	9.9646407101
776	0.1457824707	1.5312620711	-1.9415473929
777	3.2941589355	-2.4475433014	7.5828469583
778	0.9792175293	9.8589458297	-0.2059800411
779	0.8419494629	8.8077134102	-1.4561616639
780	2.8390808105	1.6968114591	10.9153543058
781	1.5196533203	11.7160141656	5.6808310968
782	2.5225524902	5.2234101923	11.7151475273
783	2.1241455078	9.0858461738	10.7347417984
784	1.8003845215	11.0863994099	8.4513728500
785	2.9799499512	0.2021353405	10.1313086672
786	2.0820617676	9.4145979182	10.5069127696
787	2.1755371094	8.6598144939	10.9822797072
788	3.7938232422	-2.4805122709	2.1965719549
789	2.2158508301	8.3077806097	11.1522689061
790	1.5007934570	11.7187455405	5.4773444712
791	3.3720703125	-2.8703744045	6.8138033164
792	2.3047485352	7.4809501572	11.4499222749
793	2.5098266602	5.3620965123	11.7180660181
794	1.5481262207	11.7023485275	5.9849250282
795	0.6772155762	7.3054277580	-2.6165196805
796	3.3562622070	-2.7942638338	6.9733233125
797	3.2339172363	-2.0446921736	8.1451948350
798	0.0486755371	0.4960555287	-0.7549570604
799	0.8022460938	8.4676823279	-1.7746530040
800	3.9506225586	-0.7650341257	0.5033363064
801	1.8222351074	10.9922336298	8.6407598424
802	3.6364135742	-3.2510323266	3.9609183804
803	1.9911193848	10.0587428917	9.9403370232
804	2.1355895996	8.9932624354	10.7928145890
805	2.3687744141	6.8471998879	11.5970210177
806	3.1332702637	-1.2466007057	9.0121338472
807	2.4308471680	6.2068596772	11.6848957484
808	3.6958312988	-3.0609896568	3.2936079391
809	1.8498840332	10.8641052164	8.8738351052
810	3.5532836914	-3.3323685214	4.8861060959
811	1.2866210938	11.3979694098	3.0964015823
812	1.4694519043	11.7121406571	5.1359639080
813	3.9720764160	-0.4467306080	0.2823763433
814	0.7313842773	7.8249693733	-2.2842662775
815	1.3619079590	11.5839780352	3.9421057631
816	1.2891845703	11.4055903811	3.1252032891
817	1.6445617676	11.5710857011	6.9815918166
818	3.5773315430	-3.3297792350	4.6201042561
819	1.3836669922	11.6230412651	4.1856817822
820	1.5490417480	11.7017187446	5.9946366472
821	3.0769958496	-0.7429454087	9.4529022841
822	3.9546203613	-0.7073358369	0.4619131316
823	3.9123840332	-1.2803051042	0.9048314876
824	3.3954772949	-2.9734442327	6.5746119928
825	2.5021362305	5.4455980285	11.7187176754
826	1.1844177246	11.0215709452	1.9554889059
827	2.8774108887	1.2794849576	10.7267146185
828	0.5440673828	5.9418188402	-3.1832884087
829	0.5234375000	5.7214691769	-3.2351777423
830	2.1743774414	8.6697145010	10.9770724508
831	1.7370300293	11.3234158835	7.8777669955
832	1.7206115723	11.3759818812	7.7234977519
833	3.0877380371	-0.8418791215	9.3713500234
834	0.1726684570	1.8259119402	-2.1994523454
835	1.2635803223	11.3254357705	2.8377422614
836	2.7277526855	2.9349856686	11.3535705843
837	2.0829162598	9.4081096352	10.5117595718
838	1.1467895508	10.8480205682	1.5422477939
839	3.9536132813	-0.7219397986	0.4723375198
840	2.1363525391	8.9870428192	10.7966264452
841	0.5605468750	6.1163084690	-3.1344555582
842	3.7874755859	-2.5288384958	2.2671433839
843	0.0631408691	0.6467748353	-0.9580853817
844	0.6018676758	6.5472638136	-2.9843914747
845	2.5835876465	4.5506485401	11.6693001768
846	2.1376953125	8.9760819950	10.8033171516
847	3.2677001953	-2.2782032504	7.8335491059
848	1.8056640625	11.0642248746	8.4975436404
849	1.6989440918	11.4397059071	7.5165807971
850	1.8464965820	10.8803378196	8.8456824033
851	2.9475097656	0.5356656608	10.3336280405
852	0.0216064453	0.2179593615	-0.3489093664
853	2.0352478027	9.7578415440	10.2276662733
854	1.0478515625	10.3054751671	0.4875128652
855	1.0977478027	10.5944361613	1.0126953519
856	0.3073730469	3.3296277883	-3.0742231598
857	1.0253906250	10.1654832424	0.2565109344
858	1.8646545410	10.7915932165	8.9952514679
859	2.8635559082	1.4295996458	10.7970833656
860	2.3208007813	7.3248517568	11.4921467864
861	2.7543029785	2.6373763134	11.2641559734
862	0.5375976563	5.8729374836	-3.2006811005
863	3.7001953125	-3.0424042949	3.2445546920
864	0.7614135742	8.1027056993	-2.0780769935
865	3.9315185547	-1.0306807923	0.7027674424
866	2.1791381836	8.6289901439	10.9983371523
867	0.1583862305	1.6690460191	-2.0661071945
868	3.4367370605	-3.1257912820	6.1449299734
869	0.4888610840	5.3478245390	-3.2982029922
870	0.1521911621	1.6012422772	-2.0056959642
871	2.2942810059	7.5816773406	11.4204736829
872	1.9537048340	10.2959706511	9.6790325101
873	1.8031311035	11.0749096082	8.4754247190
874	3.0743713379	-0.7185848768	9.4726374405
875	1.7046813965	11.4234600978	7.5717308652
876	0.0351562500	0.3564963554	-0.5564292456
877	0.5436401367	5.9372765055	-3.1844681946
878	0.4465942383	4.8847600704	-3.3323967411
879	3.1871643066	-1.6918778554	8.5598435397
880	2.4611511230	5.8862750514	11.7080614819
881	0.1451110840	1.5239406051	-1.9347292239
882	3.9071350098	-1.3459506140	0.9606405273
883	2.0253601074	9.8272085240	10.1652889231
884	2.6354370117	3.9718622866	11.5890995060
885	3.9049987793	-1.3723210947	0.9833981788
886	0.1105041504	1.1492987047	-1.5577532429
887	2.8988952637	1.0485592581	10.6127668252
888	2.7767333984	2.3867896566	11.1811858579
889	1.7065124512	11.4181799699	7.5892777616
890	1.2313842773	11.2119948362	2.4773692332
891	0.4187927246	4.5770870667	-3.3278084811
892	3.7353820801	-2.8684091899	2.8493799581
893	3.3659362793	-2.8414525611	6.8759004543
894	3.0934448242	-0.8939218693	9.3275216792
895	0.2874145508	3.1053160247	-2.9860711475
896	3.4344177246	-3.1182562362	6.1693393377
897	1.6055297852	11.6399695585	6.5849741215
898	0.9233398438	9.4554307161	-0.7398336264
899	1.0837707520	10.5165973002	0.8640489805
900	3.9363403320	-0.9651939431	0.6522060835
901	0.6510925293	7.0469621036	-2.7571160761
902	2.7296447754	2.9137501052	11.3475158480
903	0.6735839844	7.2697915712	-2.6368583858
904	1.1341857910	10.7857812502	1.4050717317
905	1.4545288086	11.7041078554	4.9721548200
906	3.3065795898	-2.5227259342	7.4632431295
907	0.2444458008	2.6233746239	-2.7487935837
908	0.0681762695	0.6995629630	-1.0265670951
909	0.5417175293	5.9168246802	-3.1897227319
910	3.8631286621	-1.8495315210	1.4342426108
911	1.9660644531	10.2194551584	9.7671114697
912	2.8670043945	1.3921540480	10.7797983983
913	2.4849853516	5.6309277848	11.7171531780
914	1.2768249512	11.3680169807	2.9863751389
915	0.2753295898	2.9695859658	-2.9259812370
916	1.3142700195	11.4753976085	3.4071571879
917	3.0007934570	-0.0079319446	9.9947066148
918	3.9727172852	-0.4368923095	0.2758275150
919	0.7864990234	8.3287126549	-1.8946907840
920	0.0399169922	0.4054930517	-0.6273047559
921	0.6724548340	7.2586916548	-2.6431306845
922	1.4271850586	11.6812174817	4.6701859148
923	1.8263854980	10.9736370112	8.6762206102
924	1.3365478516	11.5301021966	3.6575099009
925	2.2978210449	7.5477076092	11.4306017253
926	2.2969360352	7.5562092353	11.4280858713
927	0.5944213867	6.4703348324	-3.0142695860
928	1.6009216309	11.6466914545	6.5375086516
929	2.8617553711	1.4491718740	10.8060475799
930	2.1729125977	8.6822012806	10.9704696715
931	0.9479064941	9.6371215998	-0.5089148599
932	0.4003906250	4.3723540088	-3.3124352167
933	3.1340332031	-1.2531698700	9.0059321682
934	1.9591369629	10.2625684210	9.7179553683
935	3.8121643066	-2.3321304179	1.9932673359
936	1.1641235352	10.9302635633	1.7319709640
937	3.8917541504	-1.5313877410	1.1250527507
938	3.8766479492	-1.7036019048	1.2877278517
939	2.2156372070	8.3096855889	11.1514250099
940	0.4997253418	5.4657743790	-3.2817067891
941	2.7672424316	2.4927057775	11.2171193399
942	2.0923767090	9.3357512822	10.5648130933
943	1.9500732422	10.3181021708	9.6528269049
944	0.1345214844	1.4087163324	-1.8247170050
945	1.7205200195	11.3762646798	7.7226313349
946	0.9731750488	9.8170020564	-0.2651543253
947	0.8556823730	8.9217594194	-1.3410042741
948	0.4819946289	5.2730359553	-3.3070324515
949	1.1369934082	10.7998226269	1.4355693203
950	2.9645385742	0.3596322460	10.2290010101
951	1.7312927246	11.3422025824	7.8241110191
952	2.8331909180	1.7614671108	10.9426558313
953	2.5502014160	4.9200779621	11.7009040024
954	1.0946350098	10.5773122726	0.9794950532
955	3.8695068359	-1.7816406553	1.3650147303
956	3.1731567383	-1.5799289723	8.6801215858
957	0.9893493652	9.9283360824	-0.1060276460
958	1.1032104492	10.6241928435	1.0710868470
959	1.2168579102	11.1562390615	2.3153781155
960	1.6222839355	11.6130166962	6.7564309497
961	1.9521179199	10.3056612367	9.6675994321
962	1.1954345703	11.0688696485	2.0773830650
963	1.1589965820	10.9063445825	1.6757342543
964	1.5027160645	11.7186977463	5.4981585961
965	0.0021362305	0.0213812705	-0.0354936383
966	0.4208068848	4.5994471789	-3.3288871438
967	1.9307861328	10.4329473540	9.5112010353
968	1.0298461914	10.1937346542	0.3020412875
969	3.9917297363	-0.1361895040	0.0829848009
970	0.6771545410	7.3048296343	-2.6168635891
971	2.6514892578	3.7918332681	11.5566334974
972	0.6286315918	6.8209215438	-2.8671045830
973	3.9096984863	-1.3140422963	0.9333653054
974	1.3394470215	11.5367148053	3.6900725516
975	0.9848937988	9.8979666299	-0.1500939102
976	1.8750305176	10.7389789760	9.0792248599
977	3.3536682129	-2.7812864548	6.9993380528
978	2.5137329102	5.3195925677	11.7174141638
979	2.4245605469	6.2727501370	11.6784649537
980	0.0624084473	0.6391101603	-0.9480290454
981	1.6280822754	11.6027716979	6.8153510323
982	1.9160461426	10.5176327753	9.4002204357
983	0.2039184570	2.1714894737	-2.4629462634
984	0.3929443359	4.2893027127	-3.3033501189
985	1.4666442871	11.7108700895	5.1052032567
986	2.3763427734	6.7704054702	11.6106328215
987	0.8313598633	8.7185027684	-1.5432492621
988	2.7940673828	2.1938596973	11.1124460133
989	0.3800354004	4.1450787018	-3.2836183205
990	0.9673156738	9.7759320889	-0.3222166282
991	1.2504882813	11.2809991587	2.6910147811
992	0.3597717285	3.9181574992	-3.2422656761
993	2.6285705566	4.0487761101	11.6018874629
994	0.7584228516	8.0753905563	-2.0992769983
995	0.6252746582	6.7868486571	-2.8826497030
996	3.4171752930	-3.0583499623	6.3498714436
997	3.8198547363	-2.2659968885	1.9083175924
998	0.1947021484	2.0692681702	-2.3892137542
999	2.7501220703	2.6841799527	11.2788707996
1000	2.2176818848	8.2914353044	11.1594772885
