0	0.4166870117	12.1557889440	5.5615452351
1	0.7548828125	16.5590615290	-1.2430471772
2	0.4559326172	13.3192770729	5.0796428618
3	0.2471313477	6.8496001704	5.6852331600
4	0.8017883301	15.3124999058	-1.8608078667
5	0.5777282715	16.2538011842	2.7240989891
6	0.5282592773	15.2259650921	3.8095526980
7	0.9765319824	2.8617633431	0.7523351228
8	0.7750549316	16.1095158351	-1.5510583457
9	0.3420715332	9.8263479629	6.0115609751
10	0.4033203125	11.7465988166	5.6881442193
11	0.3945007324	11.4739558690	5.7608577785
12	0.6223144531	16.9057663120	1.6624369074
13	0.5650024414	16.0166115179	3.0155897417
14	0.2428894043	6.7196305902	5.6488063475
15	0.5274963379	15.2080530113	3.8251467067
16	0.7143249512	17.1071898862	-0.4749111502
17	0.7793884277	15.9963471245	-1.6094011850
18	0.6004638672	16.6233824788	2.1884727466
19	0.1773986816	4.7667939117	4.8891776948
20	0.6516113281	17.1570876930	0.9543147096
21	0.8345947266	13.9908958183	-2.0530033708
22	0.1283569336	3.3780993556	4.1313253439
23	0.2850341797	8.0256983206	5.9313523314
24	0.5337219238	15.3525616016	3.6967406498
25	0.3223266602	9.2011455917	6.0248661993
26	0.4095764160	11.9387678545	5.6313338039
27	0.4182128906	12.2021514798	5.5458511308
28	0.3539428711	10.2018935046	5.9822236494
29	0.1274108887	3.3519425217	4.1156364500
30	0.9150390625	8.8862044970	-1.3386203593
31	0.3851318359	11.1824140716	5.8285591567
32	0.5187683105	14.9992486011	4.0006113341
33	0.1034240723	2.6963543790	3.7093373269
34	0.0854797363	2.2149914369	3.3987175570
35	0.9725646973	3.3132911445	0.5679113597
36	0.4924316406	14.3294133859	4.4946925213
37	0.8737182617	11.8637698008	-1.9456162041
38	0.5384521484	15.4597794625	3.5974584835
39	0.8092956543	15.0447529737	-1.9245506981
40	0.5664062500	16.0437753989	2.9837888166
41	0.7570495605	16.5167093832	-1.2788242528
42	0.4004821777	11.6590722202	5.7124886396
43	0.3542785645	10.2125019649	5.9811602111
44	0.7539672852	16.5765384266	-1.2277475961
45	0.8183898926	14.6933273857	-1.9866325290
46	0.7640380859	16.3705052715	-1.3899480447
47	0.0099182129	0.2528019010	2.1444682096
48	0.8097839355	15.0266449120	-1.9283129718
49	0.0446472168	1.1442307202	2.6975874381
50	0.2695617676	7.5426689460	5.8485755401
51	0.3604125977	10.4061976286	5.9594622109
52	0.3742980957	10.8432687291	5.8944844440
53	0.6455688477	17.1180983423	1.0997449557
54	0.8124694824	14.9255182080	-1.9481470057
55	0.5349426270	15.3804476687	3.6712586436
56	0.2434387207	6.7364400108	5.6536198871
57	0.4794921875	13.9809913084	4.7161247419
58	0.3752441406	10.8729584276	5.8892582760
59	0.6961364746	17.2134969050	-0.0821531222
60	0.7630310059	16.3924871358	-1.3743466748
61	0.6040039063	16.6742054756	2.1037855480
62	0.9844360352	1.9347420593	1.1421375258
63	0.6531066895	17.1656549331	0.9184249048
64	0.3482971191	10.0233750947	5.9981809060
65	0.9519042969	5.5200225150	-0.2763796982
66	0.7926330566	15.6124317672	-1.7686803098
67	0.5999450684	16.6157758795	2.2008603587
68	0.1285095215	3.3823203857	4.1338529224
69	0.1318359375	3.4744902587	4.1887488107
70	0.2856750488	8.0457792742	5.9342373681
71	0.9788208008	2.5970993495	0.8621222343
72	0.7164916992	17.0890572546	-0.5200210072
73	0.3541259766	10.2076800326	5.9816451875
74	0.6144409180	16.8127851411	1.8527481686
75	0.4684143066	13.6739243577	4.8936295507
76	0.1030273438	2.6856309910	3.7025098219
77	0.4815979004	14.0384735295	4.6811056869
78	0.0520629883	1.3365109922	2.8224851687
79	0.0971679688	2.5276898586	3.6014058960
80	0.6765747070	17.2411368505	0.3631816161
81	0.2053527832	5.5872402569	5.2556471298
82	0.5758666992	16.2203996659	2.7671685156
83	0.4814453125	14.0343180372	4.6836567840
84	0.3676452637	10.6341400238	5.9283594811
85	0.3454284668	9.9326061468	6.0048952039
86	0.5744934082	16.1954693715	2.7988514647
87	0.1889953613	5.1046543025	5.0480442259
88	0.9183959961	8.6085365130	-1.2636451553
89	0.2767333984	7.7661136152	5.8900562105
90	0.6797790527	17.2424686648	0.2889156369
91	0.2270507813	6.2377930938	5.4979896135
92	0.2771911621	7.7804030959	5.8925224053
93	0.4797363281	13.9876709141	4.7120851745
94	0.7239685059	17.0172081295	-0.6725730434
95	0.6557922363	17.1799463364	0.8540871464
96	0.1181335449	3.0966625565	3.9602658189
97	0.2163391113	5.9151978137	5.3833023880
98	0.8216247559	14.5610118672	-2.0045329991
99	0.3264770508	9.3325289648	6.0257307293
100	0.4854431152	14.1426730307	4.6161283590
101	0.3305358887	9.4610518956	6.0246964280
102	0.5765991211	16.2335954238	2.7502396228
103	0.7448120117	16.7378419750	-1.0690167968
104	0.5632629395	15.9826180718	3.0548649349
105	0.1742858887	4.6767190743	4.8450073494
106	0.4143371582	12.0842431781	5.5852192280
107	0.0592041016	1.5225013639	2.9441920338
108	0.5699157715	16.1106180361	2.9038878582
109	0.6582336426	17.1917056797	0.7957417683
110	0.0385437012	0.9865762202	2.5961976467
111	0.1739807129	4.6679022755	4.8406435516
112	0.7776489258	16.0424983077	-1.5863361715
113	0.4275207520	12.4832254402	5.4446797625
114	0.0135192871	0.3447168219	2.1986674223
115	0.9878234863	1.5261156609	1.3185017849
116	0.6570129395	17.1859736562	0.8248964850
117	0.1626281738	4.3417082877	4.6742598830
118	0.4710083008	13.7465069921	4.8530926782
119	0.7568969727	16.5197376582	-1.2763248008
120	0.1464538574	3.8830034347	4.4247956172
121	0.0050354004	0.1282906424	2.0724263806
122	0.9423217773	6.4635479276	-0.6048842876
123	0.5832519531	16.3502036174	2.5955196303
124	0.0468750000	1.2019063308	2.7349263914
125	0.1080932617	2.8228458164	3.7894861558
126	0.3153381348	8.9800659248	6.0190385741
127	0.0279235840	0.7133914723	2.4234973834
128	0.5411376953	15.5196288598	3.5404561179
129	0.3127746582	8.8990335290	6.0155320848
130	0.9165039063	8.7657283161	-1.3064113886
131	0.8494873047	13.2554301801	-2.0595330196
132	0.8385925293	13.8021034441	-2.0600935925
133	0.9483947754	5.8713382846	-0.4011745540
134	0.7178955078	17.0766695092	-0.5490366201
135	0.8670959473	12.2689054672	-1.9930353435
136	0.9445800781	6.2456410805	-0.5309257956
137	0.7585449219	16.4866639767	-1.3031561903
138	0.6693115234	17.2299430543	0.5330913101
139	0.9488525391	5.8258940357	-0.3851935339
140	0.5549926758	15.8160614441	3.2395222678
141	0.9517211914	5.5385179380	-0.2830205678
142	0.1551818848	4.1296510789	4.5611013825
143	0.1251220703	3.2887561366	4.0775548148
144	0.0758666992	1.9600466616	3.2317648462
145	0.3771972656	10.9342113532	5.8781470278
146	0.5766906738	16.2352399616	2.7481219978
147	0.8267822266	14.3419684280	-2.0283548986
148	0.7677917480	16.2858285575	-1.4468362429
149	0.8257446289	14.3868414597	-2.0240357295
150	0.0587158203	1.5097565696	2.9358324119
151	0.2484741211	6.8908189284	5.6964054318
152	0.0155029297	0.3953851499	2.2288898880
153	0.4555053711	13.3069872586	5.0857404461
154	0.2820434570	7.9320599176	5.9173118575
155	0.8369445801	13.8806841539	-2.0576334658
156	0.7224426270	17.0330523426	-0.6418451256
157	0.3426208496	9.8437380688	6.0105580805
158	0.4401550293	12.8594463859	5.2926338531
159	0.9042968750	9.7375703677	-1.5513350820
160	0.8302917480	14.1871582375	-2.0411634441
161	0.1571655273	4.1859947917	4.5915396051
162	0.3214416504	9.1731370916	6.0244310865
163	0.3662414551	10.5899417113	5.9348630895
164	0.9633483887	4.3273316247	0.1676450121
165	0.9638977051	4.2682444808	0.1904171820
166	0.5161743164	14.9358513427	4.0516907010
167	0.6054077148	16.6938322315	2.0701301879
168	0.1983337402	5.3793096411	5.1690412099
169	0.1479187012	3.9242552313	4.4479324077
170	0.7485351563	16.6751757312	-1.1347994970
171	0.4596862793	13.4268367029	5.0252967949
172	0.9586791992	4.8227342783	-0.0204716324
173	0.4656066895	13.5949157426	4.9367842720
174	0.3335876465	9.5576977936	6.0226910444
175	0.3353881836	9.6147197067	6.0210125807
176	0.0341186523	0.8725853138	2.5236182137
177	0.2203674316	6.0361939610	5.4275937909
178	0.7594604492	16.4679379021	-1.3179064142
179	0.4456176758	13.0199962259	5.2217514514
180	0.7253723145	17.0020902248	-0.7006524121
181	0.5632629395	15.9826180718	3.0548649349
182	0.3942565918	11.4663823202	5.7627471051
183	0.1734619141	4.6529194895	4.8332115747
184	0.1134338379	2.9681799720	3.8806241037
185	0.9190673828	8.5523299270	-1.2481529266
186	0.3180541992	9.0659610912	6.0219533927
187	0.5604553223	15.9269813066	3.1179442010
188	0.4543151855	13.2727013541	5.1026310520
189	0.5368041992	15.4226844445	3.6322112832
190	0.2800598145	7.8700209332	5.9074771860
191	0.9196472168	8.5036065711	-1.2346389456
192	0.6983947754	17.2046496608	-0.1321712092
193	0.1655883789	4.4264275912	4.7183845502
194	0.7806091309	15.9633764960	-1.6252991121
195	0.5739440918	16.1854288573	2.8115028840
196	0.1351318359	3.5661015223	4.2427368139
197	0.8555603027	12.9298138646	-2.0460550318
198	0.2781066895	7.8089914238	5.8973890084
199	0.7195129395	17.0617685655	-0.5822577758
200	0.1624450684	4.3364757265	4.6715140297
201	0.8834533691	11.2331705648	-1.8522554221
202	0.5211181641	15.0561571565	3.9539102806
203	0.4139404297	12.0721467421	5.5891567796
204	0.1813049316	4.8801978713	4.9437115450
205	0.8034362793	15.2554296258	-1.8757348894
206	0.0054321289	0.1384027405	2.0782149873
207	0.6895141602	17.2325669222	0.0663141199
208	0.6153259277	16.8237422034	1.8313873801
209	0.6230468750	16.9138935491	1.6447086728
210	0.5560302734	15.8373973448	3.2165497579
211	0.7915344238	15.6464991612	-1.7566073396
212	0.0551757813	1.4174789883	2.8753842304
213	0.1037292480	2.7046057072	3.7145875116
214	0.0342102051	0.8749412759	2.5251112804
215	0.5416564941	15.5311037855	3.5293924589
216	0.5281677246	15.2238185934	3.8114261039
217	0.1867980957	5.0403632705	5.0186550743
218	0.1694946289	4.5385858296	4.7758238791
219	0.8260192871	14.3750029581	-2.0252024651
220	0.8928222656	10.5859065429	-1.7345935729
221	0.5441284180	15.5853871488	3.4764508091
222	0.5167236328	14.9493265638	4.0409157927
223	0.2087402344	5.6880387747	5.2960561286
224	0.3583984375	10.3426296048	5.9670607489
225	0.2540588379	7.0626389199	5.7409984416
226	0.5381164551	15.4522456935	3.6045518174
227	0.6699218750	17.2313140504	0.5187356300
228	0.1293029785	3.4042795448	4.1469832327
229	0.6019287109	16.6446421665	2.1534628558
230	0.8102722168	15.0084513318	-1.9320274618
231	0.4692077637	13.6961688463	4.8812976138
232	0.1747436523	4.6899489863	4.8515419583
233	0.0061035156	0.1555171814	2.0880376855
234	0.3562011719	10.2732442054	5.9748216890
235	0.1338806152	3.5312894090	4.2222903223
236	0.1233215332	3.2391448503	4.0474776738
237	0.0686950684	1.7710796117	3.1075454327
238	0.1022949219	2.6658438611	3.6898986238
239	0.5722656250	16.1545090468	2.8500814587
240	0.2823486328	7.9416092680	5.9187879953
241	0.7512512207	16.6269345577	-1.1817325173
242	0.4605102539	13.4503458592	5.0131820196
243	0.3118591309	8.8701030647	6.0141024049
244	0.7825622559	15.9096161763	-1.6502350779
245	0.6755981445	17.2402879023	0.3859037340
246	0.0352783203	0.9024350559	2.5425578307
247	0.8627929688	12.5220196652	-2.0171195286
248	0.8475646973	13.3553696449	-2.0618012974
249	0.5496826172	15.7049531338	3.3561657824
250	0.4555053711	13.3069872586	5.0857404461
251	0.2059326172	5.6044734652	5.2626290320
252	0.1884155273	5.0876761828	5.0403219823
253	0.7182006836	17.0739096013	-0.5553220887
254	0.3317565918	9.4997096166	6.0240208895
255	0.4063415527	11.8395382358	5.6612482855
256	0.5231628418	15.1052644395	3.9129476039
257	0.8385314941	13.8050328763	-2.0600141398
258	0.3381347656	9.7016984621	6.0177431435
259	0.3514099121	10.1218242852	5.9898329136
260	0.2212524414	6.0628288702	5.4371386733
261	0.6814575195	17.2422693244	0.2502002981
262	0.4193725586	12.2373353553	5.5337548537
263	0.6142272949	16.8101214084	1.8579028008
264	0.0731811523	1.8891653563	3.1851941450
265	0.0569458008	1.4635911634	2.9055722936
266	0.1229248047	3.2282247923	4.0408368111
267	0.4418029785	12.9080225741	5.2715735936
268	0.1850891113	4.9904477905	4.9955622448
269	0.8649291992	12.3973487922	-2.0058146055
270	0.0558776855	1.4357585504	2.8873464123
271	0.8684082031	12.1901351871	-1.9846462814
272	0.9980773926	0.2469915254	1.8873623791
273	0.2710266113	7.5882421861	5.8574804691
274	0.4670715332	13.6361950833	4.9143626513
275	0.9538269043	5.3247125191	-0.2057809133
276	0.4329223633	12.6448679239	5.3817273141
277	0.0074462891	0.1897526332	2.1077822167
278	0.9540710449	5.2997661648	-0.1967019769
279	0.1466064453	3.8872978009	4.4272104168
280	0.1595153809	4.2528784723	4.6273245349
281	0.7987365723	15.4156851932	-1.8318114230
282	0.2952575684	8.3466436173	5.9721255280
283	0.7724304199	16.1751412576	-1.5143105026
284	0.9914855957	1.0766118280	1.5155707589
285	0.9124450684	9.0969485682	-1.3937471687
286	0.4067993164	11.8535981631	5.6570851453
287	0.6472167969	17.1294203678	1.0600239616
288	0.4055786133	11.8160921165	5.6681354440
289	0.8350830078	13.9681719343	-2.0540732634
290	0.4247436523	12.3996881662	5.4758383830
291	0.8156738281	14.8014386207	-1.9698837595
292	0.1863708496	5.0278771170	5.0129009871
293	0.0727233887	1.8770977081	3.1772616269
294	0.9120178223	9.1313420317	-1.4025943697
295	0.4143371582	12.0842431781	5.5852192280
296	0.1956481934	5.3000900121	5.1349058907
297	0.0769958496	1.9898926051	3.2513600370
298	0.1904602051	5.1475860037	5.0674459984
299	0.6599426270	17.1992312574	0.7549887466
300	0.2669982910	7.4630013116	5.8324622933
301	0.2955932617	8.3572026724	5.9732732096
302	0.7977905273	15.4470174472	-1.8224703614
303	0.9627380371	4.3927846656	0.1425017112
304	0.2254028320	6.1879859435	5.4809947767
305	0.3483581543	10.0253059500	5.9980278490
306	0.0698242188	1.8007650105	3.1270691970
307	0.1647338867	4.4019481272	4.7056994963
308	0.0316467285	0.8090120921	2.4834495735
309	0.3277587891	9.3731121004	6.0256052116
310	0.8472290039	13.3726656227	-2.0621003734
311	0.9029541016	9.8400658792	-1.5750802928
312	0.0519104004	1.3325460147	2.8198987025
313	0.2249755859	6.1750833473	5.4765496438
314	0.3078308105	8.7428764000	6.0067062200
315	0.0977478027	2.5432834458	3.6114309941
316	0.4523620605	13.2162798352	5.1300432365
317	0.4804382324	14.0068529391	4.7004412529
318	0.9234924316	8.1762214804	-1.1418445389
319	0.5661621094	16.0390686341	2.9893260718
320	0.7185363770	17.0708460234	-0.5622268352
321	0.6596984863	17.1981919821	0.7608059171
322	0.5421447754	15.5418778029	3.5189644405
323	0.7600097656	16.4565811796	-1.3267025131
324	0.3000488281	8.4974609453	5.9873447157
325	0.2542419434	7.0682827337	5.7424089608
326	0.5948791504	16.5394060883	2.3214747179
327	0.6293029785	16.9796000719	1.4931956972
328	0.3799743652	11.0212031637	5.8616025896
329	0.6072082520	16.7185621401	2.0269081759
330	0.4279174805	12.4951358496	5.4401614004
331	0.6105651855	16.7633222879	1.9461731679
332	0.7694702148	16.2465539288	-1.4716177083
333	0.9642639160	4.2287585010	0.2056741549
334	0.7597045898	16.4629016966	-1.3218208125
335	0.7399902344	16.8131330127	-0.9814273164
336	0.9272460938	7.8494150043	-1.0458691113
337	0.6492614746	17.1427528347	1.0107985399
338	0.2629089355	7.3361449649	5.8053725080
339	0.8917846680	10.6595757138	-1.7490099929
340	0.1041564941	2.7161613247	3.7219351792
341	0.3650817871	10.5534133329	5.9400661078
342	0.2714233398	7.6005909480	5.8598541985
343	0.1415100098	3.7442044027	4.3459798913
344	0.6126708984	16.7904930885	1.8954403459
345	0.6194458008	16.8730715936	1.7318386957
346	0.6124267578	16.7873789746	1.9013256587
347	0.2542419434	7.0682827337	5.7424089608
348	0.2214965820	6.0701797295	5.4397598659
349	0.2756652832	7.7327837753	5.8842166385
350	0.5635070801	15.9874112423	3.0493614396
351	0.2979125977	8.4301886542	5.9808680415
352	0.6749572754	17.2396190849	0.4008368202
353	0.2283935547	6.2784233906	5.5116594111
354	0.9344482422	7.2021356648	-0.8464700564
355	0.3816223145	11.0727648616	5.8513716192
356	0.3377075195	9.6881689549	6.0183080248
357	0.2044677734	5.5609534120	5.2449391676
358	0.2745361328	7.6975682997	5.8779140734
359	0.5189208984	15.0029591247	3.9975911073
360	0.9641113281	4.2452201911	0.1993097323
361	0.6886596680	17.2342909428	0.0856552350
362	0.2044372559	5.5600473247	5.2445688235
363	0.6159362793	16.8312249861	1.8166504846
364	0.5928649902	16.5080013736	2.3692416004
365	0.9744262695	3.1025569040	0.6535264043
366	0.8732299805	11.8942937626	-1.9495493286
367	0.5849304199	16.3786809512	2.5562290807
368	0.5664367676	16.0443632282	2.9830964638
369	0.3397521973	9.7529147935	6.0154166239
370	0.5404663086	15.5047370039	3.5547490281
371	0.5823059082	16.3339836469	2.6176214429
372	0.6757812500	17.2404627543	0.3816402764
373	0.3478698730	10.0098586128	5.9992404032
374	0.2832336426	7.9693096373	5.9230130402
375	0.3721008301	10.7742631543	5.9062298734
376	0.4296569824	12.5472876136	5.4201526679
377	0.2731323242	7.6538144665	5.8698936681
378	0.8281860352	14.2806077825	-2.0338135507
379	0.8140869141	14.8633544738	-1.9593837841
380	0.4492492676	13.1259623598	5.1729412543
381	0.6516418457	17.1572668650	0.9535818253
382	0.5084533691	14.7436829019	4.2007027021
383	0.4772338867	13.9190208348	4.7532328801
384	0.9877014160	1.5409601471	1.3120479095
385	0.9572143555	4.9756477789	-0.0774985457
386	0.3458251953	9.9451613457	6.0040225573
387	0.3778381348	10.9542972714	5.8744067507
388	0.5747070313	16.1993634849	2.7939280892
389	0.4019775391	11.7052142844	5.6997734783
390	0.2576904297	7.1746943015	5.7683564464
391	0.8428955078	13.5918647776	-2.0634063020
392	0.7859191895	15.8142968688	-1.6916286217
393	0.8623352051	12.5484824394	-2.0193762736
394	0.3891601563	11.3079880757	5.8006600133
395	0.4983520508	14.4848211387	4.3885300237
396	0.1375732422	3.6341470074	4.2824540499
397	0.9295959473	7.6411669550	-0.9830351134
398	0.5700073242	16.1123411500	2.9017960414
399	0.3823242188	11.0947122306	5.8469205853
400	0.1059570313	2.7649083509	3.7528658335
401	0.0858764648	2.2255552760	3.4056089870
402	0.8966369629	10.3107586609	-1.6785588365
403	0.1835327148	4.9450567489	4.9743550852
404	0.2719726563	7.6176934206	5.8631140916
405	0.0046997070	0.1197348040	2.0675375089
406	0.4393615723	12.8360150841	5.3026738389
407	0.6044616699	16.6806386354	2.0928152800
408	0.5907592773	16.4745465574	2.4190555142
409	0.9770507813	2.8020411078	0.7770015756
410	0.0741882324	1.9157288714	3.2026518543
411	0.8496093750	13.2490340652	-2.0593569257
412	0.7860107422	15.8116452305	-1.6927312146
413	0.4618835449	13.4894449537	4.9928435517
414	0.4399719238	12.8540416123	5.2949565590
415	0.2389221191	6.5984199106	5.6131988314
416	0.8696594238	12.1143363773	-1.9761871262
417	0.7621154785	16.4122021808	-1.3600413486
418	0.0203552246	0.5194547551	2.3038571438
419	0.9459228516	6.1147801015	-0.4859477361
420	0.7864379883	15.7992342322	-1.6978579804
421	0.8252563477	14.4078173047	-2.0219200225
422	0.3509521484	10.1073497706	5.9911299253
423	0.8610534668	12.6221061209	-2.0253861939
424	0.1832885742	4.9379424518	4.9710133675
425	0.1692504883	4.5315638252	4.7722607283
426	0.3512573242	10.1169995817	5.9902679089
427	0.5800170898	16.2942421880	2.6709588502
428	0.3039855957	8.6215471925	5.9979719146
429	0.9333190918	7.3053903789	-0.8790768843
430	0.7816772461	15.9341303410	-1.6390127936
431	0.5169677734	14.9553069792	4.0361196896
432	0.0086059570	0.2193271018	2.1249390417
433	0.0535888672	1.3761814080	2.8483845134
434	0.8255920410	14.3934060840	-2.0233802735
435	0.1427612305	3.7792705893	4.3660308233
436	0.9181213379	8.6314652739	-1.2699348889
437	0.5640563965	15.9981694698	3.0369680103
438	0.7964477539	15.4909598281	-1.8089296126
439	0.3483581543	10.0253059500	5.9980278490
440	0.6838684082	17.2408925751	0.1948264956
441	0.0222167969	0.5671064695	2.3329906841
442	0.9696350098	3.6408928650	0.4364449788
443	0.9330444336	7.3304060891	-0.8869319867
444	0.3821716309	11.0899417921	5.8478929454
445	0.0599365234	1.5416263508	2.9567407930
446	0.5397033691	15.4877572364	3.5709568541
447	0.2176818848	5.9554861644	5.3982193738
448	0.0337524414	0.8631624784	2.5176497026
449	0.0591735840	1.5217046928	2.9436694101
450	0.7022399902	17.1867933316	-0.2165699450
451	0.7830810547	15.8951267983	-1.6567540781
452	0.2483215332	6.8861331320	5.6951445931
453	0.9528198242	5.4272703523	-0.2429595950
454	0.8609924316	12.6255946890	-2.0256610614
455	0.3331604004	9.5441671298	6.0230353359
456	0.9941406250	0.7456481694	1.6626594447
457	0.1504516602	3.9957229725	4.4876970734
458	0.9598388672	4.7008312103	0.0253454698
459	0.6832885742	17.2413417131	0.2081182653
460	0.4924926758	14.3310288453	4.4936132678
461	0.5890808105	16.4474286787	2.4586669058
462	0.9398803711	6.6960672184	-0.6824807850
463	0.8735961914	11.8714105889	-1.9466060808
464	0.2373046875	6.5491007130	5.5982601987
465	0.9089965820	9.3720061607	-1.4632978886
466	0.3214416504	9.1731370916	6.0244310865
467	0.4071960449	11.8657786941	5.6534583918
468	0.1395568848	3.6895506174	4.3145450576
469	0.7544860840	16.5666652705	-1.2364305629
470	0.9110717773	9.2071807869	-1.4219520443
471	0.6135559082	16.8017019107	1.8740993394
472	0.7969055176	15.4760490854	-1.8135828444
473	0.1996765137	5.4189896366	5.1859039536
474	0.6336364746	17.0211419357	1.3882285074
475	0.1366577148	3.6086114157	4.2675881609
476	0.8881530762	10.9135059937	-1.7967281630
477	0.2992858887	8.4734299652	5.9850888154
478	0.4892883301	14.2458514121	4.5498394699
479	0.5483398438	15.6763564815	3.3854107037
480	0.6928100586	17.2243473192	-0.0079010354
481	0.7643737793	16.3631090453	-1.3951169804
482	0.6355895996	17.0387801734	1.3409364010
483	0.0866394043	2.2458800067	3.4188607038
484	0.7356872559	16.8748219132	-0.9010785131
485	0.7632141113	16.3885134753	-1.3771938015
486	0.5943908691	16.5318466537	2.3330649071
487	0.5189208984	15.0029591247	3.9975911073
488	0.5563049316	15.8430242797	3.2104591848
489	0.8469238281	13.3883496738	-2.0623473688
490	0.5840454102	16.3637136153	2.5769581533
491	0.1303405762	3.4330202166	4.1641200501
492	0.6035156250	16.6673082176	2.1154824636
493	0.0003967285	0.0101044848	2.0056343827
494	0.9762878418	2.8898136265	0.7407715769
495	0.8369750977	13.8792386404	-2.0576849485
496	0.2549743652	7.0908644521	5.7480180795
497	0.8180236816	14.7080624227	-1.9844650659
498	0.8783264160	11.5705284017	-1.9050029598
499	0.4241638184	12.3822106017	5.4822399949
500	0.9617309570	4.5003243022	0.1013803350
501	0.8044433594	15.2200842011	-1.8846011006
502	0.8399353027	13.7372843081	-2.0616131842
503	0.9098510742	9.3043910169	-1.4464581840
504	0.5177307129	14.9739616493	4.0211031898
505	0.8004150391	15.3593337737	-1.8479754636
506	0.6853332520	17.2394231118	0.1613225165
507	0.0327148438	0.8364731579	2.5007719118
508	0.4543151855	13.2727013541	5.1026310520
509	0.5334472656	15.3462666734	3.7024605689
510	0.4703979492	13.7294650828	4.8626879512
511	0.8656616211	12.3541563672	-2.0016435627
512	0.5597839355	15.9135374517	3.1329699607
513	0.2937622070	8.2996227475	5.9668646999
514	0.5645446777	16.0077015643	3.0259394172
515	0.5538330078	15.7920691204	3.2651288139
516	0.5239868164	15.1249445822	3.8963553570
517	0.7349243164	16.8852248966	-0.8866247903
518	0.8578491211	12.8031368353	-2.0384372719
519	0.1781616211	4.7889109040	4.8999080189
520	0.7077331543	17.1550832592	-0.3353580748
521	0.7996826172	15.3840435879	-1.8409866637
522	0.0930175781	2.4162996328	3.5295448212
523	0.7434692383	16.7594700733	-1.0448917121
524	0.0374145508	0.9574652511	2.5775988735
525	0.7707824707	16.2152360195	-1.4907042329
526	0.3225097656	9.2069408025	6.0249452304
527	0.2918701172	8.2401628469	5.9598614559
528	0.0244750977	0.6249563015	2.3685960215
529	0.4467468262	13.0530110147	5.2067186811
530	0.4904174805	14.2759509439	4.5301278592
531	0.1408996582	3.7271141468	4.3361741240
532	0.9100036621	9.2922794832	-1.4434238777
533	0.4425048828	12.9286755753	5.2625184440
534	0.1396484375	3.6921102383	4.3160222057
535	0.2469787598	6.8449185488	5.6839526226
536	0.9342346191	7.2217212730	-0.8526776812
537	0.6154479980	16.8252435886	1.8284403403
538	0.2438964844	6.7504527108	5.6576093466
539	0.6935119629	17.2222726198	-0.0236245489
540	0.7310485840	16.9356128088	-0.8122658498
541	0.6159667969	16.8315975394	1.8159135298
542	0.1646423340	4.3993265022	4.7043378649
543	0.3043518066	8.6330971147	5.9988739706
544	0.8475341797	13.3569438918	-2.0618296729
545	0.5633239746	15.9838170405	3.0534893328
546	0.7332763672	16.9071503205	-0.8551966337
547	0.3819274902	11.0823082465	5.8494432399
548	0.3886108398	11.2908831532	5.8045721387
549	0.8464660645	13.4118051793	-2.0626735083
550	0.4579772949	13.3779596867	5.0502117083
551	0.5706176758	16.1238015728	2.8878411191
552	0.7863159180	15.8027864003	-1.6963963308
553	0.0497436523	1.2762831821	2.7832419378
554	0.8559265137	12.9096920853	-2.0449307158
555	0.8449707031	13.4878377162	-2.0633696317
556	0.6946105957	17.2187950615	-0.0481760369
557	0.0037841797	0.0964031819	2.0542473313
558	0.9101867676	9.2777306657	-1.4397718030
559	0.6230773926	16.9142302269	1.6439699317
560	0.0087280273	0.2224406268	2.1267505968
561	0.9611206055	4.5652228754	0.0766788638
562	0.6517944336	17.1581600241	0.9499176727
563	0.0046997070	0.1197348040	2.0675375089
564	0.0097961426	0.2496875491	2.1426464586
565	0.8971557617	10.2728129147	-1.6705663880
566	0.8668518066	12.2834786235	-1.9945418495
567	0.1347045898	3.5542098045	4.2357619360
568	0.6343078613	17.0272817340	1.3719700427
569	0.9358215332	7.0756593584	-0.8061303306
570	0.9284362793	7.7442927164	-1.0143109044
571	0.6912841797	17.2284637825	0.0263803555
572	0.8687438965	12.1698653626	-1.9824209879
573	0.9002990723	10.0401956371	-1.6202145506
574	0.7536926270	16.5817332300	-1.2231368029
575	0.4992370605	14.5078237567	4.3724071850
576	0.2689819336	7.5246392815	5.8449897626
577	0.9890747070	1.3734437740	1.3850807794
578	0.8858947754	11.0683642451	-1.8242779431
579	0.2682189941	7.5009245524	5.8402191296
580	0.6048889160	16.6866140175	2.0825725788
581	0.5763549805	16.2292046263	2.7558849831
582	0.7014465332	17.1907681634	-0.1992357390
583	0.4560546875	13.3227866966	5.0778973734
584	0.6298828125	16.9853490026	1.4791495164
585	0.1381530762	3.6503310729	4.2918513946
586	0.7418823242	16.7843711766	-1.0161128701
587	0.2570800781	7.1558439832	5.7638496240
588	0.9754333496	2.9877163357	0.7005214368
589	0.3028869629	8.5869043935	5.9951772602
590	0.1709594727	4.5807517483	4.7971264370
591	0.7153015137	17.0991652901	-0.4952906099
592	0.1705627441	4.5693260764	4.7913699704
593	0.0272216797	0.6953814959	2.4122723769
594	0.3566589355	10.2877026273	5.9732502959
595	0.9627685547	4.3895169922	0.1437549047
596	0.7864379883	15.7992342322	-1.6978579804
597	0.8969421387	10.2884529362	-1.6738682493
598	0.5781860352	16.2619449067	2.7134871359
599	0.5827941895	16.3423704066	2.6062180513
600	0.7058715820	17.1666550746	-0.2953458330
601	0.5524902344	15.7640970151	3.2946868179
602	0.8580932617	12.7894956217	-2.0375413463
603	0.0982971191	2.5580635563	3.6209247837
604	0.5178222656	14.9761967255	4.0192982970
605	0.2400207520	6.6319521437	5.6232070232
606	0.9191284180	8.5472090713	-1.2467362718
607	0.5850524902	16.3807369820	2.5533677817
608	0.0369873047	0.9464545860	2.5705752159
609	0.4870300293	14.1853802658	4.5889287010
610	0.2665405273	7.4487866065	5.8295142745
611	0.4099121094	11.9490480147	5.6281635307
612	0.9482727051	5.8834375826	-0.4054212110
613	0.9031066895	9.8284620966	-1.5724131954
614	0.3948364258	11.4843673005	5.7582490566
615	0.0942687988	2.4498388178	3.5512260776
616	0.5763854980	16.2297539023	2.7551794437
617	0.1058654785	2.7624277967	3.7512944776
618	0.1200256348	3.1485470170	3.9921631024
619	0.3020935059	8.5618912410	5.9930764443
620	0.7803344727	15.9708370013	-1.6217429418
621	0.7716064453	16.1952954193	-1.5025581749
622	0.0364990234	0.9338738220	2.5625575482
623	0.9533691406	5.3713986955	-0.2227345259
624	0.9729309082	3.2719935069	0.5846254447
625	0.8110656738	14.9787040117	-1.9379611778
626	0.0991210938	2.5802469706	3.6351584787
627	0.4624328613	13.5050553341	4.9846568079
628	0.2653808594	7.4127920844	5.8219504948
629	0.6703186035	17.2321632451	0.5094116670
630	0.3303222656	9.4542869339	6.0247973031
631	0.1010437012	2.6320704327	3.6683355311
632	0.7367858887	16.8595597972	-0.9217833560
633	0.7565307617	16.5269771918	-1.2703136513
634	0.6520080566	17.1594028794	0.9447886170
635	0.4868469238	14.1804614599	4.5920784733
636	0.8286437988	14.2604367375	-2.0354972430
637	0.9886474609	1.4256814193	1.3622589452
638	0.8426513672	13.6039900334	-2.0633401304
639	0.1965637207	5.3270756235	5.1466039128
640	0.8644409180	12.4260164029	-2.0085113385
641	0.4732055664	13.8076698125	4.8182600389
642	0.6193542480	16.8720056439	1.7340526246
643	0.5043334961	14.6390934682	4.2783067167
644	0.6941223145	17.2203753888	-0.0372732551
645	0.3052673340	8.6619768791	6.0010645150
646	0.8448486328	13.4940047371	-2.0634015973
647	0.2449951172	6.7841010882	5.6671028972
648	0.4636840820	13.5405492435	4.9659000591
649	0.4939575195	14.3697176366	4.4676154589
650	0.8595275879	12.7088492597	-2.0319507961
651	0.8022155762	15.2977951872	-1.8647274771
652	0.5096740723	14.7744030584	4.1774505809
653	0.0134582520	0.3431582359	2.1977415569
654	0.9384155273	6.8340633465	-0.7278729574
655	0.2220458984	6.0867243645	5.4456387180
656	0.3786926270	10.9810684450	5.8693472040
657	0.9786071777	2.6219310043	0.8517696750
658	0.8733520508	11.8866725674	-1.9485726402
659	0.4509277344	13.1747226433	5.1499309988
660	0.9719848633	3.3785208558	0.5415754073
661	0.9458618164	6.1207493416	-0.4880084995
662	0.6798706055	17.2424737682	0.2868005170
663	0.6991882324	17.2012543117	-0.1496672681
664	0.8149414063	14.8301293262	-1.9651025678
665	0.3389282227	9.7268239958	6.0166390131
666	0.4293212891	12.5372322860	5.4240390114
667	0.9291381836	7.6819570434	-0.9954431083
668	0.4515991211	13.1941877513	5.1406475261
669	0.9996337891	0.0472219443	1.9783975158
670	0.2058715820	5.6026590415	5.2618953532
671	0.4685363770	13.6773490196	4.8917362180
672	0.9642333984	4.2320518906	0.2044004299
673	0.8636474609	12.4723844387	-2.0127508004
674	0.1885070801	5.0903563467	5.0415428743
675	0.7487487793	16.6714590584	-1.1385235567
676	0.6178283691	16.8540364627	1.7709406474
677	0.7613220215	16.4290824114	-1.3475499750
678	0.8580932617	12.7894956217	-2.0375413463
679	0.1679992676	4.4956013964	4.7539430475
680	0.6296691895	16.9832377786	1.4843244227
681	0.3434448242	9.8698215893	6.0089892850
682	0.3294677734	9.4272276105	6.0251491677
683	0.0797729492	2.0634091143	3.2995794877
684	0.0638427734	1.6437871584	3.0238424954
685	0.1319885254	3.4787251991	4.1912573297
686	0.8083496094	15.0795945007	-1.9171259176
687	0.9060363770	9.6035061954	-1.5196480826
688	0.8507385254	13.1895817793	-2.0575453639
689	0.6959228516	17.2142715323	-0.0774050013
690	0.1734619141	4.6529194895	4.8332115747
691	0.3755493164	10.8825329630	5.8875507129
692	0.9316711426	7.4548974000	-0.9257615690
693	0.9520568848	5.5045956649	-0.2708346645
694	0.6834716797	17.2412079785	0.2039190623
695	0.8869934082	10.9933183897	-1.8110771100
696	0.5282287598	15.2252496821	3.8101772309
697	0.5907287598	16.4740570619	2.4197764892
698	0.8092041016	15.0481387259	-1.9238399652
699	0.9974975586	0.3210339300	1.8537672927
700	0.5370788574	15.4288862736	3.6264312247
701	0.6265563965	16.9515778581	1.5597265662
702	0.1904296875	5.1466910151	5.0670433668
703	0.0357666016	0.9150083259	2.5505500261
704	0.0492553711	1.2636143894	2.7750001560
705	0.0743408203	1.9197554161	3.2052976604
706	0.7181091309	17.0747400885	-0.5534372892
707	0.8403625488	13.7165106579	-2.0620047314
708	0.9947814941	0.6651177246	1.6986990346
709	0.7497863770	16.6532185896	-1.1565328173
710	0.7412414551	16.7942258102	-1.0044095409
711	0.6230468750	16.9138935491	1.6447086728
712	0.9122619629	9.1116995850	-1.3975468433
713	0.1952819824	5.2893018887	5.1302091351
714	0.3990478516	11.6147606182	5.7244511262
715	0.9570007324	4.9978481818	-0.0857362572
716	0.8432617188	13.5736322808	-2.0634778311
717	0.7306518555	16.9405402606	-0.8045678837
718	0.0779724121	2.0157263763	3.2683126600
719	0.8901672363	10.7734203344	-1.7707865505
720	0.3519897461	10.1401569047	5.9881556885
721	0.6289978027	16.9765508579	1.5005884070
722	0.9935913086	0.8144749940	1.6319345418
723	0.1835021973	4.9441673747	4.9739375935
724	0.6697692871	17.2309786298	0.5223232924
725	0.4174499512	12.1789797779	5.5537297592
726	0.8977966309	10.2257641660	-1.6605694640
727	0.6742248535	17.2387467107	0.4179238728
728	0.9645690918	4.1957956756	0.2184345315
729	0.3028869629	8.5869043935	5.9951772602
730	0.9107666016	9.2315515277	-1.4281282872
731	0.7641601563	16.3678197283	-1.3918294873
732	0.7355041504	16.8773332352	-0.8976152268
733	0.7229003906	17.0283632151	-0.6510859003
734	0.4779968262	13.9399937831	4.7407485270
735	0.0329895020	0.8435367339	2.5052347772
736	0.3324279785	9.5209718027	6.0235774021
737	0.0213012695	0.5436673304	2.3186377603
738	0.4523010254	13.2145135447	5.1308937256
739	0.9765014648	2.8652715281	0.7508881338
740	0.6004028320	16.6224896729	2.1899304363
741	0.2492065430	6.9133173064	5.7024261968
742	0.3008728027	8.5234206829	5.9897095932
743	0.8699035645	12.0994673493	-1.9744839015
744	0.6492919922	17.1429457924	1.0100643539
745	0.0905456543	2.3501437937	3.4866755043
746	0.4373779297	12.7773172861	5.3274879965
747	0.7561645508	16.5341767789	-1.2642849527
748	0.7482604980	16.6799349208	-1.1300032976
749	0.9130554199	9.0476596522	-1.3809945934
750	0.6788635254	17.2423166206	0.3100878549
751	0.5591735840	15.9012694636	3.1466098447
752	0.3453063965	9.9287428873	6.0051600999
753	0.9438781738	6.3136608636	-0.5541387682
754	0.8278808594	14.2940107934	-2.0326647154
755	0.3221130371	9.1943846607	6.0247692320
756	0.2117309570	5.7772717873	5.3309619911
757	0.5705261230	16.1220855068	2.8899354050
758	0.3794555664	11.0049613874	5.8647597561
759	0.5706787109	16.1249450283	2.8864447238
760	0.7118225098	17.1266522868	-0.4223347507
761	0.7664794922	16.3159250254	-1.4271771184
762	0.3531494141	10.1768159653	5.9846860752
763	0.8014221191	15.3250532093	-1.8574206765
764	0.1972351074	5.3468789441	5.1551424639
765	0.6421813965	17.0932273847	1.1815069268
766	0.2501831055	6.9433319389	5.7103732259
767	0.0949707031	2.4686691768	3.5633826142
768	0.5266113281	15.1872052324	3.8431851417
769	0.1205749512	3.1636273340	4.0014045619
770	0.1352233887	3.5686503761	4.2442304991
771	0.8544006348	12.9931658283	-2.0493793567
772	0.7100524902	17.1394690337	-0.3848462584
773	0.7380676270	16.8413318874	-0.9457752594
774	0.8436889648	13.5522932979	-2.0635191395
775	0.6683654785	17.2276638481	0.5553687963
776	0.6787109375	17.2422734545	0.3136202421
777	0.5702209473	16.1163576430	2.8969136906
778	0.3136291504	8.9260400109	6.0167822882
779	0.2995605469	8.4820804666	5.9859082672
780	0.1793212891	4.8225587093	4.9161448959
781	0.2826232910	7.9502047836	5.9201080932
782	0.0427246094	1.0945137218	2.6655006779
783	0.7978515625	15.4450053275	-1.8230779922
784	0.7935791016	15.5827685926	-1.7789052882
785	0.3065185547	8.7014570460	6.0039088427
786	0.6704711914	17.2324810420	0.5058270596
787	0.7386169434	16.8333802501	-0.9560029487
788	0.0829162598	2.1468149338	3.3541833631
789	0.1397705078	3.6955234141	4.3179911845
790	0.6850891113	17.2397014216	0.1668989378
791	0.5860900879	16.3981304198	2.5290263096
792	0.8578796387	12.8014330467	-2.0383261639
793	0.7725219727	16.1728886962	-1.5156100134
794	0.2555236816	7.1078074982	5.7521902590
795	0.1815185547	4.8864114583	4.9466645396
796	0.5726623535	16.1618499486	2.8409736702
797	0.2379150391	6.5677050263	5.6039259334
798	0.1886291504	5.0939302438	5.0431698034
799	0.3565063477	10.2828833312	5.9737767526
800	0.8446960449	13.5017050981	-2.0634362957
801	0.2881469727	8.1232841220	5.9449549058
802	0.0110473633	0.2816138714	2.1613682374
803	0.6713256836	17.2341700009	0.4857691814
804	0.0991210938	2.5802469706	3.6351584787
805	0.1948852539	5.2776187074	5.1251097100
806	0.1763000488	4.7349729704	4.8736594306
807	0.2781677246	7.8108977533	5.8977103264
808	0.3384094238	9.7103958697	6.0173690464
809	0.6753234863	17.2400120848	0.3923015433
810	0.3968811035	11.5477265083	5.7420873209
811	0.9094238281	9.3382429922	-1.4549103360
812	0.0367431641	0.9401638251	2.5665651262
813	0.9429016113	6.4078587626	-0.5860958864
814	0.1011657715	2.6353637630	3.6704402672
815	0.9909057617	1.1483224075	1.4839210427
816	0.1596984863	4.2580964780	4.6301003404
817	0.8829956055	11.2637716102	-1.8572941459
818	0.0155334473	0.3961648849	2.2293568248
819	0.8803100586	11.4413990638	-1.8855503215
820	0.3087463379	8.7717813876	6.0085451091
821	0.3537902832	10.1970712252	5.9827027763
822	0.8713378906	12.0115892162	-1.9641283638
823	0.2302246094	6.3338953462	5.5300408392
824	0.9906311035	1.1822196106	1.4689880011
825	0.6119689941	16.7815144105	1.9123583837
826	0.2369995117	6.5398016164	5.5954144026
827	0.4766845703	13.9038971442	4.7621885196
828	0.0122070313	0.3112127610	2.1788156337
829	0.8636474609	12.4723844387	-2.0127508004
830	0.4749755859	13.8567227464	4.7898726038
831	0.4523010254	13.2145135447	5.1308937256
832	0.9995727539	0.0550842088	1.9748038721
833	0.9400329590	6.6816273929	-0.6777023224
834	0.8238525391	14.4676222194	-2.0155427725
835	0.1245727539	3.2736116127	4.0683896709
836	0.0430297852	1.1024017992	2.6705850211
837	0.0981750488	2.5547784776	3.6188153683
838	0.6053771973	16.6934087743	2.0708622380
839	0.4590759277	13.4093987061	5.0342278730
840	0.4662170410	13.6121305950	4.9274668886
841	0.9468994141	6.0189995170	-0.4527636107
842	0.5563354492	15.8436489556	3.2097822072
843	0.4080200195	11.8910625315	5.6458704678
844	0.7209472656	17.0479885673	-0.6115264441
845	0.4974365234	14.4609619574	4.4051401171
846	0.2858581543	8.0515176780	5.9350536284
847	0.0231628418	0.5913349941	2.3478719328
848	0.4065856934	11.8470375905	5.6590308216
849	0.3392944336	9.7384200551	6.0161052643
850	0.8571777344	12.8405217409	-2.0408179510
851	0.6943969727	17.2194933037	-0.0434078489
852	0.4145507813	12.0907545974	5.5830918972
853	0.9410095215	6.5889203909	-0.6468954170
854	0.4948425293	14.3930150927	4.4518197371
855	0.5128479004	14.8536866822	4.1164516037
856	0.1979980469	5.3693969381	5.1648040716
857	0.0758972168	1.9608529672	3.2322943475
858	0.4167175293	12.1567169421	5.5612338296
859	0.7592773438	16.4717032786	-1.3149653551
860	0.1661987305	4.4439250477	4.7274191706
861	0.3728637695	10.7982309952	5.9022138527
862	0.7908935547	15.6661837227	-1.7494667802
863	0.5171813965	14.9605355050	4.0319194451
864	0.2041625977	5.5518936065	5.2412324227
865	0.9922485352	0.9819456082	1.5574728899
866	0.8178710938	14.7141874297	-1.9835535628
867	0.4113464355	11.9929348290	5.6144784927
868	0.3171386719	9.0370034726	6.0210630292
869	0.4264526367	12.4511295518	5.4567612627
870	0.9375000000	6.9197362586	-0.7558022134
871	0.4708862305	13.7431004141	4.8550145395
872	0.4000854492	11.6468209436	5.7158203223
873	0.4259338379	12.4355247818	5.4625855185
874	0.1611022949	4.2981314091	4.6513199679
875	0.1176147461	3.0824520591	3.9515024783
876	0.1323547363	3.4888915555	4.1972742411
877	0.0497131348	1.2754912742	2.7827266180
878	0.5283813477	15.2288258358	3.8070539241
879	0.2793579102	7.8480820826	5.9038978924
880	0.9971008301	0.3715754299	1.8308809389
881	0.8414611816	13.6627605638	-2.0628065301
882	0.6895446777	17.2325022649	0.0656241134
883	0.6282043457	16.9685473889	1.5198091942
884	0.4257812500	12.4309332494	5.4642930657
885	0.1300048828	3.4237186787	4.1585799921
886	0.6122741699	16.7854278276	1.9050035602
887	0.9437561035	6.3254634735	-0.5581549671
888	0.0678405762	1.7486312145	3.0927811685
889	0.4552917480	13.3008387840	5.0887824518
890	0.4138183594	12.0684237715	5.5903648788
891	0.6014709473	16.6380331586	2.1644086109
892	0.1850891113	4.9904477905	4.9955622448
893	0.1190795898	3.1225934013	3.9762270070
894	0.3179626465	9.0630651470	6.0218685778
895	0.1859130859	5.0145044812	5.0067217197
896	0.1713256836	4.5913023028	4.8024314944
897	0.8608093262	12.6360509595	-2.0264795077
898	0.7371520996	16.8543982950	-0.9286562750
899	0.2289733887	6.2959811734	5.5175126467
900	0.1968078613	5.3342754741	5.1497127662
901	0.6582641602	17.1918451825	0.7950133754
902	0.4793701172	13.9776500398	4.7181424918
903	0.0733337402	1.8931888309	3.1878387187
904	0.9778747559	2.7068651776	0.8164407901
905	0.6534423828	17.1675184820	0.9103742180
906	0.0803527832	2.0787789674	3.3096506887
907	0.8605041504	12.6534466497	-2.0278230842
908	0.6713256836	17.2341700009	0.4857691814
909	0.2032775879	5.5256336080	5.2304414343
910	0.2604370117	7.2596064210	5.7881783676
911	0.6442871094	17.1089393777	1.1306651598
912	0.8941345215	10.4920212079	-1.7158578544
913	0.0554504395	1.4246308800	2.8800636570
914	0.5068054199	14.7020141691	4.2319066328
915	0.6289672852	16.9762450480	1.5013276760
916	0.8677978516	12.2268648167	-1.9886094404
917	0.6492309570	17.1425596989	1.0115327418
918	0.7802429199	15.9733183969	-1.6205548535
919	0.5326843262	15.3287413316	3.7183229887
920	0.6880493164	17.2354204726	0.0994948409
921	0.5411682129	15.5203046390	3.5398057753
922	0.3474731445	9.9973068359	6.0002055734
923	0.0755920410	1.9527907629	3.2269995978
924	0.7192382813	17.0643464914	-0.5766324742
925	0.9558410645	5.1179238989	-0.1301070373
926	0.7378845215	16.8439637838	-0.9423587269
927	0.5932006836	16.5132761126	2.3612883533
928	0.1139526367	2.9823358720	3.8894430240
929	0.4617614746	13.4859737004	4.9946588482
930	0.8258666992	14.3815834247	-2.0245563569
931	0.7747192383	16.1180316893	-1.5464167437
932	0.4575195313	13.3648410252	5.0568366085
933	0.7720947266	16.1833780323	-1.5095348290
934	0.0375976563	0.9621848256	2.5806113349
935	0.5261840820	15.1771140984	3.8518737929
936	0.5374755859	15.4378308536	3.6180737004
937	0.6704406738	17.2324178747	0.5065439127
938	0.6831665039	17.2414267206	0.2109186537
939	0.9588928223	4.8003347447	-0.0120762859
940	0.2382507324	6.5779408677	5.6070273677
941	0.0615844727	1.5846921257	2.9850147179
942	0.4136657715	12.0637694051	5.5918727154
943	0.5026550293	14.5960881316	4.3095322798
944	0.5605773926	15.9294198947	3.1152097954
945	0.1473388672	3.9079194842	4.4387862242
946	0.8030395508	15.2692557265	-1.8721886881
947	0.1439514160	3.8126651585	4.3850392061
948	0.7659912109	16.3269878196	-1.4197989990
949	0.7272949219	16.9805382908	-0.7388071607
950	0.0553894043	1.4230414620	2.8790236248
951	0.7893981934	15.7115774015	-1.7325269663
952	0.6465148926	17.1246606561	1.0769373293
953	0.6245422363	16.9302059459	1.6085049318
954	0.8367614746	13.8893495747	-2.0573198918
955	0.7538757324	16.5782724998	-1.2262117343
956	0.9190673828	8.5523299270	-1.2481529266
957	0.2366027832	6.5277158491	5.5917020041
958	0.2322998047	6.3968561461	5.5505088125
959	0.3738708496	10.8298562604	5.8968112920
960	0.7449645996	16.7353517500	-1.0717450222
961	0.2110900879	5.7581316268	5.3235436449
962	0.8281860352	14.2806077825	-2.0338135507
963	0.7457885742	16.7217896363	-1.0864303023
964	0.3745727539	10.8518896530	5.8929776518
965	0.2464599609	6.8290046076	5.6795821022
966	0.9188537598	8.5702382605	-1.2531003557
967	0.5892028809	16.4494142869	2.4557890126
968	0.9168090820	8.7404952181	-1.2996025270
969	0.0179748535	0.4585667113	2.2669010812
970	0.8387451172	13.7947734454	-2.0602882848
971	0.2351379395	6.4831215612	5.5778690807
972	0.2335510254	6.4348648864	5.5626613718
973	0.2282104492	6.2728804386	5.5098047909
974	0.4196472168	12.2456617531	5.5308686358
975	0.7392883301	16.8235474100	-0.9684586061
976	0.9593505859	4.7522501714	0.0059815910
977	0.7831115723	15.8942717381	-1.6571361721
978	0.5724487305	16.1578996543	2.8458787000
979	0.1204528809	3.1602754864	3.9993516593
980	0.6457824707	17.1195948795	1.0945937408
981	0.0926208496	2.4056727095	3.5226675639
982	0.9943847656	0.7149994460	1.6763641689
983	0.7236938477	17.0201052135	-0.6670578128
984	0.0311584473	0.7964628555	2.4755486384
985	0.4964599609	14.4354416612	4.4227801677
986	0.0008850098	0.0225414518	2.0125862245
987	0.7085876465	17.1494857144	-0.3536380474
988	0.4349060059	12.7039366828	5.3578364282
989	0.8149414063	14.8301293262	-1.9651025678
990	0.4827880859	14.0708328403	4.6611351550
991	0.6626586914	17.2099827514	0.6903836699
992	0.2771911621	7.7804030959	5.8925224053
993	0.0248107910	0.6335597752	2.3739126629
994	0.9882202148	1.4778093286	1.3395279434
995	0.3395080566	9.7451843145	6.0157868656
996	0.7234191895	17.0229824609	-0.6615356204
997	0.0599060059	1.5408292888	2.9562177085
998	0.9297180176	7.6302713916	-0.9797125669
999	0.5221862793	15.0818582667	3.9325494922
1000	0.4537048340	13.2550905190	5.1112382470
