0	0.9114379883	7.7683722225	-1.0439715474
1	0.1860961914	5.0192519693	5.0093531449
2	0.2235107422	6.1045702436	5.4681035405
3	0.8575744629	11.2775012687	-1.6343460360
4	0.1017456055	2.7361741757	3.6580476380
5	0.9076538086	8.0452520786	-1.1127245392
6	0.5615539551	15.8568184221	3.1175044013
7	0.3863830566	11.2480622082	5.8130941999
8	0.2538757324	7.0220329167	5.7487755336
9	0.9537353516	4.3630883420	0.0460663345
10	0.3343505859	9.5730875460	6.0243307365
11	0.9530029297	4.4268654894	0.0218594830
12	0.3736267090	10.8402990789	5.8933713684
13	0.8531494141	11.5246270883	-1.6487173252
14	0.5899658203	16.2783750884	2.4860036536
15	0.5919189453	16.3024591697	2.4417394874
16	0.1851806641	4.9933291544	4.9967494979
17	0.8501281738	11.6897923674	-1.6558415391
18	0.0655822754	1.7913200581	3.0270088386
19	0.7893371582	14.4095692055	-1.3890772812
20	0.7287597656	16.0296270230	-0.5221571322
21	0.2832641602	7.9375843506	5.9317482245
22	0.5976562500	16.3693603278	2.3112644104
23	0.1747131348	4.6990376579	4.8484856341
24	0.5832824707	16.1910372134	2.6367842317
25	0.5893859863	16.2710986603	2.4991281815
26	0.1570129395	4.2098108503	4.5818045987
27	0.8370971680	12.3691930946	-1.6624543193
28	0.7140197754	16.2707821410	-0.2480085200
29	0.9325561523	6.1391724770	-0.5760106692
30	0.5090026855	14.7714170034	4.1866011638
31	0.2664489746	7.4107280243	5.8381795804
32	0.9452819824	5.0889463705	-0.2213907458
33	0.4579162598	13.4255831616	5.0381174936
34	0.4987792969	14.5216978916	4.3739818404
35	0.9202270508	7.1076160245	-0.8668796833
36	0.0580139160	1.5923522967	2.8972977883
37	0.1705017090	4.5816999582	4.7867687175
38	0.9612731934	3.6969838642	0.3068182252
39	0.4147033691	12.1376621610	5.5704608501
40	0.5124511719	14.8531143282	4.1216766433
41	0.4393615723	12.8855705904	5.2896468685
42	0.2564697266	7.1018290374	5.7685516688
43	0.3413085938	9.7979704381	6.0140070703
44	0.7958679199	14.1715116298	-1.4511911977
45	0.1262817383	3.3823152574	4.0806881234
46	0.4295654297	12.5921047844	5.4087116020
47	0.7081298828	16.3513064101	-0.1332353904
48	0.3951416016	11.5258702176	5.7474439337
49	0.3397216797	9.7466717999	6.0168503920
50	0.9960327148	0.3994802626	1.7979743629
51	0.0063476563	0.1831949960	2.0859781028
52	0.3944396973	11.5036835632	5.7530183347
53	0.8137817383	13.4525154199	-1.5833261855
54	0.3518676758	10.1392641029	5.9877321479
55	0.9014587402	8.4886278974	-1.2157960482
56	0.6978759766	16.4704344923	0.0728607628
57	0.9121398926	7.7165113672	-1.0307285692
58	0.8087768555	13.6632089082	-1.5522927494
59	0.5498962402	15.6478210325	3.3677134499
60	0.8771972656	10.1065763518	-1.5115878406
61	0.2568054199	7.1121709751	5.7710608183
62	0.2541503906	7.0304718973	5.7509018535
63	0.5403137207	15.4616348990	3.5684325895
64	0.6443481445	16.6836681393	1.2411025158
65	0.9821472168	1.7607462115	1.1434593911
66	0.4364318848	12.7983605279	5.3262718122
67	0.4600219727	13.4854022673	5.0074926088
68	0.9492492676	4.7510852318	-0.0991073538
69	0.6137695313	16.5255002226	1.9422597008
70	0.8751831055	10.2324224647	-1.5287880686
71	0.0864257813	2.3360535030	3.3899495494
72	0.7023315430	16.4219258971	-0.0176248398
73	0.5724182129	16.0332728075	2.8791922359
74	0.3961791992	11.5586415932	5.7391040174
75	0.2033386230	5.5130951097	5.2349595979
76	0.1223144531	3.2771531211	4.0133342792
77	0.3029174805	8.5618912492	6.0020849728
78	0.2916564941	8.2031767459	5.9670051929
79	0.0424804688	1.1799843736	2.6373088028
80	0.7087707520	16.3429764293	-0.1458572966
81	0.0279846191	0.7879263357	2.4052929595
82	0.1054382324	2.8328712525	3.7223992311
83	0.3499145508	10.0761541135	5.9935560247
84	0.8398132324	12.2319886524	-1.6642297465
85	0.1272888184	3.4090618030	4.0977077598
86	0.0431518555	1.1979506564	2.6483316979
87	0.0772705078	2.0971208507	3.2298491946
88	0.9947814941	0.5245046813	1.7356628776
89	0.1411437988	3.7793970892	4.3281511550
90	0.0072021484	0.2076313352	2.0978461827
91	0.6983642578	16.4653605944	0.0628776865
92	0.6018066406	16.4141180963	2.2165190189
93	0.3996276855	11.6673246222	5.7105355475
94	0.2571411133	7.1225164121	5.7735584466
95	0.1504821777	4.0317999684	4.4789170976
96	0.5105590820	14.8084520805	4.1574034125
97	0.2763671875	7.7205815567	5.8970322909
98	0.6947021484	16.5019715450	0.1381377277
99	0.4008178711	11.7047480760	5.7003730328
100	0.0899047852	2.4268302052	3.4508928259
101	0.0674743652	1.8409226102	3.0596673709
102	0.7739868164	14.9193656699	-1.2162770725
103	0.6378784180	16.6660707810	1.3887226591
104	0.9504699707	4.6461327778	-0.0603342219
105	0.4954833984	14.4388903723	4.4327056966
106	0.0366210938	1.0225175357	2.5420854084
107	0.0879211426	2.3750693871	3.4161424285
108	0.2924499512	8.2283686058	5.9699380069
109	0.8381958008	12.3139731715	-1.6633682034
110	0.2719421387	7.5820047202	5.8720657169
111	0.4562988281	13.3794202093	5.0613589391
112	0.8780517578	10.0527951657	-1.5039622944
113	0.6825561523	16.5998715763	0.3936798978
114	0.3020629883	8.5345874711	5.9999189103
115	0.9938659668	0.6156915925	1.6904928636
116	0.6293640137	16.6296899306	1.5838600549
117	0.3037719727	8.5892077881	6.0041691884
118	0.3921508789	11.4312389093	5.7708176155
119	0.1884765625	5.0867909782	5.0418383705
120	0.8509216309	11.6466951437	-1.6541793105
121	0.6689453125	16.6677537696	0.6892712825
122	0.2854919434	8.0079286890	5.9418591833
123	0.0812683105	2.2014823593	3.2996816501
124	0.0773010254	2.0979177886	3.2303816280
125	0.0661010742	1.8049255660	3.0359554200
126	0.8636779785	10.9264386346	-1.6066659268
127	0.2082214355	5.6549073907	5.2945734254
128	0.5458679199	15.5710884347	3.4526718864
129	0.3581848145	10.3432496226	5.9659036297
130	0.4317321777	12.6574621897	5.3832156966
131	0.1663818359	4.4674882850	4.7253114874
132	0.2944335938	8.2914063002	5.9769654736
133	0.8617553711	11.0383010177	-1.6163823865
134	0.6283874512	16.6245746711	1.6062840282
135	0.8054199219	13.8002473675	-1.5288697767
136	0.8838500977	9.6816792536	-1.4469772910
137	0.8511657715	11.6333944182	-1.6536380391
138	0.9610595703	3.7161049333	0.2991338856
139	0.0439147949	1.2183489430	2.6608841122
140	0.7456665039	15.6813362203	-0.8102177554
141	0.6871337891	16.5671775050	0.2963609452
142	0.9661560059	3.2560724509	0.4872170871
143	0.3108520508	8.8160044484	6.0182793831
144	0.1549072266	4.1522747502	4.5488747107
145	0.5710144043	16.0115029957	2.9102338725
146	0.9941101074	0.5913994329	1.7025032606
147	0.6120300293	16.5109626632	1.9822152396
148	0.8275146484	12.8348442339	-1.6434622513
149	0.9233703613	6.8653117262	-0.7975063678
150	0.6196289063	16.5702174396	1.8075831568
151	0.2214050293	6.0421382759	5.4454242750
152	0.1432495117	3.8361018874	4.3624974839
153	0.3881225586	11.3033944125	5.8007339337
154	0.6768798828	16.6334652886	0.5158903729
155	0.9975280762	0.2494526410	1.8733250983
156	0.9931335449	0.6884617180	1.6546138596
157	0.4613342285	13.5225180348	4.9881988381
158	0.9194641113	7.1659520317	-0.8832327761
159	0.3249206543	9.2686649211	6.0294691979
160	0.2522583008	6.9723852663	5.7360989883
161	0.7451477051	15.6931876742	-0.8018428664
162	0.3057861328	8.6536459145	6.0087576751
163	0.6806030273	16.6122933590	0.4355463199
164	0.8773193359	10.0989076231	-1.5105104983
165	0.8266906738	12.8735490795	-1.6409256389
166	0.9091186523	7.9386168036	-1.0866373600
167	0.8253479004	12.9361721502	-1.6364921405
168	0.6293640137	16.6296899306	1.5838600549
169	0.7819824219	14.6624786008	-1.3108243623
170	0.4526672363	13.2751076882	5.1126415865
171	0.6200866699	16.5734319479	1.7970587427
172	0.4214782715	12.3460885407	5.4995939756
173	0.3048706055	8.6243474263	6.0067284973
174	0.4699401855	13.7627062613	4.8577592211
175	0.4675292969	13.6959968935	4.8949776727
176	0.2912902832	8.1915542838	5.9656281444
177	0.4608764648	13.5095850115	4.9949473536
178	0.0897216797	2.4220519297	3.4476850420
179	0.3782653809	10.9889461692	5.8662980932
180	0.9987182617	0.1295706688	1.9339866653
181	0.0661315918	1.8057257740	3.0364818858
182	0.4462585449	13.0888758721	5.2000561932
183	0.6623840332	16.6851664471	0.8346010607
184	0.2487182617	6.8640154314	5.7074352244
185	0.6912536621	16.5334193106	0.2097983118
186	0.7145080566	16.2637050448	-0.2573967463
187	0.2458801270	6.7774276271	5.6835514451
188	0.5387878418	15.4308387511	3.5999432194
189	0.2903442383	8.1615430380	5.9620023176
190	0.7702026367	15.0344488737	-1.1682458420
191	0.6119079590	16.5099210049	1.9850184559
192	0.6316223145	16.6407816608	1.5320320500
193	0.4548339844	13.3374538995	5.0821949626
194	0.4750366211	13.9021817600	4.7773821677
195	0.3673095703	10.6373127496	5.9263232615
196	0.6529541016	16.6932609359	1.0460417029
197	0.2922973633	8.2235229751	5.9693794049
198	0.5868225098	16.2382405953	2.5570576035
199	0.4339904785	12.7253167796	5.3561325915
200	0.8140258789	13.4420416531	-1.5847188109
201	0.9305725098	6.2982529293	-0.6262419644
202	0.2946777344	8.2991704229	5.9778002764
203	0.8653259277	10.8296202155	-1.5975980634
204	0.7593078613	15.3427471733	-1.0188447757
205	0.6464843750	16.6875352397	1.1925278354
206	0.3790893555	11.0153095991	5.8612351523
207	0.2876281738	8.0754916764	5.9510454352
208	0.5391540527	15.4382580169	3.5923924159
209	0.6197814941	16.5712934704	1.8040750277
210	0.9971618652	0.2862552481	1.8547829335
211	0.9663391113	3.2393947199	0.4941604866
212	0.2074584961	5.6326918546	5.2853887297
213	0.3121337891	8.8571437627	6.0202291849
214	0.0927734375	2.5017035752	3.5011429043
215	0.4977722168	14.4965113542	4.3920144852
216	0.0443115234	1.2289486351	2.6674223059
217	0.4709472656	13.7904350999	4.8420583990
218	0.4316711426	12.6556245025	5.3839404630
219	0.1252136230	3.3539709507	4.0626016827
220	0.4036560059	11.7938003154	5.6755153179
221	0.7582702637	15.3703414687	-1.0037906165
222	0.2616271973	7.2611009190	5.8058246805
223	0.6804504395	16.6132255662	0.4388254612
224	0.1859741211	5.0157938731	5.0076761455
225	0.0048217773	0.1394295857	2.0649548610
226	0.5977172852	16.3700408456	2.3098731049
227	0.1502685547	4.0259985534	4.4755146357
228	0.9358825684	5.8696024770	-0.4887598566
229	0.0887145996	2.3957727987	3.4300422803
230	0.1322631836	3.5414992738	4.1812729469
231	0.8676757813	10.6900680821	-1.5834757576
232	0.5647888184	15.9112533539	3.0470248066
233	0.4395141602	12.8900992580	5.2877157756
234	0.7702636719	15.0326256119	-1.1690367896
235	0.3284606934	9.3828782671	6.0287331022
236	0.6986389160	16.4624804186	0.0572693137
237	0.1669921875	4.4843731151	4.7344820739
238	0.7892150879	14.4138977382	-1.3878491477
239	0.6324768066	16.6447087448	1.5124329028
240	0.6504821777	16.6921429734	1.1018908388
241	0.8152770996	13.3880767113	-1.5916766886
242	0.6246032715	16.6029503178	1.6932276903
243	0.5501403809	15.6523985247	3.3625384539
244	0.0181579590	0.5166694393	2.2556887157
245	0.7414550781	15.7753954708	-0.7413495401
246	0.2798156738	7.8289330202	5.9150329388
247	0.2138671875	5.8199621793	5.3610140677
248	0.9069519043	8.0961045555	-1.1249902864
249	0.1197204590	3.2085594629	3.9690478620
250	0.3614807129	10.4495623585	5.9527029335
251	0.4343261719	12.7353797610	5.3520624865
252	0.7772521973	14.8167131074	-1.2560477453
253	0.5701599121	15.9980999336	2.9290944941
254	0.7394104004	15.8193027376	-0.7071992956
255	0.6419372559	16.6781396645	1.2960287661
256	0.9172363281	7.3352289038	-0.9299083864
257	0.4127197266	12.0762667584	5.5902892068
258	0.8319702148	12.6218937647	-1.6547241370
259	0.4533691406	13.2953394058	5.1028275509
260	0.5404663086	15.4646974697	3.5652744745
261	0.5459899902	15.5734467658	3.4501094731
262	0.5161437988	14.9391186491	4.0512327447
263	0.8627624512	10.9798531058	-1.6114081912
264	0.5085449219	14.7604738111	4.1951557279
265	0.9513244629	4.5723878642	-0.0328692965
266	0.6625976563	16.6847532919	0.8298443615
267	0.0582580566	1.5987866864	2.9014560578
268	0.6788635254	16.6225930834	0.4729985139
269	0.8215332031	13.1110311705	-1.6218932924
270	0.2960815430	8.3438376218	5.9824720669
271	0.8634033203	10.9424909835	-1.6081106933
272	0.8771667480	10.1084927893	-1.5118565509
273	0.3149414063	8.9473370433	6.0238501617
274	0.3802490234	11.0523912661	5.8539800741
275	0.8034973145	13.8771912506	-1.5145319667
276	0.4952697754	14.4334858036	4.4364826996
277	0.9342041016	6.0060628897	-0.5332601693
278	0.2281494141	6.2426612572	5.5166441699
279	0.7969970703	14.1290575115	-1.4612028811
280	0.7135925293	16.2769239553	-0.2397775655
281	0.5302124023	15.2521144163	3.7745624742
282	0.5371704102	15.3978586578	3.6332028752
283	0.4720458984	13.8205913235	4.8248274966
284	0.3490295410	10.0475528521	5.9960510045
285	0.9311218262	6.2543250774	-0.6124654855
286	0.0492553711	1.3606354777	2.7494956068
287	0.1076660156	2.8912825001	3.7611303060
288	0.3273925781	9.3484073092	6.0291061174
289	0.1960754395	5.3037574978	5.1427184466
290	0.8360595703	12.4209981804	-1.6613487308
291	0.2004089355	5.4284252981	5.1982580014
292	0.7811889648	14.6888087511	-1.3018743409
293	0.4942016602	14.4063954276	4.4553139566
294	0.2091064453	5.6807040265	5.3051666986
295	0.6555480957	16.6929975744	0.9876105913
296	0.7723083496	14.9709231903	-1.1952269657
297	0.6086425781	16.4810182587	2.0599641305
298	0.2549743652	7.0558031246	5.7572348731
299	0.6036071777	16.4325690881	2.1753377183
300	0.6394958496	16.6712931296	1.3517535895
301	0.0651550293	1.7801126759	3.0196458678
302	0.9953308105	0.4696730801	1.7629366421
303	0.8417663574	12.1318942031	-1.6644953569
304	0.9712219238	2.7908413210	0.6841331560
305	0.8863830566	9.5161815449	-1.4191759069
306	0.1723327637	4.6326425847	4.8137422162
307	0.9001770020	8.5788249609	-1.2356746295
308	0.2032470703	5.5104444402	5.2338231627
309	0.9704284668	2.8642307096	0.6526277342
310	0.6584777832	16.6909158405	0.9218530980
311	0.7335205078	15.9394063119	-0.6063150104
312	0.8411865234	12.1617347823	-1.6645054481
313	0.0950012207	2.5598737086	3.5401508268
314	0.4919738770	14.3495336900	4.4943002877
315	0.0372009277	1.0381566280	2.5514269405
316	0.3083801270	8.7367319289	6.0139947869
317	0.5462036133	15.5775689015	3.4456234059
318	0.5368957520	15.3922241313	3.6388360950
319	0.1889648438	5.1006701521	5.0484507672
320	0.4183349609	12.2496361222	5.5330762423
321	0.3724670410	10.8030803450	5.8997596305
322	0.7681579590	15.0949063744	-1.1414457879
323	0.8152160645	13.3907202916	-1.5913442628
324	0.4725341797	13.8339625536	4.8171350406
325	0.2634582520	7.3178406342	5.8183967319
326	0.1819152832	4.9011127494	4.9513102033
327	0.9823608398	1.7402426885	1.1529215695
328	0.9830017090	1.6786492613	1.1814202943
329	0.0540161133	1.4868104174	2.8294873476
330	0.3305053711	9.4488870507	6.0276549544
331	0.0133056641	0.3807362543	2.1845253341
332	0.0199584961	0.5667583828	2.2825708242
333	0.8529663086	11.5347193146	-1.6492106931
334	0.4827270508	14.1084983529	4.6518253891
335	0.9288635254	6.4343037175	-0.6684502772
336	0.1846008301	4.9769267574	4.9887360851
337	0.7971191406	14.1244449378	-1.4622721503
338	0.4089965820	11.9606091408	5.6263691687
339	0.5140686035	14.8909758027	4.0909370828
340	0.2065429688	5.6060612572	5.2743031622
341	0.4302062988	12.6114613000	5.4012206292
342	0.7914428711	14.3342036431	-1.4098787595
343	0.0097351074	0.2797707935	2.1334184625
344	0.1667175293	4.4767734278	4.7303581062
345	0.7066040039	16.3707178884	-0.1030558815
346	0.2590637207	7.1818345648	5.7876405441
347	0.4286499023	12.5644160300	5.4193398318
348	0.3448181152	9.9114242722	6.0066929648
349	0.6204833984	16.5761848618	1.7879375496
350	0.0480041504	1.3273748165	2.7286229837
351	0.4971923828	14.4819636055	4.4023614142
352	0.6920776367	16.5261707892	0.1926082798
353	0.4594726563	13.4698281250	5.0155215860
354	0.2864990234	8.0397666473	5.9462520729
355	0.2216186523	6.0484646889	5.4477432265
356	0.9289245605	6.4294607592	-0.6669597762
357	0.6838073730	16.5914351532	0.3669651926
358	0.9052429199	8.2192592292	-1.1542232996
359	0.0795288086	2.1560814134	3.2692772512
360	0.2675781250	7.4458652004	5.8454049565
361	0.4300231934	12.6059330323	5.4033652054
362	0.1724548340	4.6360427804	4.8155328430
363	0.8361816406	12.4149209542	-1.6614909803
364	0.7597351074	15.3312960057	-1.0250029980
365	0.6399841309	16.6727624092	1.3406008849
366	0.8539733887	11.4790807021	-1.6463981565
367	0.9860229492	1.3866093148	1.3180481643
368	0.2691955566	7.4962601877	5.8555210318
369	0.8147888184	13.4091933415	-1.5889971974
370	0.9985046387	0.1511187227	1.9230536303
371	0.8189697266	13.2260100606	-1.6104426662
372	0.0696411133	1.8976700846	3.0971622193
373	0.3936157227	11.4776203796	5.7594927977
374	0.3478088379	10.0080990709	5.9993449886
375	0.1119384766	3.0034827002	3.8351729157
376	0.0671081543	1.8313258165	3.0533400484
377	0.7576599121	15.3864308482	-0.9948704340
378	0.3716735840	10.7776027398	5.9040427816
379	0.4451904297	13.0575807678	5.2142375662
380	0.6477661133	16.6893872049	1.1634290610
381	0.8590393066	11.1943257969	-1.6285419575
382	0.9282531738	6.4826680985	-0.6832864900
383	0.1436462402	3.8467987197	4.3689465238
384	0.1505737305	4.0342866957	4.4803745991
385	0.4747009277	13.8930606077	4.7827467190
386	0.5492248535	15.6351896627	3.3819295758
387	0.8434753418	12.0433282500	-1.6640257913
388	0.9648437500	3.3752929018	0.4378351627
389	0.0853271484	2.3073894950	3.3707098296
390	0.3497924805	10.0722092640	5.9939054986
391	0.6834106445	16.5941506989	0.3754266025
392	0.2530212402	6.9957935987	5.7421114471
393	0.3792419434	11.0201902780	5.8602891818
394	0.5639953613	15.8980480333	3.0643515793
395	0.1210937500	3.2448579968	3.9925168047
396	0.2982177734	8.4118845728	5.9891610761
397	0.3813476563	11.0874963417	5.8469673691
398	0.7047119141	16.3939657432	-0.0653884383
399	0.3745727539	10.8706455571	5.8880471683
400	0.4770202637	13.9558858876	4.7454824890
401	0.2069702148	5.6184850617	5.2794850856
402	0.3490600586	10.0485391434	5.9959664656
403	0.4887390137	14.2661179522	4.5502031957
404	0.8569641113	11.3119567057	-1.6366097450
405	0.4407653809	12.9271829475	5.2717932681
406	0.5482482910	15.6167038768	3.4025677006
407	0.0265502930	0.7486411645	2.3830311979
408	0.4193115234	12.2796493206	5.5227852933
409	0.1407165527	3.7679061204	4.3211587303
410	0.8629455566	10.9691915492	-1.6104765539
411	0.3856506348	11.2247427695	5.8181975182
412	0.9066772461	8.1159603847	-1.1297487377
413	0.4669494629	13.6798846446	4.9038509774
414	0.0234375000	0.6630344641	2.3352030850
415	0.7396545410	15.8141202946	-0.7113010225
416	0.2957153320	8.3321814785	5.9812744295
417	0.9356994629	5.8845324836	-0.4936616175
418	0.2145996094	5.8414597663	5.3694337815
419	0.6045837402	16.4423295304	2.1529845362
420	0.8946838379	8.9594178168	-1.3153559455
421	0.2980957031	8.4079937825	5.9887925315
422	0.9862976074	1.3599237809	1.3306559944
423	0.0303039551	0.8512464311	2.4415767456
424	0.0662231445	1.8081263217	3.0380614128
425	0.0442810059	1.2281334525	2.6669191046
426	0.7883300781	14.4451471012	-1.3788727778
427	0.4168395996	12.2035975023	5.5486391210
428	0.5749206543	16.0713045349	2.8236886171
429	0.5321044922	15.2923596555	3.7364049089
430	0.1307067871	3.5000020279	4.1552195124
431	0.9558715820	4.1761134550	0.1178046268
432	0.5599975586	15.8300673751	3.1512598260
433	0.7411804199	15.7813601236	-0.7367889595
434	0.3688049316	10.6854137709	5.9189322802
435	0.6971435547	16.4779340851	0.0878654903
436	0.1329650879	3.5602320884	4.1929937435
437	0.6517028809	16.6928613269	1.0742913995
438	0.1134643555	3.0436169774	3.8615312865
439	0.2398071289	6.5930491772	5.6297819467
440	0.6002807617	16.3980223824	2.2513828645
441	0.2483520508	6.8528279581	5.7043984298
442	0.2661437988	7.4012377886	5.8362037978
443	0.0488586426	1.3500941407	2.7428703364
444	0.3110351563	8.8218800634	6.0185693019
445	0.1493225098	4.0003224735	4.4604193998
446	0.6791687012	16.6208379733	0.4664169420
447	0.3965454102	11.5702003621	5.7361322083
448	0.1295166016	3.4683060223	4.1352383724
449	0.8600463867	11.1367473805	-1.6242460951
450	0.4407958984	12.9280862770	5.2714029675
451	0.9287719727	6.4415659325	-0.6706836817
452	0.5329589844	15.3103860984	3.7191024017
453	0.6522216797	16.6930684622	1.0625731357
454	0.7854309082	14.5458876718	-1.3485842572
455	0.8565368652	11.3360051889	-1.6381404408
456	0.3341979980	9.5681575973	6.0244949282
457	0.0676879883	1.8465199525	3.0633596640
458	0.6286621094	16.6260327250	1.5999766382
459	0.7722473145	14.9727825958	-1.1944538354
460	0.0292663574	0.8229497092	2.4253015539
461	0.0473632813	1.3103216986	2.7179579391
462	0.7276306152	16.0501333856	-0.5018670951
463	0.0912170410	2.4610772798	3.4738812550
464	0.7700805664	15.0380921660	-1.1666623643
465	0.6850585938	16.5826233314	0.3403353904
466	0.4660034180	13.6535401382	4.9182632061
467	0.1180725098	3.1650464847	3.9408191247
468	0.9621276855	3.6203578744	0.3377292001
469	0.6065063477	16.4610346914	2.1089438630
470	0.2641601563	7.3396172210	5.8231235497
471	0.7380981445	15.8468792180	-0.6850417917
472	0.4869995117	14.2208542147	4.5799131427
473	0.9731750488	2.6093670189	0.7627430712
474	0.6144409180	16.5309577054	1.9268339351
475	0.7336730957	15.9364136247	-0.6089744621
476	0.5502319336	15.6541129170	3.3605970780
477	0.1112060547	2.9842304590	3.8225040952
478	0.7412109375	15.7806984073	-0.7372961032
479	0.7256774902	16.0848007824	-0.4664805369
480	0.1539001465	4.1248050598	4.5330422867
481	0.7653198242	15.1768290684	-1.1032819197
482	0.8860473633	9.5382331262	-1.4229633268
483	0.7398986816	15.8089215388	-0.7153962498
484	0.1940917969	5.2469186718	5.1168069033
485	0.9777221680	2.1823485260	0.9516369646
486	0.2178955078	5.9384399995	5.4067454699
487	0.3984375000	11.6298560539	5.7205429718
488	0.1838989258	4.9570871557	4.9790035507
489	0.5920410156	16.3039425260	2.4389702287
490	0.3682250977	10.6667658501	5.9218283416
491	0.7361450195	15.8870536348	-0.6517212945
492	0.6007385254	16.4028951616	2.2409273090
493	0.3821411133	11.1128344776	5.8418183357
494	0.5912170410	16.2938797816	2.4576565361
495	0.6419372559	16.6781396645	1.2960287661
496	0.8592529297	11.1821391149	-1.6276515778
497	0.8061523438	13.7706403431	-1.5341559903
498	0.5488281250	15.6276959161	3.3903195388
499	0.9253234863	6.7131659862	-0.7527674609
500	0.9088439941	7.9586632704	-1.0915792152
501	0.3852539063	11.2121061737	5.8209367943
502	0.7210693359	16.1625832163	-0.3815716200
503	0.0077209473	0.2224427614	2.1050846537
504	0.4563903809	13.3820381321	5.0600499580
505	0.7077331543	16.3564104989	-0.1254058979
506	0.4410400391	12.9353109277	5.2682772309
507	0.2388916016	6.5653615848	5.6213647134
508	0.8138122559	13.4512071981	-1.5835008866
509	0.0576782227	1.5835030564	2.8915832671
510	0.5552368164	15.7460166732	3.2538579011
511	0.8383178711	12.3078142789	-1.6634533773
512	0.3708190918	10.7501546469	5.9085755947
513	0.6691284180	16.6671268658	0.6852395544
514	0.7084960938	16.3465592731	-0.1404518135
515	0.4617309570	13.5337141594	4.9823344471
516	0.6925659180	16.5217968361	0.1824414062
517	0.6047363281	16.4438388517	2.1494907984
518	0.2543945313	7.0379752147	5.7527854915
519	0.3923645020	11.4380065578	5.7691808702
520	0.2422180176	6.6660961382	5.6515588767
521	0.2599182129	7.2082345482	5.7937772899
522	0.7901916504	14.3791453180	-1.3976061362
523	0.3573608398	10.3166575232	5.9690098193
524	0.7287292480	16.0301857313	-0.5216103867
525	0.4915771484	14.3393572085	4.5012016011
526	0.3171081543	9.0170119203	6.0260333177
527	0.9693908691	2.9599093471	0.6118014141
528	0.0794372559	2.1536915784	3.2676777830
529	0.3720397949	10.7893628382	5.9020748075
530	0.0254821777	0.7193211789	2.3665437045
531	0.7927246094	14.2876815488	-1.4221824067
532	0.0376281738	1.0496719106	2.5583220498
533	0.5680541992	15.9645838876	2.9754587006
534	0.7048645020	16.3921245792	-0.0684360446
535	0.0350036621	0.9788230039	2.5161273519
536	0.3854064941	11.2169668344	5.8198853082
537	0.3446044922	9.9045184748	6.0071785591
538	0.7791748047	14.7548158771	-1.2787216018
539	0.8633422852	10.9460549117	-1.6084291791
540	0.7911376953	14.3452080623	-1.4069092102
541	0.1938476563	5.2399329671	5.1135968959
542	0.9669494629	3.1837274919	0.5173989491
543	0.3458557129	9.9449660660	6.0042598969
544	0.2822265625	7.9048619877	5.9268545532
545	0.0890197754	2.4037359438	3.4353885330
546	0.5664062500	15.9378742568	3.0116277218
547	0.0181579590	0.5166694393	2.2556887157
548	0.3427734375	9.8453250052	6.0111260373
549	0.3633422852	10.5095648649	5.9446988920
550	0.3656616211	10.5842705810	5.9341738439
551	0.0745849609	2.0269675595	3.1830416057
552	0.6361694336	16.6599623138	1.4278242955
553	0.2139282227	5.8217528997	5.3617174793
554	0.1777648926	4.7844431768	4.8924836490
555	0.1847534180	4.9812420223	4.9908472083
556	0.3527526855	10.1678554680	5.9849492815
557	0.8307189941	12.6823190644	-1.6519831401
558	0.0010681152	0.0310386168	2.0141904071
559	0.9348449707	5.9540652795	-0.5163835963
560	0.1825866699	4.9200424131	4.9607143198
561	0.1503295898	4.0276559651	4.4764869996
562	0.8041992188	13.8492305381	-1.5198435467
563	0.8941345215	8.9969449804	-1.3228376786
564	0.9129028320	7.6599620174	-1.0161586816
565	0.2349548340	6.4466328357	5.5842536578
566	0.9362487793	5.8397105791	-0.4789215783
567	0.3063049316	8.6702545088	6.0098657050
568	0.6510009766	16.6924878314	1.0901565008
569	0.2763671875	7.7205815567	5.8970322909
570	0.1620178223	4.3471148648	4.6590942716
571	0.4058532715	11.8625545034	5.6556689314
572	0.6716918945	16.6575389916	0.6289418398
573	0.2247314453	6.1408355202	5.4810676566
574	0.3220825195	9.1771732382	6.0290255417
575	0.3596191406	10.3895268335	5.9603114079
576	0.8901062012	9.2691881851	-1.3750416117
577	0.0425720215	1.1824352025	2.6388106308
578	0.6179504395	16.5580830695	1.8461711319
579	0.8330078125	12.5714146984	-1.6567448309
580	0.9592285156	3.8794179254	0.2339778019
581	0.5835571289	16.1947747512	2.6306104092
582	0.5223388672	15.0798716620	3.9309763729
583	0.1815185547	4.8899344851	4.9457384192
584	0.9926757813	0.7338619704	1.6323052213
585	0.0966186523	2.6021239591	3.5684563948
586	0.3141784668	8.9228176723	6.0229546039
587	0.2671203613	7.4316159894	5.8424918967
588	0.9122619629	7.7074759903	-1.0284096756
589	0.3546447754	10.2289685005	5.9786987575
590	0.2387695313	6.5616720690	5.6202363065
591	0.8996887207	8.6130472057	-1.2431184636
592	0.4206542969	12.3208479897	5.5084713064
593	0.4085388184	11.9463520988	5.6307024442
594	0.2931213379	8.2496952309	5.9723652805
595	0.9033508301	8.3545173055	-1.1855506524
596	0.5991516113	16.3858419759	2.2771594656
597	0.9660339355	3.2671851830	0.4825953614
598	0.6359252930	16.6590403502	1.4334133637
599	0.8078918457	13.6996700851	-1.5463183518
600	0.1301574707	3.4853691446	4.1460035901
601	0.3956298828	11.5412959808	5.7435340442
602	0.6227722168	16.5914664266	1.7353171841
603	0.1652832031	4.4371263323	4.7087477750
604	0.1449584961	3.8822110791	4.3902272170
605	0.3554687500	10.2555758610	5.9758486263
606	0.4662780762	13.6611956816	4.9140873629
607	0.4908752441	14.3213156462	4.5133807188
608	0.6963806152	16.4856044368	0.1035334810
609	0.0473632813	1.3103216986	2.7179579391
610	0.5213623047	15.0579839334	3.9501015881
611	0.8300476074	12.7145413059	-1.6503759779
612	0.8563537598	11.3462939571	-1.6387828931
613	0.0955200195	2.5734239532	3.5492316092
614	0.1951904297	5.2783810291	5.1311953781
615	0.9494018555	4.7379917581	-0.0942903957
616	0.4386901855	12.8656284023	5.2981160468
617	0.0505676270	1.3954725423	2.7714560078
618	0.4825744629	14.1044550968	4.6543655294
619	0.1532897949	4.1081715919	4.5234210471
620	0.3466491699	9.9706146973	6.0023159855
621	0.5184631348	14.9923400738	4.0065102485
622	0.1259460449	3.3734044908	4.0750076867
623	0.7252197266	16.0927791075	-0.4581342567
624	0.5456237793	15.5663656154	3.4577944088
625	0.9143066406	7.5554245386	-0.9888709344
626	0.4005126953	11.6951566780	5.7029935738
627	0.9942016602	0.5822853060	1.7070137066
628	0.6607971191	16.6879142792	0.8699858691
629	0.8414001465	12.1507531740	-1.6645104938
630	0.5246276855	15.1307230096	3.8859101018
631	0.0261535645	0.7377574514	2.3768981633
632	0.1997985840	5.4108251254	5.1905252276
633	0.0949401855	2.5582796634	3.5390824068
634	0.6946411133	16.5025535878	0.1393995110
635	0.9404296875	5.4954343765	-0.3632963329
636	0.4003601074	11.6903598462	5.7043000266
637	0.2911376953	8.1867124453	5.9650500075
638	0.7453002930	15.6897096851	-0.8043092823
639	0.8510131836	11.6417095802	-1.6539779805
640	0.7030029297	16.4141844867	-0.0311383253
641	0.1210021973	3.2424370027	3.9909538111
642	0.4347839355	12.7490920747	5.3464939437
643	0.4331665039	12.7005907778	5.3660743708
644	0.8486022949	11.7721125381	-1.6586234395
645	0.2292785645	6.2763913174	5.5281609844
646	0.3549194336	10.2378380793	5.9777573496
647	0.1146240234	3.0741428693	3.8815305080
648	0.6011962891	16.4077302031	2.2304686379
649	0.7183837891	16.2053325590	-0.3311994931
650	0.4662170410	13.6594949533	4.9150159192
651	0.8921203613	9.1337168726	-1.3495230682
652	0.0954284668	2.5710326198	3.5476292235
653	0.2772216797	7.7474011067	5.9016119352
654	0.2582397461	7.1563985739	5.7816518127
655	0.7727966309	14.9560090311	-1.2013926847
656	0.8094177246	13.6366569745	-1.5565285459
657	0.9352111816	5.9242938634	-0.5066764165
658	0.5345764160	15.3442517930	3.6862335162
659	0.8405151367	12.1961550962	-1.6644231796
660	0.1622924805	4.3546727202	4.6632947271
661	0.4410705566	12.9362137607	5.2678860974
662	0.8230285645	13.0430230311	-1.6279667426
663	0.9474182129	4.9076363087	-0.1562518588
664	0.7368774414	15.8721099340	-0.6642640190
665	0.2668762207	7.4240188660	5.8409292586
666	0.4108581543	12.0185055275	5.6085150141
667	0.0301208496	0.8462564468	2.4386996643
668	0.1273498535	3.4106834986	4.0987381960
669	0.2367553711	6.5008688450	5.6014108510
670	0.0048522949	0.1403065366	2.0653731697
671	0.0513305664	1.4157057260	2.7842554654
672	0.4119262695	12.0516640122	5.5981029389
673	0.7810363770	14.6938510106	-1.3001420682
674	0.0164794922	0.4698082752	2.2308570819
675	0.5661621094	15.9338816919	3.0169772308
676	0.2504577637	6.9172155344	5.7216770725
677	0.8149108887	13.4039210430	-1.5896713713
678	0.4721679688	13.8239359571	4.8229063565
679	0.9134521484	7.6191311419	-1.0055549448
680	0.6070861816	16.4665423468	2.0956538333
681	0.2425842285	6.6772090717	5.6548172828
682	0.5483093262	15.6178631466	3.4012792113
683	0.0324096680	0.9085242564	2.4748138331
684	0.0979919434	2.6380101969	3.5924760726
685	0.0859985352	2.3249063742	3.3824669428
686	0.7314147949	15.9800635943	-0.5693719295
687	0.9036865234	8.3306036317	-1.1800717787
688	0.9639892578	3.4526384183	0.4060361799
689	0.2387695313	6.5616720690	5.6202363065
690	0.6034545898	16.4310282991	2.1788293225
691	0.6161499023	16.5444615894	1.8875596126
692	0.6680908203	16.6705775313	0.7081039835
693	0.8451843262	11.9538433712	-1.6628946808
694	0.2518310547	6.9592847230	5.7327063591
695	0.0579528809	1.5907435130	2.8962585165
696	0.1183471680	3.1722952949	3.9455287730
697	0.3040161133	8.5970148246	6.0047496340
698	0.3045959473	8.6155606028	6.0061013764
699	0.2331848145	6.3934257632	5.5670872950
700	0.5154113770	14.9221831470	4.0652797886
701	0.8974609375	8.7682162009	-1.2761833575
702	0.5905761719	16.2859720594	2.4721801357
703	0.2031555176	5.5077940765	5.2326860470
704	0.8251342773	12.9460833539	-1.6357527128
705	0.0450439453	1.2485042000	2.6795121833
706	0.4246215820	12.4420866755	5.4650765339
707	0.6528625488	16.6932432841	1.0481073541
708	0.8763427734	10.1601240256	-1.5190173383
709	0.1825256348	4.9183208793	4.9598607054
710	0.5177001953	14.9749017655	4.0212616547
711	0.0823059082	2.2285591908	3.3178293768
712	0.0833740234	2.2564298930	3.3365186397
713	0.2658081055	7.3908016407	5.8340191598
714	0.5119934082	14.8423455015	4.1303433427
715	0.6229858398	16.5928402772	1.7304063183
716	0.7938842773	14.2451671136	-1.4330783215
717	0.8998718262	8.6002228216	-1.2403353444
718	0.1411437988	3.7793970892	4.3281511550
719	0.4792785645	14.0166174751	4.7087523731
720	0.2612915039	7.2507095041	5.8034820696
721	0.0926208496	2.4977201786	3.4984704615
722	0.0154113770	0.4399006866	2.2151724407
723	0.9949035645	0.5123276189	1.7417125691
724	0.2426452637	6.6790616663	5.6553590774
725	0.6337890625	16.6504496886	1.4823481477
726	0.0317382813	0.8902828832	2.4641867089
727	0.3441467285	9.8897202270	6.0082014892
728	0.2211914063	6.0358135059	5.4431012385
729	0.0989685059	2.6635376403	3.6095478892
730	0.4090576172	11.9625094826	5.6257896940
731	0.8484802246	11.7786663871	-1.6588225201
732	0.2539672852	7.0248456451	5.7494851568
733	0.4783020020	13.9904090468	4.7246894222
734	0.3482360840	10.0219083427	5.9982115314
735	0.9178466797	7.2890094105	-0.9172793716
736	0.4445495605	13.0387695775	5.2226927335
737	0.4306030273	12.6234332435	5.3965622621
738	0.3174438477	9.0278117054	6.0263238413
739	0.6170959473	16.5516964090	1.8658141481
740	0.0407104492	1.1325457559	2.6083553206
741	0.1621704102	4.3513133760	4.6614283958
742	0.9621887207	3.6148759164	0.3399477710
743	0.8574218750	11.2861262099	-1.6349204687
744	0.1570129395	4.2098108503	4.5818045987
745	0.9306335449	6.2933767940	-0.6247162899
746	0.6405334473	16.6743556960	1.3280586075
747	0.2126770020	5.7850702268	5.3472334776
748	0.1224670410	3.2811920222	4.0159334865
749	0.1739501953	4.6777361896	4.8373900075
750	0.5831604004	16.1893720472	2.6395274917
751	0.3609008789	10.4308661458	5.9551152210
752	0.4532775879	13.2927023811	5.1041103081
753	0.2643127441	7.3443531812	5.8241443215
754	0.6786193848	16.6239813126	0.4782671046
755	0.1506042480	4.0351156591	4.4808603399
756	0.4504394531	13.2106748437	5.1434780879
757	0.8869934082	9.4759952552	-1.4122087486
758	0.8834838867	9.7054365918	-1.4508492373
759	0.2922973633	8.2235229751	5.9693794049
760	0.4223327637	12.3722309513	5.4903127221
761	0.0442504883	1.2273182402	2.6664159471
762	0.2574462891	7.1319243848	5.7758190106
763	0.6748046875	16.6438490120	0.5609633944
764	0.5324707031	15.3000966651	3.7289948486
765	0.6843566895	16.5876128520	0.3552634979
766	0.6235046387	16.5961393626	1.7184803421
767	0.3067016602	8.6829581420	6.0106925871
768	0.2721252441	7.5877284415	5.8731402403
769	0.9553222656	4.2243289206	0.0991957253
770	0.8530883789	11.5279923431	-1.6488826688
771	0.8827209473	9.7547931033	-1.4587967585
772	0.5580139160	15.7954510974	3.1941308367
773	0.0839233398	2.2707626646	3.3461329518
774	0.7763366699	14.8458079876	-1.2450561150
775	0.9751892090	2.4209973802	0.8453945256
776	0.4548950195	13.3392054699	5.0813308490
777	0.8795776367	9.9561763708	-1.4898551370
778	0.7171020508	16.2250699486	-0.3069347839
779	0.8503112793	11.6798645164	-1.6554710826
780	0.5232543945	15.1002878739	3.9129902854
781	0.8632812500	10.9496176544	-1.6087467297
782	0.6531066895	16.6932862834	1.0425994494
783	0.9098205566	7.8872771816	-1.0739019379
784	0.7919311523	14.3165387769	-1.4145980089
785	0.0214233398	0.6073752506	2.3046228366
786	0.0012817383	0.0372357453	2.0170422464
787	0.7570800781	15.4016180751	-0.9863520788
788	0.3558959961	10.2693705995	5.9743401857
789	0.1848144531	4.9829683592	4.9916911920
790	0.0277404785	0.7812464608	2.4014940268
791	0.8887329102	9.3608094031	-1.3917770168
792	0.5987243652	16.3811736388	2.2869075006
793	0.0325012207	0.9110102095	2.4762651169
794	0.8829956055	9.7370462324	-1.4559541571
795	0.0109863281	0.3152463362	2.1512018466
796	0.0403747559	1.1235365414	2.6028820007
797	0.7207031250	16.1685241689	-0.3747405283
798	0.2620849609	7.2752764756	5.8090003297
799	0.9810485840	1.8659745603	1.0950914562
800	0.8098449707	13.6188860951	-1.5593100082
801	0.1367492676	3.6614293578	4.2558626989
802	0.6898193359	16.5456410657	0.2398204617
803	0.3735351563	10.8373615421	5.8938812400
804	0.7427368164	15.7472862830	-0.7625212678
805	0.7778625488	14.7971804131	-1.2633059913
806	0.4308776855	12.6317167088	5.3933277984
807	0.6718750000	16.6567960311	0.6249312571
808	0.1040344238	2.7960935333	3.6979558385
809	0.2552795410	7.0651904821	5.7595629240
810	0.0249023438	0.7033808516	2.3576262689
811	0.0847473145	2.2922611885	3.3605574016
812	0.9356689453	5.8870197846	-0.4944774521
813	0.4229431152	12.3908833179	5.4836365045
814	0.4467468262	13.1031583294	5.1935361383
815	0.9874267578	1.2499781918	1.3828174750
816	0.0291748047	0.8204505746	2.4238688232
817	0.1315612793	3.5227779307	4.1695341448
818	0.8916320801	9.1666778255	-1.3558161288
819	0.9881896973	1.1754737674	1.4183623364
820	0.5234680176	15.1050371746	3.9087857517
821	0.6073913574	16.4694161524	2.0886577010
822	0.1852111816	4.9941927687	4.9971705899
823	0.6198120117	16.5715081333	1.8033734006
824	0.1273193359	3.4098726408	4.0982229931
825	0.4562988281	13.3794202093	5.0613589391
826	0.8188476563	13.2314346990	-1.6098649323
827	0.6558532715	16.6928693109	0.9807488731
828	0.9671325684	3.1670048942	0.5243986599
829	0.2924499512	8.2283686058	5.9699380069
830	0.6096801758	16.4904186242	2.0361587385
831	0.0522155762	1.4391575614	2.7991313173
832	0.0596008301	1.6341549838	2.9243597380
833	0.9924621582	0.7550273951	1.6219249439
834	0.9858398438	1.4043870545	1.3096603255
835	0.5133666992	14.8745815303	4.1042992596
836	0.4093017578	11.9701094390	5.6234677858
837	0.5740661621	16.0584303350	2.8426648712
838	0.8964843750	8.8357338242	-1.2902158590
839	0.6838684082	16.5910140281	0.3656641934
840	0.7313537598	15.9812242463	-0.5682944197
841	0.7002868652	16.4448037971	0.0237277595
842	0.3471374512	9.9863979289	6.0010838392
843	0.9647827148	3.3808250768	0.4355544923
844	0.7991638184	14.0465180204	-1.4798003724
845	0.8080139160	13.6946551414	-1.5471509996
846	0.5597534180	15.8258383688	3.1565454474
847	0.9550170898	4.2510745600	0.0889059584
848	0.4169921875	12.2082997532	5.5470619074
849	0.8622436523	11.0100029246	-1.6140022798
850	0.7578430176	15.3816151128	-0.9975515078
851	0.5177001953	14.9749017655	4.0212616547
852	0.0176391602	0.5022026477	2.2479897062
853	0.7347717285	15.9146803192	-0.6280515832
854	0.5766296387	16.0967013564	2.7856641327
855	0.4718017578	13.8138984122	4.8286658246
856	0.8851013184	9.6001842478	-1.4334674804
857	0.2081604004	5.6531293660	5.2938404376
858	0.0982666016	2.6451890597	3.5972783120
859	0.9082641602	8.0009042425	-1.1019353993
860	0.0022277832	0.0646382085	2.0297264056
861	0.6046447754	16.4429337704	2.1515870745
862	0.5120239258	14.8430641517	4.1297660203
863	0.1315612793	3.5227779307	4.1695341448
864	0.5234069824	15.1036807920	3.9099873466
865	0.0400390625	1.1145233413	2.5974144799
866	0.3992919922	11.6567610866	5.7133738704
867	0.2260742188	6.1807888576	5.4951717013
868	0.8721618652	10.4187605788	-1.5525687052
869	0.3026428223	8.5531136319	6.0013976603
870	0.6438598633	16.6826478458	1.2522180645
871	0.2474975586	6.8267409197	5.6972606507
872	0.4638061523	13.5920876081	4.9514228619
873	0.3571777344	10.3107474825	5.9696895394
874	0.9670410156	3.1753674867	0.5208971778
875	0.0392761230	1.0940237867	2.5850100948
876	0.0531921387	1.4650128684	2.8155806750
877	0.4736022949	13.8631439202	4.8002345464
878	0.0878295898	2.3726805931	3.4145386523
879	0.6739196777	16.6479708111	0.5802464388
880	0.7072753906	16.3622499426	-0.1163568243
881	0.9811096191	1.8601381378	1.0977656369
882	0.5081176758	14.7502395631	4.2031263734
883	0.5195312500	15.0166396388	3.9857928799
884	0.4028015137	11.7670173709	5.6830917081
885	0.6470642090	16.6884166701	1.1793596725
886	0.9226379395	6.9220527332	-0.8139596840
887	0.9310913086	6.2567680300	-0.6132335274
888	0.2489929199	6.8724089084	5.7097040437
889	0.6807250977	16.6115436093	0.4329238663
890	0.2544555664	7.0398513380	5.7532554557
891	0.5670166016	15.9478155650	2.9982438823
892	0.3350830078	9.5967526305	6.0235054680
893	0.3623657227	10.4780924719	5.9489470352
894	0.3147888184	8.9424325694	6.0236763319
895	0.3303833008	9.4449454873	6.0277327523
896	0.2031860352	5.5086774971	5.2330651612
897	0.2970886230	8.3759057631	5.9856887189
898	0.0884399414	2.3886061165	3.4252307139
899	0.9354248047	5.9069075622	-0.5009925595
900	0.9457702637	5.0476307328	-0.2066464585
901	0.2936401367	8.2661813784	5.9742067509
902	0.6437072754	16.6823186293	1.2556926095
903	0.0990295410	2.6651333500	3.6106146105
904	0.9283752441	6.4730047072	-0.6803292470
905	0.8685302734	10.6388854638	-1.5779901109
906	0.6677856445	16.6715454419	0.7148370506
907	0.3569946289	10.3048371996	5.9703654245
908	0.1372375488	3.6745126260	4.2639340111
909	0.3747558594	10.8765173454	5.8870049867
910	0.6267089844	16.6153357358	1.6448390386
911	0.5054626465	14.6861988290	4.2523611882
912	0.1520385742	4.0741076870	4.5036373205
913	0.7557373047	15.4364236162	-0.9664612497
914	0.5506591797	15.6620977616	3.3515319134
915	0.6674194336	16.6726787882	0.7229216097
916	0.7434692383	15.7310208600	-0.7745367408
917	0.9242858887	6.7941448536	-0.7766917216
918	0.4440002441	13.0226255009	5.2299079116
919	0.9839782715	1.5845538281	1.2251711947
920	0.0959472656	2.5845841736	3.5567087806
921	0.7665405273	15.1418772985	-1.1198324880
922	0.3205566406	9.1280159385	6.0284072708
923	0.9309387207	6.2689783527	-0.6170690018
924	0.6551818848	16.6931243925	0.9958482139
925	0.7707214355	15.0189168050	-1.1749520555
926	0.8636779785	10.9264386346	-1.6066659268
927	0.2600097656	7.2110644359	5.7944303349
928	0.6009216309	16.4048337108	2.2367442105
929	0.2811584473	7.8712047539	5.9216948313
930	0.7114257813	16.3073457559	-0.1978041201
931	0.5653076172	15.9198357351	3.0356822170
932	0.9446105957	5.1456327285	-0.2415247223
933	0.3771667480	10.9537749748	5.8729296841
934	0.3667602539	10.6196357433	5.9289744588
935	0.4748535156	13.8972077542	4.7803095056
936	0.2519531250	6.9630271390	5.7336775590
937	0.3769531250	10.9469335410	5.8742033559
938	0.7325744629	15.9578205836	-0.5897731697
939	0.4668273926	13.6764892537	4.9057151720
940	0.9907226563	0.9268677802	1.5381185067
941	0.9665527344	3.2199242767	0.5022775261
942	0.2720642090	7.5858204323	5.8727824619
943	0.3110046387	8.8209007608	6.0185212453
944	0.5032043457	14.6311353799	4.2938314415
945	0.9536437988	4.3710696659	0.0430296412
946	0.7936706543	14.2530289454	-1.4310881075
947	0.1352233887	3.6205822002	4.2305788509
948	0.6040649414	16.4371659818	2.1648611357
949	0.6465759277	16.6876791996	1.1904481725
950	0.8613891602	11.0594748301	-1.6181284904
951	0.1168212891	3.1320406865	3.9193402278
952	0.8029174805	13.9001766581	-1.5100775857
953	0.8581848145	11.2429276081	-1.6319914840
954	0.8298339844	12.7247644028	-1.6498447135
955	0.7988586426	14.0582288055	-1.4772301852
956	0.1519165039	4.0707868625	4.5017029073
957	0.5347595215	15.3480644401	3.6825028864
958	0.5044250488	14.6609663921	4.2714620027
959	0.0317687988	0.8911124608	2.4646691606
960	0.7185363770	16.2029542725	-0.3340786229
961	0.0098266602	0.2823700910	2.1347150022
962	0.4265441895	12.5005711669	5.4434570719
963	0.5395202637	15.4456595058	3.5848341721
964	0.6831054688	16.5962139246	0.3819411515
965	0.8832397461	9.7212509561	-1.4534099288
966	0.7836608887	14.6061692055	-1.3294356175
967	0.1112670898	2.9858345171	3.8235602337
968	0.0615539551	1.6855398518	2.9577704061
969	0.5249938965	15.1388004875	3.8786683919
970	0.9446411133	5.1430591575	-0.2406130387
971	0.4175720215	12.2261591547	5.5410460244
972	0.0531005859	1.4625899195	2.8140370308
973	0.2040710449	5.5343114757	5.2440265339
974	0.6195983887	16.5700016904	1.8082847811
975	0.4518432617	13.2513149886	5.1241023322
976	0.0127258301	0.3643960493	2.1761513599
977	0.8424682617	12.0956300330	-1.6643821657
978	0.6453857422	16.6856679728	1.2174975019
979	0.5968017578	16.3597636307	2.3307359148
980	0.0490722656	1.3557707845	2.7464369757
981	0.3940124512	11.4901717242	5.7563848250
982	0.3955383301	11.5384041813	5.7442691502
983	0.3159179688	8.9787326452	6.0249001071
984	0.2468872070	6.8081219966	5.6921178193
985	0.8482666016	11.7901243039	-1.6591625713
986	0.8154602051	13.3801391090	-1.5926696566
987	0.4696350098	13.7542875295	4.8624991988
988	0.5148010254	14.9080234095	4.0769575867
989	0.8595275879	11.1664492250	-1.6264903108
990	0.0827026367	2.2389114209	3.3247702437
991	0.2569885254	7.1178135075	5.7724245900
992	0.0579528809	1.5907435130	2.8962585165
993	0.0006713867	0.0195203267	2.0089062651
994	0.8919067383	9.1481466944	-1.3522847113
995	0.7819213867	14.6645105746	-1.3101393484
996	0.4757080078	13.9203957230	4.7666236036
997	0.6419982910	16.6782947796	1.2946369277
998	0.3651733398	10.5685481116	5.9364405742
999	0.2446289063	6.7393390095	5.6727688300
1000	0.4841308594	14.1455982437	4.6283645447
