0	2.5641174316	15.1781029862	5.1652765128
1	1.9998474121	9.9984742181	5.9999999457
2	1.3550720215	5.8263462052	5.4412424362
3	3.4756164551	11.0549691893	3.1148035634
4	3.0468139648	14.7481659551	3.8933317986
5	3.1473693848	14.0965913356	3.6813062969
6	3.9278564453	2.6915832166	2.2491812837
7	3.9760437012	0.9847154662	2.0909631036
8	0.9247741699	4.8800681872	4.9054980058
9	3.8055114746	5.9225921254	2.5540908661
10	3.1764526367	13.8823942384	3.6241275920
11	0.7817077637	4.6684908570	4.7207212314
12	0.0558776855	1.3073627861	2.6475493893
13	3.7970581055	6.1049374962	2.5717307579
14	1.4200439453	6.0546652710	5.5209346498
15	3.9915771484	0.3581387635	2.0330665678
16	1.3699645996	5.8758907828	5.4595927039
17	1.8418884277	8.5430159186	5.9481648628
18	0.3015747070	3.5487280475	3.8632789638
19	2.8692932129	15.4993785246	4.3241535538
20	2.5289001465	14.9908322854	5.2588683385
21	2.4983825684	14.8043863781	5.3374294989
22	3.2606201172	13.2022369344	3.4680147619
23	3.0970764160	14.4403781707	3.7844904730
24	2.2117309570	12.2264606474	5.8832182163
25	0.7298278809	4.5914967720	4.6507487147
26	1.6308593750	7.0528573953	5.7647894905
27	3.6546630859	8.6774214731	2.8320963553
28	0.0249633789	0.6652355728	2.3271223924
29	1.0958251953	5.1716827453	5.1193929935
30	3.3627624512	12.2589459105	3.2940997771
31	0.3230895996	3.6412281548	3.9216493052
32	1.0375671387	5.0642859465	5.0468829815
33	1.5687255859	6.7126791581	5.6965893696
34	2.3713684082	13.8139814749	5.6287523235
35	0.8138122559	4.7154244670	4.7630556187
36	0.9411315918	4.9053321525	4.9261435479
37	0.9749450684	4.9589080350	4.9686381076
38	2.5087280273	14.8700438686	5.3110939274
39	3.5224304199	10.4972358049	3.0421257650
40	1.8352355957	8.4878261654	5.9440159851
41	2.0614929199	10.6290748014	5.9908290347
42	0.1617736816	2.6612080076	3.3515204266
43	1.9076538086	9.1164769843	5.9813757922
44	2.6372680664	15.4674139653	4.9639307076
45	1.1872863770	5.3645349270	5.2330888880
46	1.4748535156	6.2736539255	5.5871235925
47	2.4951782227	14.7835487892	5.3455207730
48	1.1179504395	5.2153561832	5.1469015372
49	3.6395874023	8.9068397197	2.8569107363
50	1.1974487305	5.3881494209	5.2457214180
51	3.5066833496	10.6891308563	3.0665546719
52	1.5611877441	6.6742062206	5.6880459077
53	1.5754089355	6.7472847026	5.7041204950
54	1.1567382813	5.2963509301	5.1951164256
55	0.1136779785	2.1628935223	3.0859911917
56	0.0493469238	1.1851723340	2.5861289627
57	1.5879211426	6.8133346321	5.7181032385
58	1.3553771973	5.8273455670	5.4416188585
59	0.3163452148	3.6131073977	3.9037560974
60	2.3735046387	13.8331272296	5.6244284209
61	1.8978576660	9.0279225422	5.9773852971
62	2.6940612793	15.5973930231	4.8044792120
63	3.4475402832	11.3719850174	3.1586414736
64	1.5684204102	6.7111101160	5.6962444849
65	1.1699523926	5.3253433828	5.2115418366
66	1.3191833496	5.7132883759	5.3968815113
67	1.3016662598	5.6611936652	5.3751757633
68	0.0728149414	1.5965121039	2.7939206141
69	1.9542541504	9.5518346951	5.9952693267
70	3.5955810547	9.5413530139	2.9276927129
71	0.8886108398	4.8254033355	4.8595922482
72	0.5145263672	4.2114148980	4.3239134756
73	1.7526550293	7.8474116056	5.8823282863
74	3.7041320801	7.8746891539	2.7478375404
75	2.8125915527	15.6092235494	4.4753886928
76	2.1205749512	11.2532961803	5.9635826876
77	0.7101745605	4.5616209969	4.6236318101
78	3.8643493652	4.5246062629	2.4207718814
79	0.2760925293	3.4277106929	3.7888518362
80	2.7524719238	15.6458535419	4.6408181463
81	1.9315185547	9.3365879779	5.9895727321
82	3.1820983887	13.8395482675	3.6132305221
83	1.7087707520	7.5408492647	5.8430177254
84	1.5661621094	6.6995292607	5.6936896785
85	1.4223022461	6.0631901083	5.5236843428
86	0.1223754883	2.2644184356	3.1393093368
87	0.0213623047	0.5786136109	2.2842880134
88	1.2973937988	5.6487813078	5.3698777118
89	2.6555786133	15.5183631103	4.9126512807
90	3.6066894531	9.3858316984	2.9100206993
91	2.4845886230	14.7130228692	5.3720296583
92	0.1717529297	2.7478696374	3.3988468959
93	1.7632141113	7.9246626685	5.8911727061
94	0.7359619141	4.6007242469	4.6591379329
95	2.2330627441	12.4513232925	5.8574895602
96	0.4398803711	4.0303310673	4.1862558429
97	2.3522949219	13.6398871529	5.6663615709
98	3.1380310059	14.1630161863	3.7000456847
99	2.3942260742	14.0149271029	5.5813563172
100	1.5375366211	6.5572571545	5.6609234412
101	3.9465637207	2.0672436088	2.1911953746
102	2.9404602051	15.2670706663	4.1430140555
103	1.8421936035	8.5455602535	5.9483519338
104	2.8708496094	15.4953876947	4.3200824927
105	0.0527648926	1.2499236733	2.6186473749
106	0.3679809570	3.8105340591	4.0324942575
107	3.5766601563	9.7995662430	2.9575598381
108	0.2265014648	3.1481845597	3.6236659712
109	2.8520812988	15.5401050664	4.3694752005
110	0.9653930664	4.9435702093	4.9566558117
111	3.7268981934	7.4761749017	2.7072180807
112	3.8066711426	5.8972504527	2.5516448600
113	3.5165100098	10.5699123823	3.0513115627
114	0.4450073242	4.0440899504	4.1963307899
115	2.1806030273	11.8952108536	5.9160306224
116	0.8895263672	4.8267703463	4.8607595124
117	0.1503906250	2.5560721615	3.2946211374
118	3.1594543457	14.0089218836	3.6573317864
119	1.8377075195	8.5082705978	5.9455732547
120	3.1140747070	14.3280583992	3.7489885435
121	0.3566284180	3.7704275797	4.0057145809
122	3.1992187500	13.7071460802	3.5805764424
123	3.4894714355	10.8938413405	3.0932658779
124	3.3904724121	11.9800197079	3.2491550099
125	2.4282226563	14.2966800067	5.5064674566
126	3.1154174805	14.3190146166	3.7462117031
127	1.3222961426	5.7227522390	5.4007355191
128	1.4351501465	6.1124835648	5.5392950286
129	2.1646423340	11.7245509274	5.9306823623
130	3.2673339844	13.1442103506	3.4561092250
131	0.0466003418	1.1318173813	2.5593820552
132	1.9309997559	9.3317383637	5.9894182088
133	0.3132629395	3.5999959330	3.8954586291
134	3.7952270508	6.1438933269	2.5755086709
135	2.6507263184	15.5057019312	4.9262594699
136	2.3124389648	13.2595100931	5.7389235512
137	0.6357116699	4.4422858246	4.5169527170
138	0.2178039551	3.0919318288	3.5913513693
139	1.7799072266	8.0495666163	5.9046216514
140	1.1756896973	5.3381666606	5.2186735383
141	1.5993041992	6.8748738824	5.7306842564
142	2.6549987793	15.5168819999	4.9142780288
143	2.7402038574	15.6427005351	4.6750323282
144	1.3138427734	5.6971980052	5.3902669225
145	2.6934204102	15.5963864759	4.8062817021
146	3.6755981445	8.3475169536	2.7970226784
147	0.1272583008	2.3189738016	3.1681079700
148	1.3770141602	5.8999043123	5.4682642106
149	0.3710327148	3.8210307699	4.0395615108
150	3.7698974609	6.6641442260	2.6263145234
151	3.0802917480	14.5472770286	3.8201892071
152	0.1576232910	2.6236807162	3.3311485321
153	2.6148986816	15.3934612835	5.0262243865
154	2.4474182129	14.4459310390	5.4620317175
155	1.1611022949	5.3058434721	5.2005409485
156	1.5003356934	6.3844776378	5.6174179759
157	3.1292114258	14.2246813507	3.7179174589
158	1.9593811035	9.6010901617	5.9962565956
159	0.8577880859	4.7797625461	4.8201124137
160	1.8374633789	8.5062481362	5.9454202733
161	3.1558227539	14.0354681179	3.6645037554
162	1.6465759277	7.1456482671	5.7813079965
163	2.7138061523	15.6233112534	4.7489835434
164	0.3489074707	3.7421558279	3.9870416216
165	2.9156799316	15.3592338031	4.2048823697
166	2.9118652344	15.3723775191	4.2145240965
167	3.0817871094	14.5379176512	3.8169826145
168	0.7474670410	4.6179254117	4.6747837897
169	0.6752929688	4.5071341459	4.5745085713
170	2.8179931641	15.6018190712	4.4607545078
171	3.5024414063	10.7400615897	3.0731352081
172	3.6889038086	8.1305215091	2.7743037611
173	0.4381713867	4.0256952275	4.1828744191
174	3.3100585938	12.7619514803	3.3820116706
175	2.7085571289	15.6173810994	4.7637267832
176	1.8070983887	8.2603029146	5.9250298713
177	1.2610473633	5.5476302693	5.3247611582
178	1.0633239746	5.1105044092	5.0789607621
179	2.2538146973	12.6676065358	5.8299392594
180	1.3742980957	5.8906090604	5.4649244464
181	0.1954956055	2.9357386609	3.5029528668
182	1.9557495117	9.5661742473	5.9955688041
183	0.7667236328	4.6464578783	4.7007274572
184	3.5861816406	9.6706541385	2.9425632885
185	0.8542480469	4.7745594859	4.8155535275
186	3.1657409668	13.9625621628	3.6449818073
187	3.8295288086	5.3807260332	2.5020540504
188	1.4720458984	6.2618041625	5.5837647393
189	0.6025390625	4.3846874644	4.4669360651
190	1.8948059082	9.0005540793	5.9760702099
191	3.4821472168	10.9794164824	3.1046457993
192	3.4299926758	11.5639636961	3.1862333577
193	0.3746032715	3.8331640262	4.0477617965
194	2.7151489258	15.6247170718	4.7452135849
195	0.3509826660	3.7498363527	3.9920982370
196	0.3869934082	3.8740742133	4.0756653985
197	1.1150817871	5.2095950533	5.1433353262
198	0.5423583984	4.2700515542	4.3710242038
199	1.4029541016	5.9914774678	5.5000752763
200	0.5841369629	4.3511706980	4.4383768298
201	0.8453369141	4.7614878294	4.8040530222
202	2.2330627441	12.4513232925	5.8574895602
203	1.3242797852	5.7288162399	5.4031909580
204	0.9868164063	4.9782159065	4.9835090730
205	3.3550109863	12.3351559277	3.3068171081
206	3.8075866699	5.8771871672	2.5497092539
207	1.5245361328	6.4953532183	5.6458281256
208	0.3196716309	3.6270732049	3.9126257261
209	1.5182189941	6.4658695527	5.6384494059
210	0.2976379395	3.5308869401	3.8521755835
211	0.7653503418	4.6444320808	4.6988868334
212	2.7270812988	15.6352279598	4.7117468803
213	0.2351684570	3.2018882382	3.6547788956
214	2.2188720703	12.3019783415	5.8748986235
215	2.4145507813	14.1859586531	5.5371906962
216	1.0580139160	5.1008205487	5.0723507902
217	2.9984741211	15.0076099742	4.0035631000
218	2.6686706543	15.5495053645	4.8758849853
219	1.3248291016	5.7305000784	5.4038708484
220	3.7763366699	6.5350713671	2.6136447231
221	1.0845031738	5.1499856818	5.1053122177
222	0.0486755371	1.1722406253	2.5796423519
223	3.3379211426	12.5004355575	3.3351021777
224	2.4959411621	14.7885314655	5.3435971655
225	2.3698730469	13.8005360598	5.6317658439
226	0.4125671387	3.9530918965	4.1307478918
227	2.4131774902	14.1746407707	5.5402325222
228	3.1409301758	14.1425181483	3.6942077875
229	3.7728576660	6.6050671512	2.6205098315
230	0.4386291504	4.0269394277	4.1837813033
231	3.3818054199	12.0683648272	3.2631305042
232	2.7306823730	15.6377030628	4.7016611842
233	1.3197021484	5.7148612948	5.3975239171
234	0.0274353027	0.7230913865	2.3557776149
235	3.3255615234	12.6176475236	3.3557837324
236	0.7901306152	4.6808300561	4.7318914194
237	3.8361511230	5.2246884822	2.4871628486
238	0.5245361328	4.2329759236	4.3410841937
239	1.5807189941	6.7751134199	5.7100736280
240	1.3847961426	5.9268404068	5.4778243758
241	0.2637634277	3.3641031944	3.7505058559
242	2.5680236816	15.1969845399	5.1547318417
243	2.3669738770	13.7743675809	5.6375772348
244	2.7810974121	15.6390445720	4.5615207388
245	1.6013793945	6.8862433547	5.7329627871
246	1.5612792969	6.6746699836	5.6881499804
247	0.0413513184	1.0264178075	2.5066669026
248	0.7312927246	4.5937041908	4.6527552026
249	1.4714050293	6.2591091945	5.5829974997
250	3.7706298828	6.6495679890	2.6248814109
251	0.9771118164	4.9624112802	4.9713539938
252	3.3838806152	12.0473042277	3.2597777676
253	3.3114318848	12.7492899187	3.3796749585
254	0.0479125977	1.1574590797	2.5722309495
255	3.0676879883	14.6248658731	3.8474209381
256	1.8185424805	8.3516871880	5.9330255115
257	3.1904296875	13.7755803616	3.5972673205
258	1.1782531738	5.3439432923	5.2218600670
259	0.8554992676	4.7763977758	4.8171654809
260	0.2064208984	3.0144813022	3.5472865401
261	2.2503051758	12.6312296730	5.8347723747
262	2.8526611328	15.5388357535	4.3679396272
263	1.2859497070	5.6160862870	5.3556801364
264	3.5952758789	9.5455836744	2.9281766539
265	2.7721862793	15.6432674482	4.5861151751
266	0.2655944824	3.3737749613	3.7563048370
267	2.0863342285	10.8898045731	5.9816643669
268	1.3195495605	5.7143984897	5.3973349772
269	2.8679504395	15.5027808710	4.3276695285
270	0.3377990723	3.6999816363	3.9594837593
271	1.7697143555	7.9728953519	5.8964890720
272	1.0356445313	5.0609097360	5.0444867624
273	0.7965393066	4.6902027029	4.7403592187
274	2.5638732910	15.1769102204	5.1659345702
275	1.2637329102	5.5548405170	5.3280968628
276	0.3819885254	3.8577673518	4.0644950836
277	2.9053955078	15.3940194823	4.2309466900
278	3.4848937988	10.9474311265	3.1003770060
279	2.1647033691	11.7252040560	5.9306291253
280	2.2642517090	12.7752482503	5.8151500113
281	3.1968994141	13.7252996610	3.5849662249
282	3.7860717773	6.3358742929	2.5941780060
283	2.6164245605	15.3989146083	5.0219908127
284	2.7653808594	15.6452177167	4.6049557686
285	1.5196533203	6.4725300020	5.6401271786
286	3.0194702148	14.8995263419	3.9550125915
287	0.8140258789	4.7157362260	4.7633352163
288	1.6809387207	7.3583924710	5.8161826885
289	1.3851013184	5.9279059671	5.4781990076
290	0.9516906738	4.9218539430	4.9394378880
291	3.1329650879	14.1985640691	3.7102904030
292	3.6791687012	8.2898640618	2.7909608806
293	1.4087524414	6.0126562898	5.5071622320
294	3.5363464355	10.3238177322	3.0205159731
295	3.8829345703	4.0282902810	2.3740470112
296	2.0861206055	10.8875500389	5.9817571525
297	2.3766174316	13.8608935360	5.6180883330
298	3.5119628906	10.6252951442	3.0583652097
299	1.6867065430	7.3954507521	5.8218540704
300	1.2958068848	5.6441997885	5.3679095161
301	2.9367065430	15.2817758358	4.1522994040
302	2.6243896484	15.4264099718	4.9998517190
303	2.4840698242	14.7095026859	5.3733190339
304	2.8054504395	15.6179940244	4.4948011598
305	0.9153442383	4.8656688072	4.8935648621
306	0.4747009277	4.1196699778	4.2527609584
307	0.1607055664	2.6516361538	3.3463175190
308	0.8755187988	4.8059331977	4.8428677038
309	3.2586059570	13.2195369967	3.4716010591
310	2.9916687012	15.0410751684	4.0195205890
311	0.8022155762	4.6984958062	4.7478375981
312	2.8150329590	15.6059587264	4.4687689789
313	3.5987243652	9.4976480675	2.9227034508
314	1.5294494629	6.5185535037	5.6515477249
315	1.5728454590	6.7339561673	5.7012368265
316	3.8915405273	3.7880383458	2.3515110484
317	3.4455261230	11.3942558570	3.1617998016
318	1.5903320313	6.8262523716	5.7207792819
319	0.2195129395	3.1031787038	3.5977905647
320	0.8663940430	4.7924400587	4.8311730340
321	0.0027465820	0.0812748640	2.0397597470
322	2.1722717285	11.8061673010	5.9238617602
323	2.2007141113	12.1095599682	5.8954732114
324	0.1549072266	2.5986278015	3.3175874090
325	0.6095275879	4.3971071906	4.4776233667
326	2.7416992188	15.6432822525	4.6708557944
327	2.4403381348	14.3917456716	5.4785928221
328	3.6114196777	9.3186876769	2.9024597578
329	0.8068237305	4.7052242994	4.7538942693
330	0.8309936523	4.7405067704	4.7854632157
331	0.7067260742	4.5563240880	4.6188343248
332	3.9395751953	2.3057142938	2.2133246005
333	3.0287475586	14.8494921618	3.9338888625
334	2.2612304688	12.7441750307	5.8194949963
335	2.6163635254	15.3986976230	5.0221602047
336	2.7273559570	15.6354280883	4.7109773760
337	0.9190063477	4.8712473800	4.8982019659
338	1.9899597168	9.9000235764	5.9997663659
339	3.2630004883	13.1817271937	3.4637851576
340	3.1073913574	14.3727009056	3.7628695859
341	0.2723083496	3.4085607255	3.7772547076
342	0.5835571289	4.3500944026	4.4374666879
343	3.4714355469	11.1029707683	3.1213128061
344	1.0419006348	5.0719322055	5.0522829672
345	2.6007690430	15.3401280572	5.0652964267
346	1.3152465820	5.7014096212	5.3920058888
347	1.6764526367	7.3298396306	5.8117336872
348	2.2330932617	12.4516433128	5.8574508665
349	1.3253479004	5.7320921974	5.4045129360
350	0.8873901367	4.8235818270	4.8580354448
351	1.4267578125	6.0801311000	5.5291044745
352	1.6580810547	7.2153575401	5.7931825871
353	2.5921325684	15.3050159415	5.0890489984
354	2.7795104980	15.6399344029	4.5658939922
355	2.5137939453	14.9012842969	5.2980837892
356	0.7293090820	4.5907143829	4.6500376127
357	3.7139892578	7.7045905908	2.7304147907
358	3.2206420898	13.5362819559	3.5405183473
359	1.7257690430	7.6568328633	5.8587082681
360	3.0793762207	14.5529912462	3.8221549636
361	1.2366638184	5.4839910098	5.2944647726
362	3.7871398926	6.3137128539	2.5920184271
363	3.2264404297	13.4890549013	3.5298250495
364	3.9715576172	1.1580338354	2.1069907757
365	3.6304321289	9.0430273344	2.8718226093
366	1.6253051758	7.0207303879	5.7588741415
367	3.5591735840	10.0311208420	2.9849564286
368	0.3346252441	3.6875927926	3.9514534490
369	1.6063842773	6.9138562765	5.7384383136
370	0.2990417480	3.5372830145	3.8561506918
371	2.2756347656	12.8916454417	5.7983143090
372	0.4232482910	3.9841190004	4.1528371436
373	2.0578308105	10.5909100044	5.9919063729
374	0.2625427246	3.3576104082	3.7466190963
375	2.1899414063	11.9948675696	5.9067762267
376	1.1030273438	5.1857100339	5.1283484247
377	2.6268310547	15.4345110877	4.9930532229
378	3.9578552246	1.6678474569	2.1541770131
379	0.2573547363	3.3296075332	3.7299115279
380	3.7606811523	6.8453153019	2.6441782592
381	0.8954467773	4.8356291991	4.8683009544
382	2.5376586914	15.0402436226	5.2358599976
383	2.0783081055	10.8052365704	5.9849826774
384	0.8392333984	4.7525523877	4.7961547233
385	1.2021484375	5.3992347884	5.2515634780
386	0.2128295898	3.0586380516	3.5723506962
387	1.0272827148	5.0463387797	5.0340616439
388	2.9980773926	15.0095821980	4.0044903955
389	3.0834350586	14.5275657354	3.8134547659
390	2.2251281738	12.3679453394	5.8673672813
391	0.0067749023	0.1965483433	2.0962417616
392	1.8982238770	9.0312137723	5.9775408311
393	3.3399353027	12.4811506820	3.3317502150
394	1.4448547363	6.1506269859	5.5510467202
395	3.8260192871	5.4622148825	2.5098463266
396	2.6124572754	15.3846116698	5.0329926855
397	0.7280273438	4.5887800692	4.6482797103
398	2.5935058594	15.3107262615	5.0852792473
399	0.2050781250	3.0050434827	3.5419488994
400	0.6604309082	4.4832134355	4.5531428703
401	2.2762451172	12.8978549662	5.7973909005
402	1.0914611816	5.1632691679	5.1139660391
403	2.4037475586	14.0959817912	5.5608961278
404	3.6688537598	8.4552930159	2.8084067652
405	3.2265319824	13.4883058725	3.5296567050
406	3.5305480957	10.3965233511	3.0295242072
407	1.4753112793	6.2755926426	5.5876708595
408	0.6566467285	4.4770447979	4.5476572441
409	1.6007690430	6.8828945480	5.7322931244
410	0.7717895508	4.6539206771	4.7075051829
411	0.1455688477	2.5093648860	3.2695106855
412	3.9450683594	2.1188151162	2.1959792277
413	3.3921508789	11.9627927378	3.2464565696
414	2.6680908203	15.5482192285	4.8775145495
415	3.3167419434	12.7001105296	3.3706644246
416	1.6930236816	7.4364887711	5.8280010422
417	3.3816223145	12.0702203333	3.2634265341
418	0.4117126465	3.9505617267	4.1289584577
419	1.1962890625	5.3854302188	5.2442798674
420	2.0569152832	10.5813807939	5.9921648709
421	3.5791931152	9.7654716443	2.9535764398
422	3.5071411133	10.6836156882	3.0658445872
423	3.0509338379	14.7243525351	3.8841900385
424	1.9761352539	9.7638095823	5.9986925092
425	1.2904663086	5.6288947078	5.3612844822
426	1.3686218262	5.8713580526	5.4579398570
427	3.5854492188	9.6806434735	2.9437191489
428	3.5830078125	9.7138527086	2.9475691837
429	1.8079223633	8.2668294684	5.9256176983
430	1.5428466797	6.5830231248	5.6670524775
431	2.9466857910	15.2421061959	4.1276829754
432	3.2379760742	13.3938618884	3.5087336163
433	3.7274780273	7.4657592764	2.7061654599
434	0.5566406250	4.2986406026	4.3944722013
435	2.3524169922	13.6410188029	5.6661266593
436	0.1898803711	2.8934665618	3.4793324353
437	2.8897094727	15.4430467289	4.2711237233
438	3.3895263672	11.9897125298	3.2506770833
439	1.3451538086	5.7942224603	5.4290006038
440	1.8609008789	8.7036402193	5.9592606868
441	1.9463806152	9.4766988491	5.9935375522
442	3.5715026855	9.8685487096	2.9656580578
443	0.6712341309	4.5006479730	4.5687011631
444	1.7569580078	7.8787284324	5.8859631545
445	2.5518188477	15.1161724067	5.1982753129
446	0.9055786133	4.8508709489	4.8811804714
447	1.7846374512	8.0855786234	5.9083088598
448	1.0026550293	5.0044329185	5.0033183506
449	3.1793212891	13.8606747237	3.6185826192
450	2.8155517578	15.6052475429	4.4673634303
451	1.9758605957	9.7611208376	5.9986624953
452	1.5015563965	6.3899371371	5.6188599474
453	3.5625915527	9.9863756667	2.9796142182
454	3.3186035156	12.6827860540	3.3675147629
455	3.1258239746	14.2480872252	3.7248269197
456	3.7213439941	7.5752593828	2.7172537126
457	3.7620849609	6.8179847501	2.6414771979
458	3.6228637695	9.1538931875	2.8840687341
459	3.0848693848	14.5185238068	3.8103893012
460	2.1038818359	11.0756097214	5.9732000782
461	2.8564453125	15.5303748295	4.3579327897
462	2.3502502441	13.6208997042	5.6702850979
463	0.6765441895	4.5091268886	4.5762947592
464	0.1004943848	1.9974393372	2.9997966796
465	0.2588806152	3.3379130846	3.7348576049
466	2.3840332031	13.9264017423	5.6027969232
467	2.3266601563	13.3976122830	5.7139927476
468	0.8320312500	4.7420227423	4.7868114273
469	0.6586914063	4.4803819532	4.5506236094
470	2.3414611816	13.5386000401	5.6869070762
471	0.3170166016	3.6159414684	3.9055533563
472	1.3740539551	5.8897761977	5.4646241678
473	2.5874633789	15.2852420560	5.1018448541
474	0.6713867188	4.5008924287	4.5689198547
475	0.6644287109	4.4896949549	4.5589177451
476	1.6669921875	7.2703973834	5.8022458875
477	1.6107482910	6.9381564513	5.7431894430
478	0.3771362305	3.8416763513	4.0535351355
479	2.6246032715	15.4271249397	4.9992570754
480	3.0513305664	14.7220457115	3.8833118125
481	2.1441345215	11.5050550500	5.9473630513
482	3.3638610840	12.2480810365	3.2923027134
483	1.8210754395	8.3721280947	5.9347453410
484	2.4276733398	14.2923009035	5.5077170583
485	0.8949890137	4.8349430399	4.8677182708
486	1.4114685059	6.0226681686	5.5104785860
487	2.9990234375	15.0048748606	4.0022797583
488	3.0419921875	14.7757055670	3.9040814156
489	2.9286499023	15.3124474360	4.1723337234
490	3.7720336914	6.6215553684	2.6221289250
491	3.4043273926	11.8366593611	3.2269548792
492	3.8957824707	3.6670335223	2.3401784493
493	0.3598632813	3.7820294564	4.0134256382
494	2.3927001953	14.0017887484	5.5845967148
495	1.7872619629	8.1056773197	5.9103303826
496	3.7811584473	6.4370314679	2.6040509921
497	1.6693115234	7.2848738123	5.8045849422
498	2.7631225586	15.6456193815	4.6112182135
499	3.0316162109	14.8337441753	3.9273980114
500	2.9410400391	15.2647757859	4.1415825173
501	2.6448059082	15.4894331237	4.9428457302
502	3.3882446289	12.0028253167	3.2527405640
503	0.4084777832	3.9409170367	4.1221534496
504	2.3542785645	13.6582493596	5.6625349106
505	2.9479370117	15.2370027559	4.1246121725
506	3.8859558105	3.9447306474	2.3662034390
507	0.4551696777	4.0707230568	4.2160024068
508	3.6459350586	8.8110416177	2.8465038724
509	1.3052673340	5.6717439555	5.3796401451
510	3.7096862793	7.7792923577	2.7380500110
511	0.4791870117	4.1305214302	4.2610202685
512	3.6222534180	9.1627678027	2.8850533145
513	2.3248596191	13.3802655857	5.7172090005
514	2.4960937500	14.7895264020	5.3432122266
515	2.6870117188	15.5857466944	4.8243080731
516	1.4309692383	6.0962933968	5.5342213927
517	0.9376831055	4.8999737947	4.9217963872
518	1.0376892090	5.0645006419	5.0470351128
519	2.9381408691	15.2761877546	4.1487476633
520	2.3463439941	13.5844573264	5.6777215690
521	0.4639282227	4.0930246839	4.2326514077
522	2.8806152344	15.4691983292	4.2946446944
523	0.1239013672	2.2816496075	3.1483937617
524	2.1794128418	11.8824970292	5.9171738824
525	1.3045654297	5.6696811584	5.3787700525
526	3.5470886230	10.1873854699	3.0038045007
527	0.1713562012	2.7445170353	3.3970083956
528	0.3131713867	3.5996039395	3.8952109947
529	3.2575378418	13.2286910617	3.4735056512
530	0.3833312988	3.8621709465	4.0675052283
531	3.6723327637	8.3998799045	2.8025450046
532	2.3625488281	13.7341729911	5.6463674956
533	1.4594116211	6.2093452644	5.5686032132
534	3.0318908691	14.8322295785	3.9267775584
535	1.1371154785	5.2546368326	5.1707251074
536	2.4598083496	14.5382563373	5.4325863279
537	3.9515380859	1.8934967008	2.1750851630
538	1.5296325684	6.5194226794	5.6517605414
539	1.8735961914	8.8132627849	5.9660161765
540	0.1644592285	2.6850162998	3.3644822847
541	1.8717041016	8.7968057886	5.9650435689
542	0.0301818848	0.7859013800	2.3869297117
543	3.4909667969	10.8762586654	3.0909437544
544	2.9986572266	15.0066988297	4.0031352412
545	2.2703247070	12.8374843808	5.8062592494
546	3.1516418457	14.0658161057	3.6727950561
547	3.0287780762	14.8493253146	3.9338197094
548	2.6071472168	15.3648360081	5.0476896614
549	1.5520019531	6.6281118407	5.6775669358
550	0.9492492676	4.9180180441	4.9363661793
551	3.7107238770	7.7613433253	2.7362131614
552	3.5425720215	10.2450271873	3.0108350175
553	3.5418395996	10.2543362402	3.0119745066
554	2.5130004883	14.8964310535	5.3001263459
555	1.3236694336	5.7269476389	5.4024354846
556	0.6755065918	4.5074745929	4.5748136649
557	3.1768493652	13.8793967479	3.6233597358
558	0.1904296875	2.8976580698	3.4816691697
559	2.2214660645	12.3293533877	5.8718033788
560	0.2297363281	3.1684957176	3.6354020037
561	1.8224487305	8.3832429474	5.9356700882
562	0.4341125488	4.0145838348	4.1747963372
563	0.9538879395	4.9253146502	4.9422013737
564	0.4423217773	4.0369105129	4.1910663113
565	0.2137756348	3.0650347842	3.5759943161
566	0.2743225098	3.4187936444	3.7834459459
567	1.5205383301	6.4766495583	5.6411616995
568	0.8487854004	4.7665423641	4.8085078357
569	0.0221557617	0.5979435932	2.2938397209
570	1.4169006348	6.0428682594	5.5171046515
571	2.2497558594	12.6255280449	5.8355224729
572	3.1932678223	13.7535882931	3.5918609096
573	1.0464172363	5.0799560701	5.0579097038
574	3.9656066895	1.3829805421	2.1278028075
575	1.3025512695	5.6637790037	5.3762730394
576	2.9637145996	15.1702116837	4.0861928321
577	2.0293884277	10.2973142785	5.9979459435
578	2.7700195313	15.6440086497	4.5921085120
579	0.8014221191	4.6973369339	4.7467934302
580	1.5519409180	6.6278084438	5.6774970675
581	2.0993041992	11.0270298633	5.9755694942
582	0.3980407715	3.9090657536	4.0998574149
583	3.5843505859	9.6956044511	2.9454521991
584	2.0388793945	10.3946969190	5.9963836212
585	3.8361206055	5.2254144841	2.4872320461
586	1.7337036133	7.7121646758	5.8658368758
587	2.5837402344	15.2690779733	5.1120236452
588	0.6047363281	4.3886098982	4.4703053557
589	2.9630432129	15.1731449904	4.0878162014
590	2.1996459961	12.0982035542	5.8966239447
591	1.8301391602	8.4459067420	5.9407474213
592	1.5640869141	6.6889339832	5.6913379234
593	3.6628417969	8.5501536630	2.8184850309
594	3.6049194336	9.4108137639	2.9128442512
595	1.0813598633	5.1440367139	5.1014023354
596	1.0260314941	5.0441739621	5.0325011683
597	0.5192871094	4.2217385708	4.3321131243
598	0.6175231934	4.4111223916	4.4897494564
599	2.0762939453	10.7840605360	5.9857615260
600	1.1794738770	5.3467043894	5.2233774665
601	2.0835876465	10.8608326837	5.9828386682
602	3.8621520996	4.5813612411	2.4261313739
603	3.4137268066	11.7378803533	3.2119848593
604	0.2030944824	2.9909804978	3.5340078214
605	1.0656738281	5.1148165963	5.0818854144
606	0.6428527832	4.4542680483	4.5274961730
607	0.0564575195	1.3179054329	2.6528600779
608	1.8006286621	8.2093443631	5.9203502291
609	2.1508483887	11.5769090973	5.9421664205
610	0.2906188965	3.4983259118	3.8320318382
611	1.4600219727	6.2118472599	5.5693373455
612	3.3610229492	12.2761163272	3.2969478349
613	0.4408569336	4.0329689122	4.1881828597
614	3.1360778809	14.1767621195	3.7039888477
615	0.3266296387	3.6556843155	3.9309007898
616	0.7434997559	4.6120086271	4.6694014813
617	2.5206298828	14.9424803584	5.2804138843
618	3.1071777344	14.3741176083	3.7633149235
619	3.9841613770	0.6625459835	2.0611859868
620	2.6878051758	15.5871206936	4.8220761577
621	0.1495056152	2.5475995894	3.2900588088
622	2.9517211914	15.2213938202	4.1153462382
623	3.3899536133	11.9853366355	3.2499895935
624	2.8493957520	15.5458896722	4.3765951164
625	2.5775756836	15.2415428565	5.1288268894
626	3.0852050781	14.5164033273	3.8096725329
627	3.7598571777	6.8613134962	2.6457604068
628	0.4594116211	4.0815976635	4.2241002716
629	3.4872741699	10.9196084531	3.0966787060
630	2.0633850098	10.6488227669	5.9902451498
631	3.8219604492	5.5554444685	2.5187749941
632	3.6100463867	9.3382386807	2.9046572020
633	3.5596618652	10.0247437051	2.9841935947
634	0.6799011230	4.5144579220	4.5810776431
635	1.6956176758	7.4534769728	5.8305051849
636	3.1646118164	13.9709266851	3.6471939317
637	2.6658935547	15.5432671885	4.8836888726
638	0.6889343262	4.5286964262	4.5938820077
639	3.3953247070	11.9301127911	3.2413609999
640	2.2926025391	13.0629713168	5.7718654698
641	3.6835327148	8.2188284556	2.7835178531
642	0.1529846191	2.5806512803	3.3078754519
643	3.9596557617	1.6024765114	2.1481227287
644	3.6300964355	9.0479772845	2.8723672887
645	2.9380493164	15.2765455866	4.1489742343
646	1.4153137207	6.0369426933	5.5151698811
647	1.2051086426	5.4062714789	5.2552431976
648	0.0645751953	1.4605613942	2.7249088996
649	2.2692260742	12.8262483238	5.8078831243
650	2.6978149414	15.6030791900	4.7939227263
651	1.1050109863	5.1896050522	5.1308147832
652	3.1454467773	14.1103616123	3.6851490775
653	3.7225036621	7.5546732963	2.7151653634
654	1.3235473633	5.7265742128	5.4022843849
655	3.7935180664	6.1800816883	2.5790212626
656	0.1188659668	2.2241401322	3.1181146903
657	1.8654174805	8.7424249672	5.9617255300
658	2.5644531250	15.1797406079	5.1643714928
659	0.1944274902	2.9277948452	3.4985048305
660	1.5881347656	6.8144767357	5.7183405993
661	3.7290039063	7.4382842640	2.7033908571
662	3.1139221191	14.3290845291	3.7493043480
663	0.2751159668	3.4227996248	3.7858732881
664	0.7987365723	4.6934137280	4.7432564495
665	1.3742065430	5.8902966855	5.4648118434
666	2.1845703125	11.9375712025	5.9121606382
667	3.9254760742	2.7679137804	2.2562823622
668	1.5485229492	6.6108784841	5.6735794996
669	3.0833129883	14.5283338903	3.8137158743
670	2.2308044434	12.4276272956	5.8603379649
671	2.4617004395	14.5520703443	5.4280392748
672	2.7228698730	15.6319241665	4.7235509316
673	0.1762695313	2.7855177775	3.4195363910
674	2.2964782715	13.1017062453	5.7655991082
675	0.7554321289	4.6297623132	4.6855504980
676	1.4548645020	6.1908073874	5.5631287564
677	0.4521789551	4.0629713336	4.2102534728
678	0.9876403809	4.9795666137	4.9845404579
679	3.9873657227	0.5322271029	2.0491461312
680	2.9103698730	15.3774525327	4.2183120622
681	2.2557067871	12.6871816132	5.8273043228
682	0.0701293945	1.5531324368	2.7718609225
683	3.0263671875	14.8624607491	3.9392895284
684	2.6983032227	15.6037925921	4.7925496685
685	2.1684265137	11.7650395025	5.9273411930
686	2.6921386719	15.5943420810	4.8098867922
687	2.4333801270	14.3375056931	5.4946743716
688	0.9057006836	4.8510552499	4.8813354508
689	0.3252563477	3.6501007281	3.9273231236
690	0.2320861816	3.1830493300	3.6438343578
691	2.0901489258	10.9300962566	5.9799661620
692	0.7579040527	4.6334252551	4.6888814973
693	3.3558654785	12.3267931582	3.3054118796
694	1.7710876465	7.9831513574	5.8975994365
695	1.4533691406	6.1847501745	5.5613264736
696	3.9036865234	3.4368219771	2.3186483342
697	3.9510803223	1.9096284457	2.1765805077
698	3.1906433105	13.7739285878	3.5968598306
699	1.4333801270	6.1056116244	5.5371478346
700	1.3255310059	5.7326545459	5.4047395478
701	0.0543212891	1.2788221021	2.6331816848
702	2.8953552246	15.4259677470	4.2566051419
703	2.8981933594	15.4171402751	4.2493310971
704	3.8746032715	4.2544603016	2.3953090523
705	1.6778869629	7.3389431100	5.8131597177
706	3.1606140137	14.0004087126	3.6550474184
707	2.8023986816	15.6213859803	4.5031191358
708	2.4310607910	14.3192111107	5.4999912965
709	2.3446044922	13.5681590700	5.6810079803
710	2.1050720215	11.0882518309	5.9725652443
711	0.9409790039	4.9050946774	4.9259512534
712	2.6890869141	15.5893063633	4.8184707756
713	2.1539306641	11.6099018172	5.9396946982
714	0.2885437012	3.4885096715	3.8259887616
715	1.3283386230	5.7413050104	5.4082137795
716	3.5671386719	9.9264648405	2.9724981272
717	1.4736022949	6.2683643451	5.5856271949
718	1.9344177246	9.3637405745	5.9904164261
719	2.2021179199	12.1244798868	5.8939507595
720	3.2431335449	13.3507712949	3.4993809922
721	3.2558898926	13.2427869970	3.4764479451
722	3.7775573730	6.5103649354	2.6112246888
723	1.6521301270	7.1791115766	5.7870643253
724	2.8144226074	15.6067876069	4.4704230792
725	3.9791564941	0.8625016203	2.0796650035
726	2.5367736816	15.0353352846	5.2381934771
727	3.8742675781	4.2634455284	2.3961547551
728	1.5831604004	6.7880080936	5.7128013863
729	2.2140808105	12.2513346854	5.8805132041
730	2.0125122070	10.1257616558	5.9996316786
731	3.0494079590	14.7332025706	3.8875712545
732	3.9663696289	1.3544505682	2.1251625496
733	1.8151855469	8.3247165028	5.9307181077
734	0.8096008301	4.7092780295	4.7575382083
735	2.8473510742	15.5501895597	4.3820244897
736	3.0310058594	14.8371056903	3.9287774286
737	2.7372436523	15.6413866325	4.6833047909
738	1.6848144531	7.3832508912	5.8199997403
739	1.5556335449	6.6462321596	5.6817184474
740	0.6543273926	4.4732475140	4.5442856337
741	0.4765930176	4.1242639086	4.2562525394
742	2.5195312500	14.9359343068	5.2832623373
743	2.8335266113	15.5768742999	4.4189220554
744	0.3088684082	3.5810121375	3.8834945405
745	2.1376647949	11.4358438944	5.9521286395
746	2.9175109863	15.3528245641	4.2002653396
747	3.0909729004	14.4797168500	3.7973974140
748	2.4726257324	14.6303293129	5.4015312247
749	1.1242980957	5.2282122399	5.1547924314
750	3.4273681641	11.5922845358	3.1903761174
751	2.4923095703	14.7646949666	5.3527372222
752	0.6643066406	4.4894975729	4.5587417196
753	3.4561767578	11.2757856412	3.1451216306
754	1.3903503418	5.9463438118	5.4846392532
755	3.5853881836	9.6814753631	2.9438154527
756	1.1033935547	5.1864280785	5.1288037578
757	0.7102050781	4.5616677940	4.6236742114
758	1.4129943848	6.0283185386	5.5123407464
759	1.5553894043	6.6450097739	5.6814397052
760	0.9953308105	4.9922420387	4.9941621255
761	0.5870361328	4.3565330640	4.4429178905
762	0.4646911621	4.0949397424	4.2340887399
763	1.1036682129	5.1869669192	5.1291452560
764	0.4416809082	4.0351882947	4.1898058424
765	3.1023254395	14.4061254040	3.7734581099
766	1.6004638672	6.8812216592	5.7319581385
767	2.9517517090	15.2212668810	4.1152716438
768	2.9753112793	15.1182879291	4.0583155070
769	0.4031372070	3.9247610093	4.1108105749
770	2.3085327148	13.2211527969	5.7455807388
771	3.9702148438	1.2092789865	2.1117309327
772	1.7204589844	7.6202277363	5.8538669401
773	3.2095336914	13.6255931300	3.5611799217
774	0.4829711914	4.1395670756	4.2679364508
775	0.9326171875	4.8921340775	4.9154052247
776	1.1779785156	5.3433229652	5.2215186525
777	3.8807983398	4.0868715579	2.3795496155
778	3.0214843750	14.8887806104	3.9504093764
779	2.8943481445	15.4290612847	4.2591902075
780	0.6354980469	4.4419252744	4.5166361597
781	0.1069030762	2.0796964973	3.0425467087
782	3.0478820801	14.7420170392	3.8909579065
783	2.1965637207	12.0654122104	5.8999075521
784	0.2024841309	2.9866241652	3.5315508600
785	2.2248840332	12.3653746149	5.8676654365
786	1.7598876953	7.9001796688	5.8884139459
787	2.0950622559	10.9820780313	5.9776631483
788	0.4705505371	4.1095040681	4.2450601976
789	1.1603698730	5.3042447048	5.1996305370
790	2.9016723633	15.4061002511	4.2404370912
791	3.0143127441	14.9267436982	3.9668429418
792	2.7984313965	15.6254748076	4.5139516399
793	3.9938049316	0.2647261616	2.0244403285
794	3.8616027832	4.5954890110	2.4274660567
795	0.4261779785	3.9924401980	4.1588080260
796	2.2222290039	12.3373987970	5.8708855954
797	1.1519775391	5.2860862991	5.1891987899
798	0.3948974609	3.8992467324	4.0930375797
799	2.3539733887	13.6554281743	5.6631249227
800	2.9906616211	15.0459610909	4.0218911663
801	2.2243957520	12.3602322646	5.8682607120
802	2.9712219238	15.1368679182	4.0681107429
803	2.5012512207	14.8228407228	5.3301591389
804	0.7250671387	4.5843052195	4.6442139648
805	2.4047241211	14.1042032745	5.5587745050
806	1.7473754883	7.8092954815	5.8778120848
807	2.0057983398	10.0581222296	5.9999212493
808	0.2045898438	3.0015952480	3.5400003896
809	0.5571289063	4.2996014202	4.3952657230
810	1.1649475098	5.3142744695	5.2053206250
811	1.8185424805	8.3516871880	5.9330255115
812	3.7763977051	6.5338378635	2.6135238610
813	0.9077148438	4.8540986081	4.8838919613
814	1.1729736328	5.3320780073	5.2152973511
815	2.7074279785	15.6160148014	4.7668994457
816	1.3908691406	5.9481775166	5.4852754309
817	2.3609008789	13.7191268157	5.6496163208
818	0.0756225586	1.6409401192	2.8165531889
819	1.8862304688	8.9242109593	5.9721955230
820	0.2615661621	3.3523900606	3.7434976160
821	2.4409484863	14.3964570724	5.4771729116
822	2.0047607422	10.0477011641	5.9999469484
823	2.2686462402	12.8203140783	5.8087374128
824	2.1506042480	11.5742958932	5.9423598845
825	2.8581542969	15.5264534661	4.3534220500
826	1.0177001953	5.0298594915	5.0221069852
827	3.3470764160	12.4123594020	3.3199060519
828	3.2787170410	13.0445639767	3.4360919385
829	3.7005004883	7.9364506285	2.7541970781
830	1.8198852539	8.3625136650	5.9339395128
831	2.6965942383	15.6012692454	4.7973555276
832	1.8603210449	8.6986784242	5.9589394051
833	0.2498779297	3.2880500492	3.7052780265
834	3.1123657227	14.3395326950	3.7525285227
835	1.1037597656	5.1871465913	5.1292590885
836	2.2639160156	12.7717992560	5.8156353524
837	1.4235229492	6.0678153720	5.5251699689
838	3.5646667480	9.9590885025	2.9763679351
839	1.3206481934	5.7177340753	5.3986952903
840	1.7969055176	8.1802501835	5.9176063349
841	1.8405151367	8.5315801749	5.9473195010
842	2.4123229980	14.1675807477	5.5421210719
843	0.4436645508	4.0405077685	4.1937020677
844	1.1160888672	5.2116141489	5.1445873046
845	1.5130615234	6.4420838821	5.6324051481
846	1.6795654297	7.3496267352	5.8148242356
847	3.9174804688	3.0194747953	2.2797064256
848	1.2626037598	5.5518039619	5.3266943827
849	3.1630249023	13.9826543058	3.6503073513
850	0.0270080566	0.7131827143	2.3508673157
851	0.1639099121	2.6801761991	3.3618448101
852	2.3221435547	13.3540211707	5.7220280034
853	3.1632690430	13.9808521822	3.6498280218
854	0.2242126465	3.1336164362	3.6152709998
855	0.8359375000	4.7477320820	4.7918821717
856	1.7101135254	7.5498851409	5.8442772894
857	1.1039733887	5.1875659404	5.1295246969
858	1.2474670410	5.5117863973	5.3078895517
859	2.6964416504	15.6010403457	4.7977846427
860	2.0817871094	10.8418579576	5.9835865726
861	1.9842529297	9.8435869190	5.9994275274
862	1.0023193359	5.0038715618	5.0028988368
863	3.1222229004	14.2727983638	3.7321998118
864	2.8674926758	15.5039321247	4.3288689339
865	2.0283813477	10.2870180187	5.9980855258
866	3.6713867188	8.4149865026	2.8041411968
867	0.2329101563	3.1881131490	3.6467729294
868	2.4326477051	14.3317399643	5.4963557766
869	0.1272277832	2.3186380563	3.1679304065
870	0.6867980957	4.5253428589	4.5908624779
871	0.6447753906	4.4574711628	4.5303221847
872	1.8631591797	8.7230027175	5.9605015016
873	3.9047241211	3.4061305312	2.3157807891
874	2.3280639648	13.4111081299	5.7114732310
875	3.8497619629	4.8942513455	2.4557468009
876	2.3752746582	13.8489351899	5.6208290076
877	1.4092712402	6.0145641529	5.5077958600
878	0.9446411133	4.9108039600	4.9305648794
879	0.2192993164	3.1017781158	3.5969881055
880	3.3509521484	12.3747499753	3.3135034148
881	3.4301147461	11.5626439929	3.1860407795
882	3.8035278320	5.9657549266	2.5582600258
883	3.6332397461	9.0015079875	2.8672614432
884	3.9980163574	0.0855717429	2.0078993380
885	1.4386596680	6.1261862347	5.5435489856
886	0.5620117188	4.3091515274	4.4031723635
887	3.7337646484	7.3519459617	2.6946910444
888	1.6351318359	7.0778058953	5.7693126620
889	1.1550903320	5.2927871266	5.1930680109
890	0.3653259277	3.8013054591	4.0263011418
891	2.8042907715	15.6193081765	4.4979604630
892	0.6022033691	4.3840867647	4.4664205692
893	0.7395324707	4.6060766883	4.6640057713
894	2.5692138672	15.2026615673	5.1515132099
895	0.2734069824	3.4141537241	3.7806370175
896	1.7953186035	8.1679007316	5.9164256633
897	1.6087341309	6.9269150897	5.7409993423
898	1.0877380371	5.1561414885	5.1093356584
899	0.8436889648	4.7590739973	4.8019222227
900	0.8270263672	4.7347122509	4.7803031813
901	0.8771362305	4.8083311537	4.8449373120
902	3.3657226563	12.2296349842	3.2892606833
903	3.2457275391	13.3289747825	3.4946947246
904	3.8114929199	5.7910158648	2.5414049888
905	0.4236450195	3.9852504981	4.1536478717
906	3.9766540527	0.9608795419	2.0887593544
907	3.6169128418	9.2400065367	2.8936501260
908	0.7745971680	4.6580502753	4.7112534337
909	2.5827026367	15.2645106296	5.1148563632
910	0.8450927734	4.7611301615	4.8037374285
911	1.5054626465	6.4075016540	5.6234681555
912	3.6890869141	8.1274937167	2.7739885776
913	0.4609375000	4.0854754604	4.2269972838
914	0.0945739746	1.9181774072	2.9587822014
915	3.4992675781	10.7779612261	3.0780595349
916	2.1348266602	11.4054963351	5.9541445083
917	3.8784790039	4.1500107261	2.3854838685
918	2.5200805664	14.9392109215	5.2818385194
919	3.4797058105	11.0077427244	3.1084417844
920	0.5838928223	4.3507176773	4.4379936910
921	1.9352722168	9.3717601592	5.9906586557
922	0.6857299805	4.5236629597	4.5893507514
923	2.5007629395	14.8197129610	5.3313984134
924	3.3106384277	12.7566083535	3.3810247353
925	3.2026977539	13.6797890038	3.5740114377
926	2.6475219727	15.4970086532	4.9352391315
927	1.2927246094	5.6353452985	5.3640861628
928	2.9270629883	15.3183444237	4.1762966163
929	0.5397644043	4.2647550372	4.3667147666
930	1.3008728027	5.6588799326	5.3741919457
931	0.3912353516	3.8876706280	4.0850289129
932	0.5427551270	4.2708587147	4.3716818878
933	0.5346679688	4.2542518352	4.3582009033
934	1.3534240723	5.8209610053	5.4392094898
935	2.8910827637	15.4389515409	4.2675862451
936	3.5501708984	10.1478137511	2.9990027099
937	2.5710754395	15.2114697613	5.1464736171
938	3.9224853516	2.8628709208	2.2651203574
939	3.8252258301	5.4805250913	2.5115987388
940	1.0348205566	5.0594657937	5.0434597235
941	3.5196533203	10.5314069104	3.0464349285
942	0.7579345703	4.6334704471	4.6889225906
943	2.1685791016	11.7666718491	5.9272047417
944	2.8102416992	15.6122380188	4.4817684417
945	1.0543823242	5.0942452754	5.0678293068
946	3.0896606445	14.4881053880	3.8001834870
947	3.4670715332	11.1527735327	3.1281131854
948	0.0783386230	1.6830474423	2.8380419211
949	1.5939941406	6.8459932980	5.7248325194
950	3.1003723145	14.4189159381	3.7775558923
951	2.0913696289	10.9430021495	5.9794061733
952	1.7145385742	7.5798153842	5.8484041164
953	1.8684082031	8.7682380441	5.9633205052
954	3.0231323242	14.8799402422	3.9466501808
955	2.1159057617	11.2035212279	5.9664280754
956	1.1777954102	5.3429096011	5.2212910430
957	2.1100158691	11.1408121142	5.9698449383
958	0.8641357422	4.7891091130	4.8282735773
959	3.8227539063	5.5373036420	2.5170364619
960	2.0458984375	10.4671057192	5.9949382258
961	3.8703002930	4.3689025469	2.4060865896
962	3.7502746582	7.0450392150	2.6639878011
963	0.8305664063	4.7398826094	4.7849079100
964	2.1754760742	11.8404269773	5.9208971709
965	0.4610595703	4.0857849168	4.2272286853
966	1.9018249512	9.0636572939	5.9790440942
967	2.8484191895	15.5479546190	4.3791873347
968	1.4873962402	6.3274593804	5.6020795264
969	1.0208435059	5.0352399642	5.0260293779
970	1.2300720215	5.4673354061	5.2862723422
971	3.0547180176	14.7022515636	3.8758280625
972	0.3766174316	3.8399392181	4.0523555844
973	0.2064514160	3.0146950375	3.5474074979
974	1.5600891113	6.6686477873	5.6867964582
975	0.1011962891	2.0066240740	3.0045604888
976	3.7475585938	7.0963507345	2.6690980894
977	2.5092468262	14.8732708574	5.3097649454
978	1.4782409668	6.2880450151	5.5911708602
979	3.7417297363	7.2053621181	2.6799848616
980	3.6742553711	8.3690910020	2.7992959801
981	3.1966247559	13.7274449455	3.5854867652
982	2.8048400879	15.6186895314	4.4964637162
983	2.0863037109	10.8894824849	5.9816776370
984	1.6853332520	7.3865918150	5.8205087846
985	1.8782958984	8.8543190096	5.9683792286
986	0.6920166016	4.5335207770	4.5982296376
987	2.4797973633	14.6802842354	5.3839034332
988	1.6744079590	7.3169039592	5.8096951064
989	1.6978759766	7.4683317356	5.8326756342
990	1.3460693359	5.7971590298	5.4301312538
991	1.0061035156	5.0102143711	5.0076271214
992	0.4350280762	4.0171027235	4.1766243128
993	3.1492004395	14.0834313996	3.6776538562
994	0.3753662109	3.8357362119	4.0495045625
995	0.6168212891	4.4099000977	4.4886891798
996	3.8209533691	5.5784107486	2.5209768011
997	1.5177001953	6.4634653423	5.6378422083
998	3.7628784180	6.8024953876	2.6399473960
999	2.8853149414	15.4558943443	4.2824690562
1000	1.5313110352	6.5274054745	5.6537102170
