0	2.3005676270	20.5445323638	6.4487986848
1	0.6289367676	4.7813954237	4.8106177985
2	3.3837585449	9.8034382092	3.8142086704
3	0.2529296875	4.2610694763	4.4399261914
4	1.6659240723	6.3536672318	5.4790773005
5	3.8880310059	4.1601197336	3.0086868213
6	0.1574096680	3.8322726542	4.1800776170
7	1.5192565918	5.7632146010	5.3319542132
8	2.7483215332	21.7154819825	4.4541539885
9	1.3772277832	5.4218813234	5.2194697304
10	3.4913024902	8.8264298648	3.7557079052
11	2.7334594727	22.2001296952	4.5051259822
12	3.0113220215	14.7766282677	3.9908356492
13	1.8387451172	7.6422293264	5.7108966464
14	3.1986999512	11.8213337400	3.8892855202
15	0.4098510742	4.5792739025	4.6510677805
16	0.8414611816	4.9052315902	4.9220079553
17	2.5716857910	26.6869083625	5.3074791072
18	2.3536376953	23.0092183496	6.3815988572
19	0.6605224609	4.8017489032	4.8285768807
20	2.2552490234	18.4136763069	6.4456028120
21	0.7950439453	4.8795635635	4.8990077540
22	2.5606384277	26.8452307247	5.3754671896
23	3.6210632324	7.6770135727	3.6467599428
24	1.7312622070	6.7416474613	5.5581275146
25	1.1362915039	5.1054581213	5.0707591630
26	1.3490905762	5.3716157061	5.1998160369
27	3.0014953613	14.9701467457	3.9987586940
28	0.1671142578	3.8927863378	4.2159611455
29	0.2443847656	4.2339619630	4.4229722705
30	3.6928710938	6.9843042412	3.5544755057
31	1.7619323730	6.9606895647	5.5986645976
32	1.9615783691	9.2890199434	5.9247890176
33	1.5282287598	5.7909829755	5.3399335787
34	3.6548461914	7.3605293472	3.6071614077
35	1.9133605957	8.5421012487	5.8357293054
36	2.2214660645	16.9028208866	6.4158028570
37	3.0198974609	14.6114596238	3.9842386018
38	1.1563415527	5.1241298436	5.0817570804
39	1.4434509277	5.5605323904	5.2689185289
40	1.0938415527	5.0689740136	5.0480479716
41	0.3629150391	4.5095522462	4.6021016203
42	2.8718566895	17.9958006647	4.1546305604
43	2.3673706055	23.6058794671	6.3497372076
44	0.2229003906	4.1583252526	4.3761654971
45	1.9254760742	8.7160419162	5.8575045797
46	3.2483215332	11.2176439567	3.8698195740
47	1.9035339355	8.4072618301	5.8183740494
48	2.3320617676	22.0284554870	6.4192882161
49	0.0388793945	2.1026738946	3.1867324507
50	2.6499328613	24.8504680314	4.8648426566
51	3.7743835449	6.0569764963	3.4005507376
52	1.9310302734	8.7987349462	5.8676250530
53	3.3606872559	10.0257589226	3.8245823028
54	0.6274108887	4.7803802579	4.8097307676
55	2.6321411133	25.3537229256	4.9576393484
56	2.1478271484	14.0072208598	6.2999551351
57	0.3629760742	4.5096532140	4.6021710334
58	2.3127136230	21.1206911276	6.4408222638
59	1.6096191406	6.0886175560	5.4181036501
60	0.6856994629	4.8171975649	4.8424056782
61	0.9457702637	4.9654596943	4.9731309994
62	3.9385070801	2.7942916975	2.6906253616
63	0.9960632324	4.9973848872	4.9980331477
64	1.9053039551	8.4311485263	5.8214797626
65	2.1751708984	15.0113948766	6.3488511285
66	3.4826660156	8.9025248399	3.7612024358
67	2.0378112793	10.8173590873	6.0768555724
68	3.0316772461	14.3900610394	3.9756254108
69	2.1467285156	13.9686936606	6.2978900251
70	0.4378967285	4.6145668701	4.6767791868
71	1.8641662598	7.9185030297	5.7516301656
72	0.4862365723	4.6669320512	4.7163716357
73	3.9736633301	1.4249219359	2.3566831669
74	0.7061157227	4.8293222498	4.8533526694
75	2.5380859375	27.0651537092	5.5157441629
76	3.3438720703	10.1918019710	3.8318148365
77	0.9002075195	4.9384294553	4.9507963101
78	3.6181640625	7.7035898083	3.6498875485
79	2.2321472168	17.3701860627	6.4273089520
80	1.9149475098	8.5643930484	5.8385578428
81	0.5398559570	4.7155132669	4.7549607910
82	3.0781555176	13.5747445230	3.9459626695
83	2.5290832520	27.1111347839	5.5717921135
84	1.4523010254	5.5815350086	5.2758999099
85	2.2386169434	17.6581909295	6.4333890624
86	3.8332214355	5.2071178715	3.2349525498
87	3.8477478027	4.9599440927	3.1834039240
88	0.9833374023	4.9890558329	4.9916950747
89	2.5633544922	26.8092321285	5.3586850335
90	0.8677673340	4.9199355629	4.9349206113
91	3.9938354492	0.3753396163	2.0946209114
92	1.2670288086	5.2484584269	5.1464055807
93	2.9150390625	16.8850213828	4.0898229891
94	0.9232788086	4.9519324746	4.9620908930
95	2.8356323242	19.0093940651	4.2225939833
96	2.8758850098	17.8876641854	4.1478941729
97	2.2669982910	18.9584223911	6.4509567628
98	1.1426696777	5.1112905722	5.0742375647
99	2.1048583984	12.6043441570	6.2153488408
100	2.4031677246	25.0097845234	6.2373185411
101	0.0282287598	1.7142122159	2.9668131256
102	3.8399353027	5.0951451495	3.2117642379
103	0.3224182129	4.4352224122	4.5519582596
104	1.7946472168	7.2255583463	5.6445291014
105	1.0317382813	5.0218129518	5.0159794355
106	2.3945312500	24.6949005232	6.2683007883
107	1.8491516113	7.7518800061	5.7273488728
108	3.8059387207	5.6273165994	3.3193003232
109	2.6477050781	24.9154292784	4.8761652907
110	1.2710876465	5.2538357242	5.1489241582
111	1.0616455078	5.0437062283	5.0312727221
112	1.5842895508	5.9863525781	5.3925967227
113	0.0218505859	1.4322104780	2.8074280862
114	2.1637878418	14.5828130879	6.3291340367
115	3.6531066895	7.3771759674	3.6093524771
116	2.3756713867	23.9529210147	6.3274477524
117	0.4386596680	4.6154712488	4.6774475687
118	0.2659606934	4.2995849362	4.4642040043
119	0.0588989258	2.6416936996	3.4929161678
120	0.3569641113	4.4995618312	4.5952524983
121	3.8097229004	5.5720470790	3.3084637106
122	2.6646423340	24.4098729629	4.7922892100
123	3.0075988770	14.8494091069	3.9937905635
124	0.5927429199	4.7563801123	4.7890216474
125	0.2869567871	4.3553620085	4.4998151939
126	3.8600769043	4.7347704941	3.1353519593
127	3.1965942383	11.8482581608	3.8901343721
128	1.1174926758	5.0888187413	5.0606107945
129	1.0009765625	5.0006516256	5.0004883769
130	1.4102478027	5.4871553953	5.2435335612
131	1.0929870605	5.0682783540	5.0475980881
132	2.1425781250	13.8244167154	6.2900301810
133	2.9242248535	16.6624228831	4.0779580359
134	0.7003479004	4.8259289558	4.8502820959
135	2.8592224121	18.3409579991	4.1767799231
136	3.3882446289	9.7608821126	3.8121228478
137	2.8594360352	18.3350467138	4.1763921531
138	1.8374938965	7.6293549584	5.7089391553
139	3.4040222168	9.6127878625	3.8045880104
140	0.5407104492	4.7162227797	4.7555392404
141	0.5527648926	4.7260447635	4.7635931023
142	1.6699829102	6.3750381522	5.4837165118
143	0.5581054688	4.7302887702	4.7671000264
144	3.8341674805	5.1915647881	3.2317484708
145	2.9321594238	16.4739459406	4.0681899017
146	2.9321289063	16.4746641508	4.0682266471
147	0.3749694824	4.5289287616	4.6154962213
148	1.7577819824	6.9294784704	5.5930427282
149	2.4705505371	26.7684189255	5.9204788233
150	1.5135192871	5.7459171583	5.3269128534
151	3.5566101074	8.2538982763	3.7079284501
152	0.8877868652	4.9312896315	4.9447200638
153	0.6743164063	4.8102876493	4.8362016951
154	3.8537292480	4.8525973384	3.1606191594
155	3.0044860840	14.9107628636	3.9963047569
156	0.8444824219	4.9069109920	4.9234941359
157	1.6963195801	6.5220569781	5.5146702286
158	3.4618225098	9.0872957106	3.7738006385
159	0.4950256348	4.6754980886	4.7230360734
160	1.3742370605	5.4163153738	5.2173447528
161	0.0744018555	2.9471454790	3.6672466901
162	1.5607299805	5.8993936573	5.3698547722
163	0.4807128906	4.6614117854	4.7121065783
164	3.5565490723	8.2544350137	3.7079789840
165	3.5944824219	7.9180221816	3.6740131484
166	2.8570556641	18.4010608768	4.1807394894
167	0.0155944824	1.1084149552	2.6246291455
168	3.1361389160	12.6735377796	3.9161316721
169	2.2789916992	19.5215599062	6.4533175675
170	2.4353332520	26.0168546556	6.1014893008
171	0.8062744141	4.8857663978	4.9046073167
172	3.9798583984	1.1281673792	2.2830190125
173	0.5001220703	4.6803477386	4.7268346196
174	1.7777709961	7.0846237424	5.6205218537
175	3.3875122070	9.7678159589	3.8124650310
176	1.6587829590	6.3168580033	5.4709977337
177	1.2179870605	5.1884290318	5.1168578042
178	3.9085998535	3.6652539038	2.8957831693
179	0.4231872559	4.5965709202	4.6635808050
180	0.1553039551	3.8184043293	4.1718783628
181	2.3440856934	22.5804920282	6.4001200708
182	0.6638183594	4.8038066775	4.8304099074
183	3.1319274902	12.7351076157	3.9180999128
184	2.6950073242	23.4531539454	4.6549558787
185	0.2294006348	4.1824321060	4.3910103956
186	0.0854492188	3.1244493837	3.7688472904
187	2.8379821777	18.9414373878	4.2177542936
188	1.7039184570	6.5673146568	5.5238832823
189	1.2778625488	5.2629618745	5.1531546130
190	0.9413452148	4.9627664537	4.9709555854
191	0.6469421387	4.7931447217	4.8209456208
192	3.8902587891	4.1098301549	2.9973596767
193	1.6844787598	6.4541206047	5.5005685650
194	3.3695678711	9.9394690320	3.8206557752
195	2.2465820313	18.0174427725	6.4398783660
196	1.4517517090	5.5802127207	5.2754638470
197	3.2987060547	10.6574468275	3.8502244849
198	2.6479187012	24.9092222933	4.8750758046
199	0.8325805664	4.9003054012	4.9176333357
200	3.4074707031	9.5807273241	3.8028974054
201	2.6127014160	25.8553113984	5.0648946490
202	0.0885009766	3.1686988550	3.7942625384
203	1.1593933105	5.1270605927	5.0834477231
204	3.0549621582	13.9703766287	3.9599769313
205	0.8745422363	4.9237590467	4.9382384830
206	3.0573120117	13.9293008575	3.9584902838
207	0.7159118652	4.8350334891	4.8585307087
208	1.5522460938	5.8698589968	5.3618863507
209	2.3266601563	21.7769548715	6.4264321454
210	1.1186218262	5.0897957474	5.0612161300
211	0.0263061523	1.6336767671	2.9212754619
212	2.6248474121	25.5485110439	4.9971967900
213	2.5689697266	26.7287216795	5.3241228368
214	0.3047180176	4.3973686714	4.5270512436
215	1.0758361816	5.0546105585	5.0386233744
216	2.3977661133	24.8148212201	6.2569793458
217	3.0472717285	14.1064193011	3.9649563026
218	3.5101623535	8.6608880043	3.7430972538
219	0.8616027832	4.9164712055	4.9318994978
220	3.3526306152	10.1048667460	3.8280788714
221	1.6663513184	6.3559012983	5.4795640258
222	2.0115966797	10.2375040757	6.0233226891
223	3.0682983398	13.7402553055	3.9517446225
224	1.4096984863	5.4860094758	5.2431239019
225	2.5285339355	27.1131304132	5.5752054671
226	2.1121215820	12.8266692041	6.2300820528
227	3.8690490723	4.5608064296	3.0975817308
228	1.1347961426	5.1041047509	5.0699462971
229	3.7967224121	5.7583297689	3.3446512569
230	2.9108276367	16.9886677381	4.0954710864
231	0.8511657715	4.9106335435	4.9267784264
232	1.0713806152	5.0511487162	5.0363083894
233	1.6827697754	6.4445677486	5.4985584748
234	0.1973571777	4.0514208823	4.3110241864
235	1.0668945313	5.0476987055	5.0339841202
236	0.1977233887	4.0531077572	4.3120443513
237	0.5607910156	4.7323990122	4.7688498628
238	2.4714965820	26.7830637132	5.9152312498
239	1.2092590332	5.1786278843	5.1117590741
240	2.5087280273	27.1207384271	5.6972235875
241	3.2054138184	11.7362378526	3.8865961159
242	1.0875549316	5.0638891637	5.0447443273
243	3.9128112793	3.5546406114	2.8701430035
244	0.7230529785	4.8391590097	4.8622775424
245	1.1550292969	5.1228770229	5.0810314930
246	1.5241088867	5.7781218608	5.3362549805
247	3.1793518066	12.0730936904	3.8971983625
248	2.1151428223	12.9208974314	6.2361716287
249	2.2001342773	16.0027460490	6.3880047350
250	3.7782592773	6.0069181401	3.3913732551
251	2.9288635254	16.5518110140	4.0721948373
252	3.4723205566	8.9940102343	3.7675683395
253	0.9965820313	4.9977284462	4.9982921719
254	2.8854370117	17.6349655405	4.1325206730
255	2.6751708984	24.0840278855	4.7427562853
256	1.1767272949	5.1441779477	5.0931387367
257	3.8038330078	5.6576907092	3.3252203412
258	2.5637817383	26.8033926920	5.3560487130
259	3.3266906738	10.3653570074	3.8389685498
260	2.4123229980	25.3242831778	6.2018680265
261	1.3482666016	5.3702121931	5.1992516324
262	0.9836730957	4.9892731822	4.9918618964
263	0.1123962402	3.4601205132	3.9624077844
264	0.4970397949	4.6774247866	4.7245429485
265	3.8115234375	5.5454329624	3.3032163289
266	0.6622924805	4.8028554204	4.8295621787
267	0.6323242188	4.7836378249	4.8125802203
268	2.3397827148	22.3843391657	6.4075044773
269	2.9436645508	16.2068341412	4.0547727969
270	2.4832153320	26.9396207919	5.8488551106
271	1.0336303711	5.0231572825	5.0169396614
272	1.0223388672	5.0152109007	5.0112226731
273	2.3015441895	20.5909242817	6.4483080387
274	2.8408203125	18.8597590134	4.2119929578
275	1.3112182617	5.3108028501	5.1744890915
276	3.5065612793	8.6924464606	3.7455728763
277	3.6119995117	7.7598443536	3.6564073248
278	0.9098815918	4.9440503440	4.9555300544
279	3.7335205078	6.5478165674	3.4860347645
280	0.4663391113	4.6465208996	4.7007135948
281	3.2603149414	11.0798821872	3.8651863405
282	0.0401611328	2.1437587221	3.2100221576
283	3.3933105469	9.7130702048	3.8097381176
284	0.2446289063	4.2347582624	4.4234688456
285	2.9032897949	17.1766935871	4.1059212506
286	3.2757873535	10.9063675418	3.8591956895
287	3.8835449219	4.2591884505	3.0308950112
288	2.9354248047	16.3973949152	4.0642940925
289	2.2075805664	16.3116356733	6.3983764739
290	0.9999694824	4.9999796555	4.9999847413
291	3.0980224609	13.2524724071	3.9350055714
292	0.5909729004	4.7551022078	4.7879334481
293	3.7131042480	6.7723338507	3.5221858226
294	3.7043457031	6.8652635743	3.5365670557
295	2.1572265625	14.3425989077	6.3173360027
296	1.5535583496	5.8743682508	5.3631114209
297	0.8211975098	4.8940079128	4.9120105295
298	2.8837280273	17.6797924483	4.1352105729
299	2.4591674805	26.5689886399	5.9821728917
300	1.9127197266	8.5331400316	5.8345890414
301	0.9078979492	4.9428932037	4.9545592294
302	3.0553894043	13.9628912860	3.9597054443
303	0.8550109863	4.9127805333	4.9286661485
304	1.0872192383	5.0636197861	5.0445683197
305	2.5622558594	26.8240279845	5.3654687025
306	0.9037475586	4.9404798673	4.9525283007
307	2.9500427246	16.0618645176	4.0476957167
308	0.5320129395	4.7089151866	4.7496028214
309	1.9496765137	9.0906226807	5.9022212385
310	0.5499572754	4.7237876790	4.7617346612
311	3.5292968750	8.4933762139	3.7293674998
312	3.5704650879	8.1317539985	3.6961291393
313	0.3000488281	4.3867409502	4.5201228777
314	2.9461975098	16.1489988479	4.0519323462
315	3.1084289551	13.0894454407	3.9295977150
316	2.3511352539	22.8978733090	6.3867371973
317	3.5212402344	8.5638890748	3.7352696946
318	1.3955078125	5.4571272265	5.2326523707
319	0.6094360352	4.7681706658	4.7991316450
320	0.9300231934	4.9559477814	4.9653973650
321	1.9371032715	8.8913471168	5.8787887671
322	2.1960144043	15.8343859789	6.3819864389
323	2.1614990234	14.4984485859	6.3250519925
324	0.4774169922	4.6580657304	4.7095324536
325	0.1510314941	3.7893948608	4.1547545581
326	0.4107666016	4.5804930386	4.6519444593
327	0.0267333984	1.6518878456	2.9315712031
328	2.6100769043	25.9184487205	5.0798065863
329	0.0340576172	1.9379025142	3.0933911409
330	1.7620239258	6.9613838318	5.5987890994
331	0.6509399414	4.7956993359	4.8232056166
332	2.8482360840	18.6484246752	4.1973638450
333	1.8382568359	7.6371974041	5.7101322221
334	2.6508483887	24.8236257167	4.8602147033
335	3.8394470215	5.1034162185	3.2134865654
336	1.1975097656	5.1658175255	5.1049659107
337	0.4348754883	4.6109581501	4.6741171248
338	3.3017883301	10.6246630691	3.8490039916
339	2.0578308105	11.3030420037	6.1182486441
340	2.8560791016	18.4282359969	4.1825399312
341	2.6777648926	24.0026485768	4.7308637259
342	1.0321960449	5.0221377133	5.0162116634
343	3.8577575684	4.7783062415	3.1447185129
344	3.0466613770	14.1173232821	3.9653591744
345	0.8916320801	4.9334913755	4.9466011879
346	2.6468200684	24.9410929531	4.8806873313
347	2.4277343750	25.8045214447	6.1363568597
348	1.9735412598	9.4984834409	5.9478358246
349	0.4851989746	4.6659033154	4.7155750696
350	0.9574584961	4.9726555274	4.9788869943
351	0.2688903809	4.3078101000	4.4694198933
352	0.9045715332	4.9409581655	4.9529314684
353	3.6896362305	7.0173488803	3.5593429042
354	2.4273681641	25.7938677752	6.1379955585
355	0.9956970215	4.9971425685	4.9978503384
356	0.3782653809	4.5340362842	4.6190525233
357	1.4217834473	5.5117167686	5.2522124184
358	2.9407958984	16.2727559237	4.0580382463
359	1.2619018555	5.2417606344	5.1432409509
360	1.5357666016	5.8150099483	5.3467291636
361	0.2723999023	4.3174658836	4.4755579646
362	1.6975708008	6.5294181623	5.5161783752
363	1.8111572266	7.3729576914	5.6687512863
364	0.5779418945	4.7455185986	4.7798201286
365	1.6195068359	6.1312117775	5.4283723128
366	2.2325744629	17.3890947639	6.4277318933
367	1.6528930664	6.2872390248	5.4644121021
368	0.3473510742	4.4827882008	4.5838346690
369	2.8666381836	18.1372649257	4.1635882501
370	0.5603027344	4.7320165016	4.7685323797
371	2.3630676270	23.4217377103	6.3603906825
372	2.0353698730	10.7607350362	6.0718312233
373	2.8060913086	19.8882541609	4.2891278527
374	3.4444885254	9.2425435429	3.7836251311
375	1.5098876953	5.7351488671	5.3237460220
376	0.0140991211	1.0227560442	2.5763013454
377	0.1072998047	3.4050776139	3.9305313544
378	3.7923889160	5.8182663416	3.3560857449
379	0.2047729492	4.0846453173	4.3311596377
380	2.7934570313	20.2770710097	4.3210362540
381	0.9299316406	4.9558930500	4.9653524606
382	1.1746215820	5.1420547495	5.0919532944
383	0.7778625488	4.8700506278	4.8903851960
384	1.1032409668	5.0767222693	5.0530146800
385	0.6624450684	4.8029506554	4.8296470207
386	0.4693908691	4.6497483133	4.7031693285
387	1.5791015625	5.9665564794	5.3875095252
388	2.1001586914	12.4636229570	6.2057546189
389	0.7851257324	4.8740771332	4.8940391559
390	0.6323242188	4.7836378249	4.8125802203
391	1.9037475586	8.4101354809	5.8187484003
392	1.6997070313	6.5420683460	5.5187613096
393	3.8584594727	4.7651907341	3.1419004849
394	3.5907592773	7.9513639512	3.6775886362
395	1.0433654785	5.0301584148	5.0218951700
396	3.0334777832	14.3567687837	3.9743522997
397	0.6364440918	4.7863445940	4.8149545722
398	3.2633666992	11.0452910392	3.8640068624
399	2.4614257813	26.6119405173	5.9701543759
400	3.0309143066	14.4042113503	3.9761682451
401	2.3048400879	20.7474453714	6.4464601880
402	2.7047119141	23.1390420277	4.6146310217
403	1.0942687988	5.0693223815	5.0482730140
404	2.1265258789	13.2852486330	6.2588670542
405	1.8444213867	7.7014634576	5.7198325259
406	2.3747253418	23.9139453942	6.3301038497
407	3.7767333984	6.0267086814	3.3950111327
408	3.0918884277	13.3504020848	3.9382957103
409	3.5192871094	8.5809847088	3.7366735278
410	1.5333251953	5.8071568405	5.3445188717
411	2.7929992676	20.2912914368	4.3222337180
412	0.9925231934	4.9950491314	4.9962670614
413	3.4902343750	8.8358290224	3.7563966298
414	2.7597961426	21.3439555991	4.4173089585
415	3.5524291992	8.2906423652	3.7113616748
416	3.2702026367	10.9684671863	3.8613616659
417	1.5528259277	5.8718488214	5.3624273266
418	2.5975036621	26.2036850465	5.1525321025
419	2.3902282715	24.5318682439	6.2828300875
420	2.9497375488	16.0687508006	4.0480286787
421	3.0008239746	14.9835369042	3.9993148228
422	1.3232727051	5.3293653304	5.1824173673
423	0.4933166504	4.6738528440	4.7217516369
424	3.9710998535	1.5419470990	2.3856255209
425	2.6145019531	25.8113212318	5.0547210477
426	2.8419799805	18.8265114412	4.2096650322
427	0.9510498047	4.9686949495	4.9757290846
428	0.6464843750	4.7928510098	4.8206861027
429	3.7738037109	6.0644066222	3.4019060926
430	2.7061462402	23.0924150505	4.6088166816
431	2.9310302734	16.5005540753	4.0695536621
432	0.2423095703	4.2271397998	4.4187214278
433	3.6966857910	6.9450527783	3.5486349603
434	1.2603454590	5.2397479752	5.1422839137
435	3.9799499512	1.1236260328	2.2818888281
436	0.6862182617	4.8175097745	4.8426866404
437	3.8024597168	5.6773566922	3.3290397272
438	3.9108276367	3.6071735563	2.8823370484
439	0.4492492676	4.6277450605	4.6865690901
440	3.3991699219	9.6580816490	3.8069395688
441	1.1999511719	5.1684440639	5.1063709558
442	1.5199584961	5.7653550973	5.3325742237
443	3.0459899902	14.1293359855	3.9658036683
444	3.2524108887	11.1703409471	3.8682395997
445	1.3008422852	5.2953824377	5.1677596510
446	2.9259338379	16.6215314714	4.0758173090
447	0.5086059570	4.6882384246	4.7330554839
448	2.6495666504	24.8611814068	4.8666979533
449	0.5579833984	4.7301924746	4.7670202737
450	2.5870666504	26.4168100306	5.2143662969
451	1.4076232910	5.4816995087	5.2415792311
452	2.7336730957	22.1931463726	4.5043666973
453	1.3286437988	5.3378685846	5.1859891894
454	2.3515014648	22.9142131663	6.3859979960
455	3.0715942383	13.6844884657	3.9497839507
456	1.7190551758	6.6615278179	5.5426253456
457	3.8627929688	4.6830560422	3.1241803724
458	2.3516540527	22.9210169027	6.3856887067
459	3.6377258301	7.5226065112	3.6279835045
460	2.3486328125	22.7858148026	6.3916717687
461	1.4163513184	5.5000315849	5.2481073617
462	2.0238342285	10.5005692504	6.0481897328
463	2.2277221680	17.1752972632	6.4227563162
464	2.4756774902	26.8442051534	5.8918347288
465	2.4895019531	27.0045623703	5.8122962769
466	1.2526550293	5.2299412760	5.1375796274
467	1.2486572266	5.2249326021	5.1351500859
468	3.7710571289	6.0993982431	3.4082649573
469	1.1900329590	5.1578861791	5.1006837635
470	1.6406555176	6.2277655421	5.4509508860
471	1.8185119629	7.4418362402	5.6797805409
472	0.5550842285	4.7278957362	4.7651205964
473	2.7214660645	22.5924369793	4.5490281754
474	1.9027404785	8.3966103636	5.8169847488
475	3.3172302246	10.4627370292	3.8428217038
476	0.7547302246	4.8571467960	4.8786481241
477	3.9965209961	0.2154471420	2.0543634697
478	2.3858947754	24.3637934574	6.2968465510
479	2.0623474121	11.4180319358	6.1276170987
480	3.9855041504	0.8390012784	2.2108945001
481	3.3752441406	9.8847912693	3.8181034957
482	3.7134704590	6.7684067322	3.5215704555
483	1.1097412109	5.0821862043	5.0564692655
484	0.7585449219	4.8592852585	4.8805950151
485	3.5283813477	8.5013893211	3.7300473848
486	1.5549011230	5.8790045661	5.3643677914
487	1.1795959473	5.1470904574	5.0947574244
488	1.8127441406	7.3876472977	5.6711184794
489	0.4256286621	4.5996335981	4.6658136622
490	3.5201416016	8.5735051740	3.7360606257
491	1.7069091797	6.5854941844	5.5275448804
492	1.5715332031	5.9383426064	5.3801692054
493	2.4488525391	26.3518777368	6.0355635865
494	3.1792907715	12.0739037329	3.8972237674
495	0.0175476074	1.2152230498	2.6849062526
496	1.7251586914	6.7011112708	5.5503325359
497	1.6305236816	6.1805550205	5.4400276714
498	3.2070007324	11.7162889488	3.8859639766
499	1.6288757324	6.1730442591	5.4382696381
500	0.9376831055	4.9605498198	4.9691566164
501	2.0168762207	10.3493980873	6.0340210555
502	1.6520996094	6.2832990970	5.4635302699
503	0.6755065918	4.8110156549	4.8368539776
504	3.6787719727	7.1268035973	3.5751385760
505	2.1561584473	14.3039687580	6.3153881931
506	3.3320312500	10.3109659310	3.8367678415
507	3.4602661133	9.1011696206	3.7747059306
508	1.1811218262	5.1486491640	5.0956201989
509	0.7120666504	4.8327991583	4.8565036127
510	0.3525695801	4.4919938052	4.5900885799
511	2.1297302246	13.3904943341	6.2651746643
512	0.5220947266	4.7003408630	4.7426967661
513	2.2018737793	16.0743793632	6.3904872553
514	1.7521057129	6.8876120783	5.5854239476
515	3.4751892090	8.9686019525	3.7658260322
516	3.8310852051	5.2419745445	3.2421132425
517	3.8597717285	4.7405314070	3.1365934221
518	1.2713623047	5.2542020215	5.1490950153
519	2.8583374023	18.3654750646	4.1783913775
520	2.6212463379	25.6418678290	5.0170361433
521	0.6252136230	4.7789127839	4.8084500579
522	2.2478637695	18.0757062524	6.4408150430
523	2.2621154785	18.7310765720	6.4490820640
524	1.2468261719	5.2226585803	5.1340409074
525	3.2561035156	11.1279228639	3.8668132768
526	1.6354370117	6.2032252679	5.4453000319
527	2.4664916992	26.7022116050	5.9427896044
528	1.4849243164	5.6647485100	5.3024710919
529	2.5670471191	26.7571981726	5.3359346673
530	2.1488037109	14.0415854748	6.3017851649
531	1.3491210938	5.3716677602	5.1998369526
532	1.2427368164	5.2176247743	5.1315717961
533	2.7927551270	20.2988793266	4.3228735708
534	1.5330505371	5.8062776560	5.3442707733
535	3.3112792969	10.5246909968	3.8452186392
536	3.3894042969	9.7499146194	3.8115797291
537	2.0762634277	11.7853392513	6.1564844743
538	3.9582519531	2.0834581206	2.5186602594
539	2.8285827637	19.2150392234	4.2374988789
540	0.7132263184	4.8334739924	4.8571156820
541	0.0821838379	3.0749603627	3.7404522206
542	2.5388488770	27.0601227273	5.5109885689
543	2.1267395020	13.2922282104	6.2592887683
544	3.0035400391	14.9295011836	3.9970769015
545	3.7350769043	6.5302023193	3.4831166770
546	1.9783630371	9.5858688860	5.9572238655
547	0.9823913574	4.9884439727	4.9912250437
548	3.2578430176	11.1080367796	3.8661413477
549	3.0826110840	13.5011729213	3.9434275522
550	2.3387756348	22.3381913018	6.4091477472
551	3.6488342285	7.4178836061	3.6146599671
552	1.0137634277	5.0092944940	5.0069014381
553	3.2839050293	10.8171336970	3.8560358308
554	2.9351501465	16.4038111155	4.0646190507
555	2.9068908691	17.0864641936	4.1008734197
556	3.8061523438	5.6242201363	3.3186953919
557	2.7228088379	22.5485143887	4.5439874805
558	0.3551025391	4.4963760763	4.5930762265
559	0.2405700684	4.2213462874	4.4151163557
560	3.7490844727	6.3681236181	3.4557264582
561	0.2462768555	4.2400990042	4.4268015767
562	2.6033935547	26.0737358843	5.1182075064
563	0.1379089355	3.6922744360	4.0976685765
564	0.2428588867	4.2289550594	4.4198518985
565	2.5274353027	27.1168383983	5.5820290385
566	3.3714294434	9.9214970315	3.8198225078
567	1.5168151855	5.7558108722	5.3298031860
568	0.8060913086	4.8856653008	4.9045162265
569	1.5540466309	5.8760515798	5.3635679535
570	3.4317321777	9.3579494221	3.7905129664
571	0.2756958008	4.3263438983	4.4812163440
572	0.0327148438	1.8889098511	3.0656550923
573	3.2416992188	11.2949916184	3.8723807859
574	2.1576538086	14.3580882020	6.3181130618
575	1.9693908691	9.4246409588	5.9397998463
576	0.6739501953	4.8100633790	4.8360008188
577	0.1721801758	3.9223174948	4.2335408016
578	2.1676635742	14.7270568084	6.3359598939
579	1.6098937988	6.0897797323	5.4183864774
580	0.8455200195	4.9074882197	4.9240043168
581	2.4566040039	26.5182232253	5.9956758751
582	0.0950622559	3.2578342684	3.8455416213
583	3.5921325684	7.9390759183	3.6762763495
584	0.3594055176	4.5036957521	4.5980820505
585	2.7238769531	22.5135721353	4.5400005767
586	3.4824523926	8.9044100119	3.7613362249
587	2.7447204590	21.8326305218	4.4661628401
588	1.1811828613	5.1487116503	5.0956547356
589	1.2338256836	5.2068660229	5.1262292685
590	1.8012390137	7.2832408467	5.6541117602
591	0.5057983398	4.6856517755	4.7310106428
592	2.0117797852	10.2413447761	6.0236929288
593	0.1155395508	3.4924450719	3.9811580200
594	3.5962219238	7.9024138493	3.6723232238
595	3.2237854004	11.5090236359	3.8793462995
596	0.9947204590	4.9964971659	4.9973629727
597	1.7307128906	6.7379595330	5.5574223431
598	2.7550964355	21.4957613469	4.4321410938
599	3.5830993652	8.0196999856	3.6847710094
600	2.5479736328	26.9865965075	5.4541176531
601	3.1617736816	12.3106961769	3.9046538038
602	1.9029235840	8.3990653079	5.8173051964
603	1.1551208496	5.1229642854	5.0810820884
604	2.3211669922	21.5194768015	6.4327879817
605	2.8253479004	19.3102836374	4.2445361390
606	0.9218444824	4.9510827738	4.9613880658
607	3.0736999512	13.6490846253	3.9485458766
608	1.2774963379	5.2624636904	5.1529250828
609	0.2104187012	4.1086835837	4.3457865738
610	0.5953674316	4.7582648403	4.7906293013
611	1.8362426758	7.6165457799	5.7069860766
612	3.9006958008	3.8638780096	2.9414705299
613	1.7415771484	6.8123905366	5.5715036201
614	0.3780822754	4.5337545995	4.6188561019
615	2.2292175293	17.2409601798	6.4243295464
616	1.5273437500	5.7882042445	5.3391412553
617	0.7674255371	4.8642462028	4.8851094441
618	1.2901306152	5.2799813546	5.1609016016
619	1.3791503906	5.4254885744	5.2208404349
620	1.8035278320	7.3036286740	5.6574664269
621	0.6738281250	4.8099885939	4.8359338418
622	3.9367065430	2.8530075921	2.7046688022
623	0.9282226563	4.9548725495	4.9645143510
624	2.2671813965	18.9669719968	6.4510170741
625	0.1220703125	3.5559672516	4.0180765596
626	2.6526489258	24.7705947305	4.8511560669
627	1.3352355957	5.3485063628	5.1904066213
628	1.0549316406	5.0386673420	5.0278170786
629	3.4123229980	9.5357914057	3.8004904856
630	2.7719421387	20.9544611439	4.3805958515
631	3.3012390137	10.6304941577	3.8492218015
632	1.7342224121	6.7616581490	5.5619400182
633	0.9717407227	4.9816221189	4.9859434252
634	0.0222167969	1.4496088433	2.8172561829
635	2.3203735352	21.4821638387	6.4336313737
636	0.2603149414	4.2832954845	4.4539075214
637	3.9679260254	1.6824704761	2.4202936430
638	2.0443115234	10.9708427296	6.0902623551
639	0.3557128906	4.4974238230	4.5937915613
640	0.0582580566	2.6273119772	3.4847257501
641	3.0470581055	14.1102338917	3.9650971766
642	3.0368652344	14.2945222210	3.9719870648
643	1.6399230957	6.2242922080	5.4501545896
644	3.2301025391	11.4327271928	3.8768814864
645	3.1972656250	11.8396612377	3.8898634308
646	1.5257263184	5.7831485058	5.3376961976
647	0.6011352539	4.7623654474	4.7941382107
648	3.8866577148	4.1907545657	3.0155694053
649	1.7368469238	6.7795943712	5.5653377604
650	1.2585754395	5.2374706003	5.1411975683
651	3.9136352539	3.5325878197	2.8650151324
652	3.6048278809	7.8248838241	3.6637757418
653	1.4276428223	5.5245644443	5.2566772177
654	2.2243957520	17.0299645203	6.4191326013
655	3.6738281250	7.1758804858	3.5820565495
656	0.0093994141	0.7289891232	2.4106443451
657	2.7131347656	22.8646941983	4.5810200189
658	2.7980651855	20.1344252639	4.3091447548
659	2.7007751465	23.2667753874	4.6307818887
660	0.4801330566	4.6608259923	4.7116553268
661	0.0820312500	3.0725911413	3.7390935919
662	0.0098571777	0.7593774091	2.4277749958
663	3.9621582031	1.9262586328	2.4802013044
664	2.9839477539	15.3273540247	4.0139560408
665	1.5561828613	5.8834511946	5.3655697149
666	0.9399414063	4.9619154521	4.9702658394
667	1.1250000000	5.0953674809	5.0646454320
668	0.0317077637	1.8512066256	3.0443154319
669	1.3041687012	5.3002712583	5.1699076493
670	2.2379760742	17.6295051865	6.4328183109
671	1.2314147949	5.2040038507	5.1247926448
672	0.7604370117	4.8603441858	4.8815589193
673	2.3793945313	24.1047835426	6.3167054979
674	3.7675781250	6.1432481706	3.4161769455
675	3.4994506836	8.7548220850	3.7503658447
676	0.1402893066	3.7108579470	4.1085649311
677	3.5834350586	8.0167120494	3.6844610425
678	3.3759155273	9.8783478114	3.8177993215
679	1.2488403320	5.2251606928	5.1352611272
680	3.3065490723	10.5743344334	3.8471106264
681	1.4543762207	5.5865529499	5.2775505583
682	1.7882080078	7.1706613032	5.6352803340
683	0.9517517090	4.9691269155	4.9760747208
684	1.0167541504	5.0113465946	5.0084065538
685	2.3799743652	24.1282100963	6.3149910320
686	3.6272277832	7.6202315436	3.6399752200
687	1.4086303711	5.4837873535	5.2423282726
688	2.2325439453	17.3877436138	6.4277017818
689	1.8360290527	7.6143653365	5.7066530647
690	3.5578918457	8.2426244069	3.7068643763
691	2.0489196777	11.0820828744	6.0997888095
692	0.8269958496	4.8972138656	4.9148770474
693	1.7496032715	6.8694501935	5.5820906034
694	3.5567626953	8.2525563883	3.7078020612
695	2.3569335938	23.1547157676	6.3745188246
696	0.4162902832	4.5877477977	4.6571776537
697	1.9873657227	9.7537309329	5.9748971677
698	1.3065490723	5.3038012229	5.1714501581
699	0.4224853516	4.5956846223	4.6629356382
700	1.3170166016	5.3196429261	5.1782876637
701	1.9688415527	9.4149618554	5.9387394218
702	3.7156677246	6.7447714577	3.5178539274
703	1.6168212891	6.1194876819	5.4255655155
704	1.6281433105	6.1697209742	5.4374899468
705	3.4046325684	9.6071057127	3.8042899756
706	1.5628356934	5.9068659123	5.3718503500
707	1.3933715820	5.4528969147	5.2310942897
708	3.4379577637	9.3014928521	3.7871859521
709	0.1598815918	3.8482059289	4.1895085708
710	2.2665100098	18.9356316550	6.4507923634
711	2.2134094238	16.5574529937	6.4060099958
712	3.1561279297	12.3888971253	3.9071140461
713	1.2423095703	5.2171023987	5.1313144668
714	3.7793884277	5.9922030467	3.3886602970
715	1.5969848633	6.0364146420	5.4052399555
716	1.9708862305	9.4511007647	5.9426903171
717	2.9156494141	16.8700834112	4.0890154780
718	0.6080627441	4.7672178529	4.7983100045
719	3.2986450195	10.6580976115	3.8502486130
720	2.4308471680	25.8935288232	6.1222718590
721	2.9379882813	16.3377106085	4.0612850135
722	1.9574890137	9.2197521854	5.9169934602
723	1.6082153320	6.0826959892	5.4166602218
724	1.1520996094	5.1200959272	5.0794145627
725	0.9248352051	4.9528561447	4.9628536700
726	3.0005187988	14.9896305252	3.9995682501
727	1.7765502930	7.0747924348	5.6188143111
728	3.6503906250	7.4030833449	3.6127386055
729	0.8375854492	4.9030799311	4.9200999363
730	0.2723999023	4.3174658836	4.4755579646
731	3.5663452148	8.1681440320	3.6997072414
732	0.2979125977	4.3817829286	4.5168996829
733	1.5967102051	6.0353066330	5.4049634577
734	2.1903381348	15.6054542880	6.3733894056
735	0.9279785156	4.9547269413	4.9643946373
736	0.4055175781	4.5734373230	4.6468813989
737	0.8200988770	4.8934008124	4.9114668119
738	0.6980895996	4.8245937766	4.8490752629
739	2.8001708984	20.0695556290	4.3038085845
740	2.4296875000	25.8606946091	6.1275517076
741	3.6863098145	7.0511060660	3.5642681920
742	3.0354003906	14.3213776889	3.9730051145
743	2.0358276367	10.7713099107	6.0727727878
744	1.3045654297	5.3008577496	5.1701644195
745	0.9228515625	4.9516792202	4.9618815280
746	3.6325073242	7.5712881555	3.6340149886
747	1.4528808594	5.5829334721	5.2763605946
748	2.8989257813	17.2870308555	4.1121776806
749	1.9194335938	8.6282046737	5.8465925421
750	3.1297912598	12.7665580838	3.9191082741
751	0.0099182129	0.7633984783	2.4300418644
752	3.5983581543	7.8832178984	3.6702307205
753	3.9662780762	1.7536083593	2.4378066821
754	1.5222473145	5.7723722433	5.3346009544
755	0.1071472168	3.4033768564	3.9295474002
756	3.0121459961	14.7606092282	3.9901892501
757	3.6174621582	7.7100122403	3.6506387919
758	0.4290161133	4.6038321043	4.6688833475
759	2.0120239258	10.2464701570	6.0241866733
760	0.8054199219	4.8852946080	4.9041821729
761	3.1790466309	12.0771449237	3.8973254179
762	0.4878845215	4.6685582287	4.7176324568
763	0.4101257324	4.5796401487	4.6513310657
764	3.6560058594	7.3494075828	3.6056908538
765	3.3225402832	10.4079137954	3.8406657782
766	1.8748474121	8.0434121322	5.7692973110
767	2.0808715820	11.9113922688	6.1660294827
768	0.3367309570	4.4632821773	4.5706774207
769	1.8230590820	7.4854541907	5.6866740617
770	0.9487304688	4.9672706863	4.9745873662
771	2.6983642578	23.3448006609	4.6408123248
772	3.9222106934	3.2945939126	2.8093539034
773	2.4225769043	25.6510064474	6.1590736372
774	1.0204772949	5.0139180637	5.0102831502
775	1.7571105957	6.9244775149	5.5921373805
776	0.1209411621	3.5453188897	4.0118808403
777	2.8183288574	19.5188073100	4.2602456930
778	3.2479553223	11.2218970362	3.8699611071
779	0.6228942871	4.7773564608	4.8070938083
780	0.7324829102	4.8445629789	4.8671916601
781	3.7760314941	6.0357761541	3.3966737388
782	0.6553039551	4.7984670050	4.8256596420
783	0.7084350586	4.8306801786	4.8545827556
784	2.2292785645	17.2436445858	6.4243930132
785	2.3681640625	23.6395306921	6.3477056416
786	2.2775573730	19.4539147010	6.4532093919
787	2.7742309570	20.8815826511	4.3739332345
788	3.4637756348	9.0699020276	3.7726578726
789	2.3372497559	22.2681072649	6.4115765001
790	2.4301452637	25.8737018571	6.1254721450
791	3.3543701172	10.0877182565	3.8273289681
792	2.5004577637	27.0859261709	5.7472522118
793	0.5840759277	4.7500691154	4.7836620273
794	1.1033935547	5.0768495273	5.0530955851
795	1.3072814941	5.3048927040	5.1719256898
796	0.5729675293	4.7417750155	4.7766737521
797	1.7811279297	7.1119073263	5.6252375982
798	2.4821166992	26.9269041985	5.8551798274
799	0.4915161133	4.6721089405	4.7203924892
800	1.1658935547	5.1333845565	5.0870640676
801	0.1107177734	3.4423625945	3.9521168917
802	2.5900878906	26.3574664759	5.1963422583
803	2.5664672852	26.7656015744	5.3395016219
804	2.2220764160	16.9292420958	6.4165070291
805	0.1283569336	3.6128717418	4.0512376447
806	0.0596313477	2.6579380548	3.5021690505
807	0.9183044434	4.9489917765	4.9596539014
808	0.4744567871	4.6550263789	4.7072014235
809	3.7509765625	6.3457135881	3.4518642591
810	1.0261230469	5.0178538067	5.0131350994
811	2.7106018066	22.9473215073	4.5909929147
812	0.9032287598	4.9401789216	4.9522744613
813	1.3702697754	5.4090161503	5.2145393732
814	1.1475219727	5.1157938945	5.0768962693
815	3.0602111816	13.8789367720	3.9566778371
816	1.3177185059	5.3207241181	5.1787493707
817	2.0909423828	12.1947204410	6.1868298121
818	0.7488403320	4.8538350023	4.8756325176
819	3.3379821777	10.2508355777	3.8342918573
820	0.0635681152	2.7418968637	3.5500224506
821	3.0939636230	13.3171169449	3.9371737519
822	2.0918273926	12.2201401417	6.1886524551
823	3.5946350098	7.9166538269	3.6738654077
824	1.8547058105	7.8123313612	5.7362558378
825	1.1249084473	5.0952868603	5.0645960864
826	0.7693481445	4.8653173531	4.8860836355
827	1.1113891602	5.0835855036	5.0573477222
828	2.7303771973	22.3009194658	4.5161691588
829	3.1072082520	13.1083694480	3.9302212454
830	0.2250061035	4.1662586538	4.3810437979
831	1.0759277344	5.0546820664	5.0386710119
832	3.1371459961	12.6588988719	3.9156647752
833	3.8804016113	4.3269199227	3.0459947837
834	1.3976135254	5.4613267377	5.2341928224
835	1.3829956055	5.4327722771	5.2235928452
836	1.1359558105	5.1051538435	5.0705765963
837	1.0634460449	5.0450704295	5.0322018185
838	1.4907836914	5.6807221145	5.3073888220
839	2.5603942871	26.8483707465	5.3769775247
840	2.7342224121	22.1751907434	4.5024178604
841	3.0430603027	14.1819806265	3.9677598162
842	0.8674316406	4.9197465642	4.9347561529
843	0.8194885254	4.8930635737	4.9111646625
844	0.3427429199	4.4744547207	4.5781982525
845	2.0868835449	12.0792240279	6.1784587865
846	0.0693054199	2.8549499554	3.6145450614
847	2.2312622070	17.3310689423	6.4264234416
848	2.3578186035	23.1935515120	6.3725569904
849	0.5818481445	4.7484246806	4.7822714764
850	3.9614562988	1.9549593638	2.4872332997
851	0.0269470215	1.6609250241	2.9366807382
852	2.8682250977	18.0940822109	4.1608362981
853	0.3973999023	4.5622015291	4.6388708096
854	3.0019226074	14.9616370394	3.9984058010
855	3.0238037109	14.5373464650	3.9813265284
856	1.4873046875	5.6711982629	5.3044634152
857	1.3738403320	5.4155811508	5.2170635259
858	3.6361083984	7.5377284649	3.6298680783
859	0.1759338379	3.9433606836	4.2460974298
860	2.3099365234	20.9891883963	6.4430104928
861	3.9355468750	2.8903432388	2.7135843321
862	0.8164062500	4.8913608892	4.9096378695
863	1.2501220703	5.2267608489	5.1360390476
864	3.9946289063	0.3286600009	2.0828760370
865	1.8293457031	7.5470933295	5.6962992763
866	1.6466674805	6.2566404380	5.4575269188
867	3.6264953613	7.6269980328	3.6407910569
868	2.9705200195	15.6111051164	4.0265811732
869	1.9876403809	9.7589502553	5.9754392360
870	2.1517944336	14.1475193485	6.3073557417
871	3.2243957520	11.5016120994	3.8791076448
872	1.7694091797	7.0182248174	5.6089024016
873	3.5168762207	8.6020897836	3.7383921804
874	1.1722412109	5.1396694566	5.0906160006
875	1.5530700684	5.8726878903	5.3626552641
876	3.4827270508	8.9019862474	3.7611641918
877	2.8106689453	19.7492023465	4.2780968309
878	0.3835449219	4.5420557639	4.6246589619
879	0.8876342773	4.9312024123	4.9446454130
880	1.3437194824	5.3625339572	5.1961479942
881	2.7881469727	20.4425709123	4.3351092332
882	0.4407958984	4.6179888700	4.6793108730
883	3.5696105957	8.1393069806	3.6968762161
884	1.4343566895	5.5396037501	5.2618409556
885	0.2572937012	4.2743322364	4.4482600441
886	1.2483215332	5.2245147615	5.1349465685
887	1.4328918457	5.5362930569	5.2607099220
888	2.5173339844	27.1329951135	5.6445099626
889	1.4030761719	5.4723600226	5.2382106853
890	0.3540649414	4.4945876063	4.5918560907
891	3.3544616699	10.0868167604	3.8272894242
892	3.9932556152	0.4091602692	2.1031261619
893	3.4009399414	9.6415343076	3.8060854031
894	0.4692077637	4.6495556946	4.7030225582
895	1.9301452637	8.7854313637	5.8660066953
896	0.9825134277	4.9885228670	4.9912856844
897	2.1548156738	14.2555938684	6.3129292130
898	2.1126403809	12.8427764386	6.2311294821
899	0.2754516602	4.3256924540	4.4808006577
900	0.5323791504	4.7092267721	4.7498549840
901	1.1606750488	5.1282987425	5.0841591503
902	1.3805541992	5.4281369641	5.2218435778
903	3.9513244629	2.3478871723	2.5830235084
904	1.9491271973	9.0816988469	5.9011886168
905	2.4946594238	27.0478921415	5.7818713787
906	2.8409729004	18.8553801331	4.2116857888
907	1.0148925781	5.0100678672	5.0074694573
908	2.2548217773	18.3940237769	6.4453547854
909	2.9263305664	16.6120621515	4.0753232799
910	1.5531311035	5.8728977733	5.3627122632
911	1.1953125000	5.1634692033	5.1037042473
912	0.7695922852	4.8654533055	4.8862072646
913	2.1571044922	14.3381773026	6.3171137680
914	2.2122497559	16.5082710846	6.4045267842
915	2.1944885254	15.7724977823	6.3797093797
916	2.8186035156	19.5106004468	4.2596194648
917	3.1834106445	12.0194538074	3.8955157123
918	1.4189147949	5.5055191922	5.2500405136
919	3.1129150391	13.0203475426	3.9273298512
920	1.5639953613	5.9110055195	5.3729524174
921	0.7849426270	4.8739757296	4.8939472052
922	2.0736083984	11.7137217618	6.1509801151
923	0.0004577637	0.0408793910	2.0230142660
924	0.9619750977	4.9754696632	4.9811155601
925	2.1380920410	13.6707268153	6.2814367180
926	2.8963012695	17.3539117477	4.1160152334
927	3.5319824219	8.4698692368	3.7273593206
928	2.8449096680	18.7428460351	4.2038507928
929	3.5541076660	8.2758963998	3.7099902549
930	0.0709533691	2.8855604280	3.6320341058
931	1.8083801270	7.3474754960	5.6646252595
932	3.1282043457	12.7900177522	3.9198618102
933	0.3423156738	4.4736721043	4.5776701130
934	1.0149841309	5.0101306473	5.0075155256
935	2.2821960449	19.6729183394	6.4533823148
936	2.1424865723	13.8212567682	6.2898557948
937	1.7986755371	7.2606275674	5.6503713062
938	1.2739562988	5.2576767633	5.1507113548
939	1.8084411621	7.3480324909	5.6647157153
940	2.0906066895	12.1851006762	6.1861382052
941	1.3186950684	5.3222324036	5.1793924262
942	0.5409545898	4.7164251668	4.7557043239
943	1.8203125000	7.4590120994	5.6825033471
944	1.6295471191	6.1760986105	5.4389852501
945	3.6360168457	7.5385835124	3.6299743420
946	1.8012390137	7.2832408467	5.6541117602
947	0.6300964355	4.7821648299	4.8112906661
948	0.5776367188	4.7452903266	4.7796279041
949	2.1855163574	15.4137875238	6.3658247722
950	2.6016235352	26.1134875343	5.1284766368
951	0.8549194336	4.9127293663	4.9286212173
952	1.7463989258	6.8464537000	5.5778448948
953	2.5917053223	26.3248956169	5.1867335352
954	2.4451599121	26.2659516500	6.0540446522
955	1.9674072266	9.3897915849	5.9359740531
956	0.8977661133	4.9370195279	4.9496019306
957	1.2818298340	5.2683951114	5.1556475392
958	1.3106079102	5.3098817256	5.1740908422
959	1.9716491699	9.4646635235	5.9441671562
960	1.8259582520	7.5136854034	5.6910991979
961	2.2244262695	17.0312931872	6.4191666124
962	0.2969360352	4.3794959543	4.5154148161
963	1.2038269043	5.1726515071	5.1086084464
964	3.5645751953	8.1837588621	3.7012261696
965	2.7923583984	20.3112150632	4.3239151226
966	3.3929443359	9.7165179733	3.8099115747
967	1.2580566406	5.2368054078	5.1408795684
968	1.7187194824	6.6593778756	5.5422039753
969	2.7511901855	21.6223305755	4.4447413580
970	1.3716430664	5.4115320200	5.2155087372
971	3.0372314453	14.2878230554	3.9717336740
972	0.9217834473	4.9510466484	4.9613581609
973	3.3724975586	9.9112029772	3.8193427550
974	3.8099365234	5.5689002830	3.3078442527
975	0.9286499023	4.9551274703	4.9647238596
976	3.4177246094	9.4860012278	3.7977712112
977	2.6721191406	24.1792441680	4.7569054102
978	1.2331237793	5.2060306241	5.1258106289
979	2.1049804688	12.6080319430	6.2155974494
980	3.7680358887	6.1375080934	3.4151448600
981	0.7734069824	4.8675757136	4.8881367380
982	0.3843078613	4.5431985170	4.6254601570
983	1.9498901367	9.0940985244	5.9026230300
984	2.6836853027	23.8155190307	4.7041836123
985	3.3955688477	9.6918377717	3.8086647235
986	3.6190795898	7.6952058621	3.6489041840
987	2.6089172363	25.9459669349	5.0864262794
988	0.9822387695	4.9883453779	4.9911492464
989	2.4669189453	26.7094380250	5.9404569117
990	2.4249877930	25.7236947220	6.1485518492
991	2.6651916504	24.3930665975	4.7896549887
992	1.6697998047	6.3740669246	5.4835064845
993	1.8630981445	7.9063095423	5.7498815009
994	1.0660400391	5.0470455418	5.0335421365
995	0.9402770996	4.9621188054	4.9704307624
996	1.1481933594	5.1164215766	5.0772650019
997	3.2705383301	10.9647177618	3.8612316160
998	1.3523254395	5.3771622595	5.2020378306
999	3.4198913574	9.4660954299	3.7966682912
1000	1.5468750000	5.8516235749	5.3569002156
