0	3.9317016602	2.5223526371	2.0160378786
1	2.5050964355	12.1700888839	4.9901002951
2	3.6730346680	10.9481026685	2.3658309354
3	2.2556152344	10.9654986942	5.4823070135
4	0.1728820801	0.3972770355	2.1328761597
5	2.8127441406	13.9488984075	4.3890285361
6	3.8800048828	4.4147658604	2.0502249226
7	0.8887329102	4.0841428605	4.3852213733
8	3.2598876953	15.7245561760	3.3951220568
9	1.1739196777	6.4043501405	5.8760016680
10	2.0346069336	10.1170902866	5.9304375638
11	3.7456359863	8.9254831053	2.2259076631
12	0.1120300293	0.2446397627	2.0758625198
13	3.6820678711	10.7158443072	2.3470149594
14	1.3609313965	7.6476168445	6.4735800472
15	3.2875061035	15.6960244444	3.3258856196
16	3.8879089355	4.1285257130	2.0437519882
17	2.8350830078	14.0815514308	4.3440981828
18	0.9726562500	4.7723101915	4.8489149735
19	3.2334594727	15.7264902952	3.4605560660
20	0.3175354004	0.8312776505	2.3271346411
21	2.5235290527	12.2694162466	4.9543248227
22	2.7678833008	13.6809645009	4.4783764355
23	1.6113586426	8.7650522554	6.6064385154
24	3.1593933105	15.6195840124	3.6392825456
25	3.1439819336	15.5796262333	3.6755747616
26	0.4485168457	1.3343261191	2.5958234915
27	3.9335937500	2.4524416933	2.0151513224
28	2.7824401855	13.7680164284	4.4495018852
29	2.8372802734	14.0945520207	4.3396612688
30	3.6647644043	11.1556922355	2.3833705165
31	0.4977416992	1.5564936527	2.7250087778
32	2.8731079102	14.3048568319	4.2668326754
33	0.8517761230	3.7911129858	4.1861302612
34	1.2848205566	7.1861964087	6.2843211352
35	3.8125000000	6.7812228873	2.1234893565
36	1.2673950195	7.0716236437	6.2302713001
37	3.0316772461	15.1530149980	3.9307967869
38	0.7892456055	3.3161782088	3.8636971023
39	0.1483764648	0.3339390657	2.1083969282
40	3.9078369141	3.4011522365	2.0294277967
41	2.4302673340	11.7807786173	5.1359402097
42	3.7905883789	7.5097154465	2.1539488704
43	1.2135620117	6.6976254713	6.0389582155
44	1.9256286621	9.7589987860	6.1463206821
45	2.0482788086	10.1643553428	5.9028005261
46	2.6778869629	13.1457493766	4.6549634046
47	2.9545898438	14.7636138824	4.0972799386
48	0.8475036621	3.7577745940	4.1634654764
49	3.6970214844	10.3188825217	2.3166893582
50	2.3861389160	11.5622043528	5.2225710865
51	1.4822082520	8.2558531108	6.6222526731
52	0.9279479980	4.4027122937	4.6008680970
53	3.9868469238	0.4834591977	2.0005807252
54	3.2909851074	15.6903718239	3.3171059038
55	3.1221008301	15.5140367172	3.7265671522
56	2.6060485840	12.7290180063	4.7944496005
57	0.4402770996	1.2990278876	2.5758119708
58	1.2281188965	6.8016451518	6.0942228544
59	1.5906982422	8.6909250100	6.6188619752
60	1.0877075195	5.7250383382	5.4674948051
61	1.7303771973	9.1574321173	6.4798921086
62	0.6377868652	2.3037500904	3.1904855077
63	1.2960510254	7.2582915669	6.3170545000
64	2.0525512695	10.1792488297	5.8941501779
65	1.0439758301	5.3657277544	5.2388634456
66	0.8344726563	3.6568484578	4.0948598755
67	2.7633666992	13.6539527152	4.4873143857
68	0.4859313965	1.5013850916	2.6924741133
69	3.5699768066	13.1806793504	2.6020517952
70	2.4013061523	11.6363832180	5.1927341847
71	3.1860656738	15.6753090609	3.5757356594
72	1.6361083984	8.8510118736	6.5873806361
73	3.1127319336	15.4830007783	3.7482095147
74	0.7095642090	2.7573443054	3.4882934529
75	1.1013793945	5.8357899896	5.5364654719
76	2.0961303711	10.3346894892	5.8056612192
77	0.8300781250	3.6230776322	4.0719099052
78	1.5633239746	8.5889225767	6.6300039156
79	0.1912231445	0.4464338350	2.1526318595
80	3.0109558105	15.0541645210	3.9761952330
81	0.0968933105	0.2089934439	2.0635574188
82	2.9689636230	14.8403170618	4.0667219856
83	2.2079467773	10.7660515853	5.5784664202
84	1.4094238281	7.9086687100	6.5546836742
85	3.4932250977	14.3456973737	2.7951616851
86	2.0295715332	10.0998305045	5.9405972464
87	0.0250854492	0.0511335121	2.0141232287
88	3.6613464355	11.2400638665	2.3907038910
89	0.9175720215	4.3177883464	4.5435079164
90	0.9646301270	4.7056283714	4.8043904024
91	3.8132019043	6.7575153201	2.1225660096
92	1.0595092773	5.4940811027	5.3213169129
93	3.8251953125	6.3491003422	2.1073011565
94	3.2545166016	15.7268768588	3.4084873037
95	1.3406372070	7.5308264408	6.4305918637
96	0.5266723633	1.6964796216	2.8089614566
97	1.5914611816	8.6937039903	6.6184626619
98	1.9099121094	9.7095731852	6.1764218388
99	1.3992309570	7.8558629886	6.5401226737
100	0.4476623535	1.3306410158	2.5937272840
101	3.9999694824	0.0011189848	2.0000000031
102	1.8664855957	9.5749355194	6.2574799293
103	2.3552551270	11.4142604888	5.2835388564
104	0.6263732910	2.2361015927	3.1468505386
105	3.8560180664	5.2734209916	2.0726025974
106	3.5043640137	14.2019465480	2.7666058025
107	1.8250732422	9.4482309058	6.3311098519
108	1.3677368164	7.6857727422	6.4867878381
109	1.7247619629	9.1398569822	6.4876117953
110	0.2926635742	0.7485273153	2.2869384357
111	2.4759216309	12.0155886096	5.0468288606
112	3.6849060059	10.6416919917	2.3411790907
113	0.7944641113	3.3546765464	3.8897668520
114	0.5589599609	1.8613322410	2.9099965982
115	3.9517211914	1.7817804784	2.0079524268
116	0.6311645508	2.2643498938	3.1650426042
117	3.8648986816	4.9574432379	2.0638403998
118	2.3839721680	11.5516889577	5.2268390045
119	1.9238891602	9.7535066407	6.1496695185
120	0.7569580078	3.0830201510	3.7062761731
121	0.4606018066	1.3870588591	2.6259944111
122	3.6209716797	12.1728369329	2.4807596326
123	1.2670898438	7.0695880604	6.2292896581
124	3.6919555664	10.4550896723	2.3268449502
125	0.0690307617	0.1456092836	2.0426899944
126	3.0402832031	15.1925688693	3.9117943414
127	0.3600158691	0.9814997726	2.4032945672
128	2.8521423340	14.1822069706	4.3095632558
129	1.5039978027	8.3503774269	6.6308257565
130	3.5989685059	12.6310521975	2.5321943792
131	3.5111389160	14.1104122621	2.7493055010
132	1.2716979980	7.1002194362	6.2439844758
133	2.3938903809	11.5999899950	5.2073141038
134	1.8352355957	9.4792395681	6.3134299989
135	0.5095214844	1.6126278282	2.7584554155
136	0.5602111816	1.8679079770	2.9140711191
137	3.7949523926	7.3664791366	2.1476325420
138	3.3879394531	15.3188718292	3.0683016697
139	0.3006591797	0.7747269146	2.2995215409
140	2.9845581055	14.9216376234	4.0333263812
141	2.9295349121	14.6264127645	4.1500559833
142	1.6412353516	8.8684687022	6.5828982213
143	3.7871398926	7.6222209744	2.1590265586
144	1.6760253906	8.9841774648	6.5480260557
145	3.0494384766	15.2336049027	3.8914817522
146	2.4940795898	12.1113505024	5.0115052401
147	3.7545166016	8.6548976126	2.2107275475
148	3.9622802734	1.3909155217	2.0048323578
149	1.4241333008	7.9829919674	6.5734209717
150	3.2546386719	15.7268353276	3.4081839203
151	0.9219970703	4.3539564430	4.5679502923
152	3.8244628906	6.3742172068	2.1082054376
153	3.4541320801	14.7858128314	2.8961935867
154	0.6600036621	2.4389581193	3.2783692871
155	1.1184082031	5.9723616649	5.6203813262
156	2.4791870117	12.0327120322	5.0404721661
157	0.9091186523	4.2489142195	4.4969129447
158	1.0205383301	5.1710778480	5.1123926718
159	2.5827331543	12.5968431242	4.8396103275
160	3.0855407715	15.3838131462	3.8103798499
161	3.2913818359	15.6896968809	3.3161039150
162	2.4895935059	12.0875691339	5.0202268982
163	1.3900756836	7.8075067255	6.5259272457
164	3.5771789551	13.0498634553	2.5844988464
165	0.3240356445	0.8535223823	2.3381609714
166	3.4579162598	14.7474735961	2.8863736121
167	1.0023803711	5.0198363096	5.0130853124
168	1.6193237305	8.7930355515	6.6007847334
169	1.5643005371	8.5926415983	6.6297162507
170	1.0731506348	5.6061893271	5.3926462953
171	2.9441833496	14.7071337356	4.1192742166
172	3.6907653809	10.4868347475	2.3292486522
173	2.1417236328	10.5046556014	5.7128847319
174	3.8844909668	4.2524823342	2.0464960383
175	3.6034545898	12.5405116662	2.5215880873
176	0.2909240723	0.7428769692	2.2842425776
177	2.6216430664	12.8183378597	4.7642272251
178	2.6121826172	12.7640675033	4.7825639868
179	2.1573486328	10.5647380952	5.6811095010
180	0.2719421387	0.6823471399	2.2557720794
181	3.9932250977	0.2487412899	2.0001535591
182	1.0419311523	5.3487870616	5.2279221811
183	3.6229553223	12.1297832554	2.4761981845
184	3.2955627441	15.6822027991	3.3055347420
185	1.7829284668	9.3196287820	6.4012371920
186	2.0446166992	10.1516365992	5.9102101808
187	1.0331115723	5.2756153294	5.1805156627
188	2.4153747559	11.7060778766	5.1651168927
189	0.2927246094	0.7487258930	2.2870332962
190	3.7206420898	9.6609775098	2.2710177855
191	0.7372741699	2.9453010594	3.6137747787
192	0.7835693359	3.2745546988	3.8355324505
193	1.9633483887	9.8796038959	6.0727894907
194	2.6696472168	13.0973285420	4.6710065044
195	1.8270568848	9.4542813340	6.3276803345
196	2.4832763672	12.0542169859	5.0325142402
197	2.8626403809	14.2437854275	4.2882079796
198	2.3849182129	11.5562776721	5.2249753756
199	2.6872863770	13.2011467014	4.6366427537
200	0.4853210449	1.4985686198	2.6908196178
201	3.2987670898	15.6759835821	3.2974223676
202	3.7728881836	8.0805726437	2.1808082546
203	3.6716003418	10.9844529309	2.3688517676
204	2.7304382324	13.4572631098	4.5522056949
205	1.5585937500	8.5708204395	6.6312783277
206	2.7977905273	13.8597314646	4.4189339703
207	2.9033508301	14.4790407851	4.2045844921
208	0.3362426758	0.8960093491	2.3594699838
209	3.7708129883	8.1463998124	2.1840853434
210	3.2511596680	15.7278168169	3.4168235117
211	0.2012329102	0.4739198751	2.1639552259
212	2.9292297363	14.6247169383	4.1506951089
213	0.8944091797	4.1298212930	4.4162114624
214	1.6462402344	8.8854024813	6.5783533412
215	1.1302185059	6.0660720962	5.6771719455
216	0.1018981934	0.2206828866	2.0675483606
217	3.8317871094	6.1220639209	2.0993275568
218	1.2377014160	6.8689756911	6.1291970097
219	0.1772766113	0.4089154022	2.1374950178
220	0.9945983887	4.9549879277	4.9702584751
221	3.6671142578	11.0972033287	2.3783572340
222	3.1660156250	15.6350604273	3.6235918343
223	1.0521545410	5.4333901071	5.2824294648
224	3.0028686523	15.0143018595	3.9937800059
225	3.0296630859	15.1436257752	3.9352315138
226	3.7270507813	9.4761512509	2.2591248584
227	1.1130981445	5.9299508457	5.5944633061
228	3.6091003418	12.4244682740	2.5083248175
229	2.5819702148	12.5925471029	4.8410878674
230	2.7666320801	13.6734813174	4.4808534564
231	2.9178161621	14.5609082640	4.1745366409
232	0.3398437500	0.9087233818	2.3659086986
233	0.6331787109	2.2762895780	3.1727443501
234	3.2000427246	15.6971325332	3.5420653683
235	0.8989868164	4.1667749424	4.4412684677
236	2.8477783203	14.1565224406	4.3184171082
237	0.8773498535	3.9930484903	4.3233722178
238	3.6565551758	11.3569270070	2.4010647623
239	1.1653442383	6.3391198216	5.8384856103
240	1.1186218262	5.9740643505	5.6214191209
241	0.2567138672	0.6352439253	2.2341523794
242	1.2489318848	6.9466985461	6.1687357417
243	1.4271850586	7.9981377528	6.5769759915
244	2.8033447266	13.8928764943	4.4078414486
245	0.9499511719	4.5839899949	4.7228931599
246	2.4679870605	11.9741607007	5.0622836386
247	3.0473632813	15.2244004822	3.8960947954
248	3.6750488281	10.8968123454	2.3616040938
249	3.4854125977	14.4415800042	2.8152627696
250	1.2021789551	6.6148698831	5.9939916573
251	2.2168884277	10.8027283434	5.5603830162
252	2.2110595703	10.7787814751	5.5721689681
253	1.9795837402	9.9325094455	6.0406824146
254	0.8819885254	4.0300857193	4.3485255977
255	1.2558898926	6.9941986045	6.1924362741
256	2.3000183105	11.1601043030	5.3933360669
257	3.5000915527	14.2580700893	2.7775431862
258	2.7496337891	13.5718517998	4.5144332418
259	0.0392456055	0.0808737269	2.0227770495
260	1.0737915039	5.6114397694	5.3959701416
261	2.5542907715	12.4380032304	4.8946977628
262	0.2534790039	0.6254006270	2.2296957456
263	1.5474548340	8.5276013601	6.6334867369
264	1.8645629883	9.5690263975	6.2609855753
265	1.7022705078	9.0687826480	6.5170240319
266	0.5675354004	1.9066841664	2.9381630143
267	0.5423583984	1.7754134000	2.8570642358
268	0.2868957520	0.7298593126	2.2780561434
269	2.2953186035	11.1390991971	5.4027234389
270	0.2361450195	0.5736012219	2.2066037505
271	2.3679809570	11.4747159001	5.2583812150
272	3.4447326660	14.8772093128	2.9206085638
273	0.3391418457	0.9062387097	2.3646481828
274	0.9433288574	4.5292806910	4.6861324151
275	2.8762512207	14.3231253591	4.2603973573
276	2.2633972168	10.9989844263	5.4666699456
277	0.4821166992	1.4838325889	2.6821765519
278	0.4075317383	1.1638564235	2.5006387568
279	3.4778747559	14.5302858315	2.8347062689
280	2.9467163086	14.7209503249	4.1139305888
281	3.1286621094	15.5347439144	3.7113423375
282	3.4008789063	15.2342602400	3.0346836562
283	0.3179931641	0.8328356530	2.3279039437
284	2.5588989258	12.4635504018	4.8857711003
285	2.6773681641	13.1426966374	4.6559739830
286	3.8940124512	3.9065479448	2.0390608844
287	1.5770263672	8.6405514291	6.6252138681
288	3.7317199707	9.3398379235	2.2505995447
289	3.8844299316	4.2546934440	2.0465458021
290	2.3253479004	11.2749845822	5.3428647477
291	3.8964843750	3.8164323493	2.0372372937
292	0.4964904785	1.5506000709	2.7215148668
293	1.3518676758	7.5960147141	6.4550493706
294	2.9958190918	14.9790088479	4.0090489512
295	3.9297180176	2.5956185059	2.0169948752
296	3.2410888672	15.7283353043	3.4417520673
297	0.1408081055	0.3148984149	2.1012610852
298	3.5882263184	12.8418630920	2.5578228978
299	3.0176696777	15.0867266083	3.9615401836
300	2.7919311523	13.8247390903	4.4306171457
301	3.5097351074	14.1296357211	2.7528856933
302	3.8119506836	6.7997612065	2.1242142723
303	0.9897155762	4.9143058119	4.9433217718
304	3.6211853027	12.1682142320	2.4802677713
305	0.7778320313	3.2327540197	3.8072723274
306	1.1723022461	6.3920929312	5.8689847360
307	2.0894165039	10.3103101954	5.8193155734
308	0.1785583496	0.4123263433	2.1388556460
309	3.3132019043	15.6427231707	3.2607545117
310	3.8652648926	4.9443620801	2.0634910808
311	3.0252685547	15.1229715971	3.9448907612
312	3.3485107422	15.5230293419	3.1702974129
313	3.6462097168	11.6036260656	2.4237491856
314	2.7967834473	13.8537189062	4.4209433765
315	1.1465454102	6.1941036320	5.7536261358
316	3.0321960449	15.1554254581	3.9296537348
317	3.7077331543	10.0251390007	2.2956279488
318	2.7274475098	13.4394369334	4.5580778117
319	3.7440490723	8.9733360083	2.2286682028
320	2.8545837402	14.1965546122	4.3046040988
321	2.1924133301	10.7031314577	5.6099250904
322	0.5420532227	1.7738570230	2.8561107732
323	0.4758300781	1.4551669572	2.6654287487
324	1.9963684082	9.9879129268	6.0072587260
325	0.0469970703	0.0974317711	2.0277317162
326	2.6440429688	12.9478130239	4.7207722237
327	0.9181213379	4.3222740264	4.5465403619
328	3.1510620117	15.5986523112	3.6589406547
329	3.0835571289	15.3760802411	3.8148783017
330	2.4750061035	12.0107953983	5.0486114752
331	1.2409973145	6.8919196209	6.1409641296
332	2.6070556641	12.7347647618	4.7924984021
333	3.7178649902	9.7402436101	2.2762391296
334	0.1593627930	0.3620115109	2.1191076246
335	0.0091247559	0.0183752947	2.0049635671
336	0.4546203613	1.3608147424	2.6109384097
337	2.8325500488	14.0665528033	4.3492089485
338	3.2737426758	15.7137979509	3.3604939283
339	1.1077270508	5.8868873824	5.5680147141
340	3.9179077148	3.0310987935	2.0232775450
341	1.7654418945	9.2660182433	6.4286095587
342	0.7415771484	2.9751130028	3.6337623135
343	2.7930908203	13.8316665250	4.4283063583
344	2.8120727539	13.9449001749	4.3903740627
345	1.4228515625	7.9766028905	6.5718940284
346	2.8526916504	14.1854365555	4.3084478203
347	1.8686218262	9.5815053680	6.2535757123
348	2.1251525879	10.4419734936	5.7466037674
349	3.5179443359	14.0153049529	2.7319851800
350	3.4077148438	15.1858588392	3.0169066863
351	1.9854736328	9.9518663821	6.0289784051
352	1.7252502441	9.1413877012	6.4869462775
353	0.9338073730	4.4508397272	4.6333235337
354	2.9876708984	14.9376145442	4.0266293243
355	1.0683288574	5.5666368626	5.3675580589
356	3.1925048828	15.6860235537	3.5602551868
357	1.2119140625	6.6857204902	6.0325423288
358	3.3485412598	15.5229010927	3.1702188176
359	1.8662109375	9.5740911452	6.2579812111
360	0.7761230469	3.2203558432	3.7988953327
361	1.1653137207	6.3388866227	5.8383507342
362	3.9407958984	2.1861322591	2.0120109028
363	3.6283264160	12.0117611839	2.4639137973
364	3.4763793945	14.5474432409	2.8385686452
365	2.6170043945	12.7916959511	4.7732191149
366	1.5537719727	8.5522152312	6.6323722099
367	3.9047241211	3.5152355152	2.0314766655
368	2.2516784668	10.9486586234	5.4902244294
369	0.2630615234	0.6547236084	2.2430349402
370	2.0854797363	10.2960899389	5.8273194455
371	0.4721374512	1.4384797632	2.6557197549
372	0.3506469727	0.9473673600	2.3856497801
373	2.6611022949	13.0472647223	4.6876284109
374	1.4368896484	8.0456863113	6.5875323790
375	1.3848266602	7.7793827506	6.5173074008
376	1.7690429688	9.2770805394	6.4230640591
377	3.3433837891	15.5439484123	3.1834922096
378	0.5315246582	1.7206659434	2.8236449717
379	0.1502075195	0.3385819595	2.1101528445
380	1.8318786621	9.4689928598	6.3193001784
381	2.0552978516	10.1888547590	5.8885861694
382	1.4601440430	8.1559102686	6.6082862741
383	2.0298156738	10.1006655361	5.9401049161
384	2.9003906250	14.4621615363	4.2107109978
385	2.1183776855	10.4166485347	5.7603919390
386	2.7500305176	13.5742225906	4.5136509750
387	1.4649353027	8.1779879121	6.6117841526
388	2.2041015625	10.7503824562	5.5862487819
389	2.9188842773	14.5669104870	4.1723105312
390	2.7597351074	13.6322360156	4.4944940713
391	1.6274719238	8.8213430824	6.5945250183
392	2.7979431152	13.8606423895	4.4186294650
393	2.5208129883	12.2546989134	4.9595937389
394	1.1984252930	6.5873160161	5.9788341307
395	0.0956726074	0.2061566908	2.0625954922
396	1.6440429688	8.8779809757	6.5803690248
397	1.4043579102	7.8825587767	6.5476095593
398	0.7705993652	3.1804514477	3.7719499711
399	2.6549682617	13.0114260012	4.6995517786
400	2.8190307617	13.9863079410	4.3764161468
401	1.3291320801	7.4626023733	6.4038109317
402	2.9454650879	14.7141306979	4.1165709954
403	1.2237243652	6.7704612600	6.0778081252
404	1.8458862305	9.5117828250	6.2946178495
405	3.3224487305	15.6167704789	3.2371643922
406	0.8515319824	3.7892047254	4.1848329481
407	2.9039916992	14.4826896730	4.2032571420
408	2.1510925293	10.5405662063	5.6938290270
409	0.7925415039	3.3404673385	3.8801427653
410	3.2962036133	15.6809921519	3.3039130878
411	3.1573486328	15.6145957477	3.6441155077
412	2.6465148926	12.9621805692	4.7159726402
413	0.7670288086	3.1547947186	3.7546393422
414	1.9101867676	9.7104332802	6.1758989185
415	3.1056213379	15.4583357642	3.7645591252
416	0.4365844727	1.2833794098	2.5669891548
417	3.2559204102	15.7263679212	3.4049973452
418	3.4170837402	15.1152645628	2.9925318277
419	1.9567260742	9.8582056609	6.0858141648
420	2.6502990723	12.9842043058	4.7086232600
421	3.7401733398	9.0895616516	2.2354705391
422	1.0279846191	5.2330154643	5.1528093114
423	1.5554199219	8.5585915145	6.6320218425
424	1.3981018066	7.8499466809	6.5384292929
425	3.7848205566	7.6975445629	2.1624842717
426	0.9608459473	4.6742274198	4.7833848595
427	0.0590820313	0.1236493245	2.0357728676
428	1.8541870117	9.5371918254	6.2797673263
429	3.7772521973	7.9413735309	2.1740035169
430	0.0852050781	0.1820592828	2.0545289735
431	0.7384338379	2.9533191414	3.6191484442
432	2.4632873535	11.9497439408	5.0714436077
433	2.7905578613	13.8165344833	4.4333526541
434	0.6915588379	2.6390098393	3.4098383507
435	2.9034729004	14.4797359606	4.2043316908
436	0.2727966309	0.6850281411	2.2570169608
437	2.5717468262	12.5351649398	4.8608868853
438	1.3859558105	7.7854574072	6.5191914118
439	3.9541015625	1.6936578176	2.0071804504
440	0.3898315430	1.0940760864	2.4628033868
441	0.6551208496	2.4088419502	3.2587209174
442	3.1095886230	15.4722130705	3.7554450942
443	0.5559997559	1.8458311989	2.9004045753
444	1.5632019043	8.5884572642	6.6300392855
445	2.6004028320	12.6968577931	4.8053870615
446	1.2832031250	7.1756999100	6.2794706651
447	3.9413757324	2.1646809724	2.0117741791
448	0.8905334473	4.0986145905	4.3950414910
449	3.3561706543	15.4894358250	3.1505505711
450	1.0766906738	5.6351718970	5.4109745933
451	3.3346862793	15.5766252870	3.2058323853
452	3.6501770020	11.5099351969	2.4150005479
453	2.7480773926	13.5625517752	4.5175014860
454	2.8036804199	13.8948788759	4.4071704539
455	3.5036010742	14.2120590896	2.7685574132
456	2.2583007813	10.9770249242	5.4769086322
457	3.0921325684	15.4090418407	3.7953952508
458	1.4409179688	8.0651516958	6.5915827997
459	0.4345092773	1.2746311488	2.5620700450
460	2.3509826660	11.3941230903	5.2919964755
461	0.9329528809	4.4438139752	4.6285880904
462	1.2729797363	7.1086989976	6.2480229657
463	2.1336059570	10.4738174170	5.7294010278
464	0.9910888672	4.9257466403	4.9509023084
465	1.9070739746	9.7006927490	6.1818185357
466	3.6616516113	11.2325646300	2.3900471515
467	3.5523986816	13.4842020678	2.6453800731
468	0.0004577637	0.0009158418	2.0002443829
469	1.7312927246	9.1602919339	6.4786198408
470	2.9405517578	14.6872495120	4.1269246783
471	0.6387023926	2.3092296910	3.1940302063
472	3.4169006348	15.1166920484	2.9930082814
473	0.3158264160	0.8254724605	2.3242721587
474	0.4346008301	1.2750164068	2.5622864722
475	1.5122375488	8.3850965950	6.6327698036
476	0.0761108398	0.1614492216	2.0477805317
477	3.0026855469	15.0133914632	3.9941773010
478	3.6045837402	12.5174900475	2.5189277788
479	2.7655944824	13.6672758377	4.4829070067
480	0.3188781738	0.8358514421	2.3293943436
481	2.9288940430	14.6228508908	4.1513980466
482	1.3167724609	7.3876817734	6.3730905097
483	1.8898620605	9.6471014033	6.2142667320
484	2.8229370117	14.0095244827	4.3685669486
485	1.5148315430	8.3959143543	6.6332383540
486	1.2372131348	6.8655671989	6.1274422603
487	1.8254699707	9.4494409212	6.3304247995
488	0.5601806641	1.8677474251	2.9139715979
489	2.0774536133	10.2672675484	5.8436301993
490	3.3515625000	15.5099840823	3.1624347674
491	2.6380310059	12.9129336719	4.7324415124
492	0.8785400391	4.0025401366	4.3298191348
493	1.5686645508	8.6091860278	6.6283291115
494	0.6093444824	2.1374498453	3.0836596669
495	2.3190002441	11.2459303418	5.3554934581
496	3.7090759277	9.9877726586	2.2930281368
497	0.4384460449	1.2912552049	2.5714258421
498	3.6936645508	10.4093367324	2.3234052374
499	2.7115478516	13.3448313480	4.5892425227
500	1.8980712891	9.6726074443	6.1988523231
501	0.6233215332	2.2182217428	3.1353577373
502	1.9156494141	9.7275658584	6.1654749678
503	3.5612792969	13.3336440820	2.6234077413
504	0.6639404297	2.4634034045	3.2943470980
505	2.6594848633	13.0378064073	4.6907730653
506	2.2340698242	10.8741515005	5.5256929464
507	2.6920471191	13.2292664536	4.6273548296
508	1.1793518066	6.4453560259	5.8993638619
509	3.9211730957	2.9108367438	2.0214401822
510	2.3997497559	11.6287253962	5.1957928617
511	0.3067932129	0.7950831194	2.3093909107
512	2.2781982422	11.0633986959	5.4369799963
513	1.9838562012	9.9465417913	6.0321952344
514	2.2251586914	10.8369514412	5.5436752454
515	2.4132080078	11.6952885332	5.1693667642
516	2.2876892090	11.1052061645	5.4179777661
517	3.1127014160	15.4828969351	3.7482798246
518	0.9790039063	4.8251118271	4.8840878331
519	2.3746032715	11.5064566018	5.2453094515
520	3.9853210449	0.5396805381	2.0007238441
521	0.8756103516	3.9791903494	4.3139585938
522	2.9056396484	14.4920635804	4.1998423238
523	0.5856628418	2.0047579972	2.9995725380
524	3.6809997559	10.7436055954	2.3492207645
525	1.8817138672	9.6218743106	6.2294480880
526	3.8696289063	4.7881813358	2.0594018090
527	2.2731628418	11.0413775410	5.4470730767
528	0.4239196777	1.2304992213	2.5374029334
529	3.6444702148	11.6443464743	2.4276041767
530	0.1254272461	0.2769331064	2.0873514711
531	1.4219055176	7.9718765420	6.5707541259
532	0.3347473145	0.8907541144	2.3568168594
533	1.5701293945	8.6147122271	6.6278265295
534	1.2117004395	6.6841753572	6.0317082922
535	2.8253479004	14.0238416101	4.3637176972
536	2.0626220703	10.2145927448	5.8737380668
537	0.0708312988	0.1496206764	2.0439711907
538	2.9709472656	14.8507750369	4.0624882052
539	1.2614440918	7.0317510797	6.2109131858
540	3.3670654297	15.4367138589	3.1224020379
541	2.8031005859	13.8914201493	4.4083294038
542	3.6940612793	10.3986868581	2.3226087239
543	1.7935180664	9.3519897908	6.3841406233
544	1.8251953125	9.4486032147	6.3308991121
545	2.0308532715	10.1042164663	5.9380122111
546	0.3898010254	1.0939577075	2.4627397977
547	2.1958007813	10.7167672525	5.6030602358
548	3.6635742188	11.1851663278	2.3859185756
549	0.1139831543	0.2493036307	2.0775019573
550	1.1794128418	6.4458153526	5.8996245576
551	2.5044860840	12.1668222601	4.9912856874
552	3.7154235840	9.8095121041	2.2808627001
553	2.1213684082	10.4278066409	5.7543052270
554	2.8160095215	13.9683361982	4.3824804741
555	1.6933593750	9.0402788514	6.5279700997
556	0.5025024414	1.5790385106	2.7384054361
557	0.5693359375	1.9162911845	2.9441488237
558	0.3292846680	0.8716768680	2.3472267046
559	1.4745788574	8.2217894180	6.6180380444
560	2.4422302246	11.8414659608	5.1125440584
561	0.2848815918	0.7233855732	2.2749924026
562	3.7948913574	7.3684889971	2.1477200349
563	3.2244873047	15.7219355352	3.4825782716
564	0.1796569824	0.4152559387	2.1400267652
565	2.3939208984	11.6001392731	5.2072540717
566	3.2290649414	15.7245764811	3.4713548753
567	3.0344238281	15.1657387665	3.9247417218
568	1.0445556641	5.3705301044	5.2419626708
569	1.4346618652	8.0348532524	6.5852092098
570	3.6080932617	12.4453392589	2.5106836318
571	0.8864746094	4.0660155540	4.3729183425
572	2.6334228516	12.8862615982	4.7413826329
573	1.5957336426	8.7092056383	6.6161407207
574	0.0129089355	0.0260703611	2.0070796487
575	2.9542541504	14.7618039070	4.0979911068
576	1.5164794922	8.4027592645	6.6335007162
577	3.0796203613	15.3605444693	3.8237912599
578	3.8985595703	3.7406897682	2.0357403685
579	2.0286254883	10.0965964853	5.9425047680
580	2.0697631836	10.2398608122	5.8592477465
581	0.5908813477	2.0335511431	3.0177247274
582	3.4888305664	14.4001284034	2.8064617572
583	2.0686645508	10.2359621461	5.8614778096
584	1.4320983887	8.0223274213	6.5824623220
585	3.9494323730	1.8665109402	2.0087325116
586	0.2956542969	0.7582832084	2.2916081144
587	2.8771972656	14.3286168830	4.2584589959
588	1.5872192383	8.6782106503	6.6206234234
589	2.8287963867	14.0443037553	4.3567749316
590	3.7637023926	8.3701353192	2.1955137045
591	3.9017639160	3.6235802481	2.0334898997
592	1.5706481934	8.6166661791	6.6276441059
593	1.6194458008	8.7934619772	6.6006944712
594	3.0399475098	15.1910434603	3.9125372231
595	0.1603088379	0.3644531863	2.1200497687
596	1.8019104004	9.3776007935	6.3703307029
597	2.4170227051	11.7142973320	5.1618854449
598	1.8681335449	9.5800032944	6.2544689384
599	1.2920532227	7.2327851672	6.3055919060
600	1.5413818359	8.5036772793	6.6342115977
601	2.1356811523	10.4816766109	5.7251784350
602	1.6083984375	8.7545707690	6.6084197260
603	2.7331237793	13.4732774468	4.5469299158
604	2.4725036621	11.9977113159	5.0534847826
605	3.7463378906	8.9042687000	2.2246912551
606	3.3816833496	15.3565657566	3.0845358484
607	2.0175170898	10.0588257711	5.9648702521
608	3.4086914063	15.1787318235	3.0143664582
609	0.6399230957	2.3165481388	3.1987667644
610	3.3393554688	15.5595186013	3.1938462999
611	1.2027282715	6.6188912786	5.9961962494
612	2.1253356934	10.4426603639	5.7462311219
613	0.1157226563	0.2534699511	2.0789721932
614	2.0576782227	10.1972000284	5.8837621944
615	0.4206237793	1.2169360904	2.5298725814
616	0.3169860840	0.8294097448	2.3262129105
617	3.9946289063	0.1971484823	2.0000964428
618	3.0573730469	15.2682561661	3.8737953664
619	1.5531616211	8.5498489860	6.6324957508
620	0.6792297363	2.5597300042	3.3575499280
621	3.3573913574	15.4838197590	3.1474001814
622	2.4482116699	11.8720354159	5.1008589235
623	1.0332336426	5.2766290866	5.1811740583
624	1.1158142090	5.9516644623	5.6077492363
625	0.4079284668	1.1654463827	2.5015088565
626	0.6984252930	2.6837809730	3.4394664758
627	1.7703857422	9.2812022233	6.4209838428
628	3.0706176758	15.3240971525	3.8441003418
629	2.4616699219	11.9413617589	5.0745971302
630	1.5293273926	8.4554049507	6.6346196309
631	1.2016906738	6.6112929695	5.9920291006
632	2.9847717285	14.9227368941	4.0328671130
633	2.0587158203	10.2008435903	5.8816589235
634	1.9347839355	9.7879998018	6.1286290151
635	3.4674072266	14.6473599947	2.8617746913
636	0.8785095215	4.0022966626	4.3296537688
637	0.2022094727	0.4766268833	2.1650809251
638	3.3258056641	15.6064243665	3.2285819009
639	1.7118225098	9.0991097744	6.5048363557
640	2.0585021973	10.2000931526	5.8820919747
641	3.7215576172	9.6347359726	2.2693053840
642	1.8000488281	9.3719217764	6.3734132678
643	3.5090942383	14.1383669038	2.7545209373
644	3.9494934082	1.8642515324	2.0087112279
645	3.7607421875	8.4624347851	2.2003615700
646	2.5362854004	12.3389069537	4.9295889791
647	2.4138793945	11.6986295564	5.1680497665
648	0.0517578125	0.1077007599	2.0308528739
649	2.3916931152	11.5892525942	5.2116371297
650	3.3141174316	15.6403181558	3.2584222649
651	0.6372680664	2.3006484966	3.1884797826
652	1.0227661133	5.1896155580	5.1245053875
653	0.3523254395	0.9534396552	2.3887747521
654	3.1582641602	15.6168413980	3.6419521738
655	2.8475036621	14.1549043517	4.3189738914
656	2.8843994141	14.3703160741	4.2436790968
657	0.9101257324	4.2571036896	4.5024565289
658	3.1082763672	15.4676549739	3.7584619874
659	0.0957641602	0.2063692533	2.0626674815
660	3.3550109863	15.4947038159	3.1535425775
661	0.8501281738	3.7782397449	4.1773784969
662	2.1130065918	10.3966937717	5.7713230020
663	1.8669128418	9.5762491342	6.2566998445
664	1.3063049316	7.3229108162	6.3454923863
665	1.5885009766	8.6829029839	6.6199858464
666	1.0501098633	5.4164904730	5.2715687117
667	0.2553405762	0.6310582900	2.2322546696
668	3.3455810547	15.5351352385	3.1778395617
669	0.4105834961	1.1761164904	2.5073570534
670	1.8706359863	9.5877039483	6.2498859814
671	0.2657165527	0.6629365876	2.2468047831
672	2.5224914551	12.2637906107	4.9563375687
673	2.8342285156	14.0764930445	4.3458227744
674	0.8684997559	3.9227221565	4.2755909901
675	0.2387084961	0.5811625632	2.2099361852
676	1.1613769531	6.3087420025	5.8208716382
677	1.0982360840	5.8104085831	5.5207289983
678	0.0751037598	0.1591852388	2.0470478051
679	0.4019470215	1.1415961495	2.4884938663
680	2.8180236816	13.9803187793	4.3784382180
681	1.7753906250	9.2965505345	6.4131719819
682	0.7787475586	3.2394059610	3.8117677702
683	2.5455322266	12.3896532734	4.9116674823
684	2.3618774414	11.4456318601	5.2704409166
685	0.5109252930	1.6193960452	2.7625083340
686	1.1692199707	6.3686752753	5.8555365020
687	2.8231201172	14.0106121855	4.3681987811
688	1.1830139160	6.4728593272	5.9149340900
689	2.8857421875	14.3780687747	4.2409189077
690	2.1073608398	10.3758344045	5.7828122372
691	3.6774291992	10.8358280145	2.3566317981
692	0.5241394043	1.6839356723	2.8013659646
693	2.4046936035	11.6530864215	5.1860794353
694	0.0195617676	0.0397063648	2.0108832384
695	0.8912353516	4.1042605952	4.3988722459
696	1.9376831055	9.7972178382	6.1230043148
697	3.6098022461	12.4098778292	2.5066826353
698	3.9172668457	3.0546871355	2.0236471579
699	0.7629699707	3.1257619858	3.7350649240
700	3.8677978516	4.8537777210	2.0611010749
701	0.3187255859	0.8353311349	2.3291370880
702	3.5415649414	13.6602306623	2.6723942601
703	1.4076843262	7.8997331578	6.5522907476
704	3.3573608398	15.4839610478	3.1474789524
705	0.9877624512	4.8980361607	4.9325347643
706	1.6326904297	8.8393102520	6.5902697392
707	1.1826782227	6.4703429796	5.9135128952
708	0.8800659180	4.0147204009	4.3380914434
709	3.2004394531	15.6976735146	3.5411059823
710	3.3244934082	15.6105280823	3.2319380126
711	0.2383422852	0.5800802881	2.2094583894
712	0.2974243164	0.7640817948	2.2943925690
713	3.2804870605	15.7059927691	3.3435604747
714	3.6641540527	11.1708197805	2.3846764724
715	0.1940002441	0.4540121942	2.1557343927
716	1.9407348633	9.8069395179	6.1170724492
717	3.0304565430	15.1473304186	3.9334850700
718	0.2564697266	0.6344990693	2.2338143880
719	1.9385681152	9.8000351576	6.1212852363
720	1.8182983398	9.4275716159	6.3427415988
721	0.5946044922	2.0542475755	3.0308055013
722	3.0335693359	15.1617901939	3.9266264752
723	2.5564270020	12.4498370555	4.8905594522
724	2.9472045898	14.7236087414	4.1128997704
725	3.4476013184	14.8498910613	2.9131541208
726	0.1493835449	0.3364908964	2.1093612492
727	2.3781127930	11.5233554433	5.2383874503
728	3.8105163574	6.8481026003	2.1261166000
729	0.5074157715	1.6025070399	2.7524029189
730	3.9991455078	0.0313368243	2.0000024350
731	3.1562805176	15.6119511410	3.6466380054
732	0.9393615723	4.4965636896	4.6641203531
733	3.3739013672	15.4005977315	3.1047069388
734	3.3639831543	15.4522270556	3.1303725681
735	2.3662414551	11.4664103155	5.2618170517
736	2.6197204590	12.8072881181	4.7679543666
737	1.6918945313	9.0355724533	6.5297291076
738	2.6804199219	13.1606614494	4.6500284860
739	1.6319274902	8.8366911810	6.5909036668
740	1.7247619629	9.1398569822	6.4876117953
741	3.6395874023	11.7574758700	2.4384860930
742	3.4348754883	14.9672776306	2.9462390284
743	0.2766113281	0.6970467667	2.2626162597
744	0.6716003418	2.5113871141	3.3257835623
745	0.5417785645	1.7724569899	2.8552532574
746	3.6832275391	10.6856133162	2.3446259598
747	1.9986572266	9.9955265885	6.0026849428
748	1.5035095215	8.3483027385	6.6306885877
749	2.6081237793	12.7408631030	4.7904288793
750	1.6954345703	9.0469359555	6.5254584731
751	0.6723632813	2.5161967032	3.3289397935
752	2.0968933105	10.3374701269	5.8041092908
753	1.7964782715	9.3610262929	6.3792951512
754	1.7248229980	9.1400483481	6.4875286661
755	3.2737121582	15.7138293831	3.3605704374
756	1.4933166504	8.3045435624	6.6272551745
757	3.8011169434	7.1625424398	2.1389204385
758	1.9028930664	9.6876342448	6.1897454554
759	3.9311218262	2.5437718767	2.0163146988
760	1.3564758301	7.6223624384	6.4646051859
761	1.1660766602	6.3447143624	5.8417197537
762	3.2586669922	15.7251726963	3.3981625447
763	1.1012878418	5.8350514449	5.5360081769
764	3.5543823242	13.4510635384	2.6404582101
765	1.5234069824	8.4313021810	6.6343065066
766	0.8633117676	3.8817100402	4.2477173478
767	2.8699035645	14.2861989802	4.2733850392
768	2.8662414551	14.2648346338	4.2808637927
769	2.9564208984	14.7734719910	4.0933988522
770	1.0996398926	5.8217502249	5.5277660734
771	0.3775329590	1.0468983817	2.4376268023
772	3.8145751953	6.7110673176	2.1207689969
773	3.4880371094	14.4098198139	2.8085039358
774	1.0565795898	5.4699243971	5.3058607433
775	3.3702392578	15.4202406242	3.1141894195
776	1.6222229004	8.8031437058	6.5986119230
777	0.6940002441	2.6548779575	3.4203314276
778	0.0488891602	0.1015039031	2.0289649942
779	1.8755187988	9.6027483848	6.2409071834
780	2.2943115234	11.1346107060	5.4047359424
781	0.4412536621	1.3031838881	2.5781602546
782	2.2614440918	10.9905555058	5.4705928248
783	2.0030517578	10.0101855109	5.9938934161
784	1.8254699707	9.4494409212	6.3304247995
785	1.7510681152	9.2217178366	6.4502453048
786	1.5189514160	8.4129868100	6.6338431267
787	0.8703613281	3.9374773141	4.2856178001
788	2.5316162109	12.3134012968	4.9386411645
789	3.7875061035	7.6103023736	2.1584837312
790	3.1804199219	15.6650118808	3.5892642500
791	0.6537475586	2.4004123975	3.2532285885
792	1.5071716309	8.3638155735	6.6316571913
793	1.9705505371	9.9029934049	6.0585759387
794	1.1586914063	6.2881084356	5.8088574614
795	3.7640075684	8.3605914649	2.1950169200
796	3.2070007324	15.7059738493	3.5252099540
797	2.2144775391	10.7928062713	5.5652568176
798	3.0649108887	15.3003521631	3.8569218175
799	2.1472167969	10.5256689420	5.7017110314
800	3.1535339355	15.6050295401	3.6531175447
801	2.2910461426	11.1200876863	5.4112635686
802	1.4781799316	8.2379315691	6.6201072767
803	2.7104797363	13.3384870527	4.5913330631
804	2.7686462402	13.6855274538	4.4768656893
805	2.3179626465	11.2411979515	5.3575590087
806	3.3400573730	15.5568599867	3.1920430403
807	1.8727416992	9.5941887427	6.2460197229
808	0.3308715820	0.8771994410	2.3499962500
809	0.3719177246	1.0257069539	2.4264282260
810	2.4739990234	12.0055267937	5.0505725378
811	0.2406311035	0.5868559393	2.2124541287
812	1.0573120117	5.4759659989	5.3097291113
813	1.2270812988	6.7942995079	6.0903683174
814	1.2299499512	6.8145819556	6.1009929399
815	3.4091186523	15.1755969330	3.0132550651
816	0.3106384277	0.8079587145	2.3156745617
817	0.2182006836	0.5216107365	2.1840568592
818	1.2539062500	6.9807084282	6.1857420940
819	0.8873596191	4.0731163341	4.3777379541
820	0.9312438965	4.4297697049	4.6191195073
821	2.2290649414	10.8532167011	5.5357899633
822	2.3824157715	11.5441482667	5.2299055557
823	0.1495361328	0.3368779127	2.1095076638
824	2.6942138672	13.2420774772	4.6231256047
825	0.8056030273	3.4375790132	3.9459621066
826	0.6621093750	2.4520152823	3.2869004357
827	3.8104858398	6.8491301275	2.1261572241
828	0.8913574219	4.1052427640	4.3995386097
829	3.3943786621	15.2778985524	3.0515779984
830	2.4941711426	12.1118366667	5.0113272816
831	1.9266662598	9.7622774927	6.1443211756
832	1.0382385254	5.3181697977	5.2081147327
833	1.7055969238	9.0793693681	6.5128321338
834	2.9040222168	14.4828633812	4.2031939260
835	0.4217834473	1.2216990352	2.5325142502
836	3.7061462402	10.0691439686	2.2987121831
837	1.2016906738	6.6112929695	5.9920291006
838	3.9356689453	2.3757380773	2.0142084369
839	3.6376647949	11.8015449200	2.4427951057
840	3.4792480469	14.5144011300	2.8311606349
841	3.7103271484	9.9528459465	2.2906138158
842	2.1714477539	10.6197855828	5.6524626604
843	2.0099792480	10.0334042043	5.9800095624
844	1.0365905762	5.3044969571	5.1992557367
845	1.1628723145	6.3202067101	5.8275296487
846	2.3763122559	11.5146788820	5.2419382707
847	3.8690795898	4.8078701281	2.0599090800
848	1.3590393066	7.6369188576	6.4698005331
849	3.4576110840	14.7505985964	2.8871653146
850	3.2675781250	15.7194474930	3.3759278253
851	3.3657226563	15.4435305636	3.1258749909
852	3.0613708496	15.2853807944	3.8648549584
853	0.4479980469	1.3320880547	2.5945502138
854	3.4092712402	15.1744748447	3.0128581329
855	3.5219421387	13.9579460915	2.7218396240
856	0.8493347168	3.7720478351	4.1731689787
857	3.0560302734	15.2624535130	3.8767938499
858	0.2318115234	0.5608959737	2.2010344085
859	0.4067077637	1.1605578681	2.4988347502
860	3.1016235352	15.4440616590	3.7737227140
861	3.5103759766	14.1208764996	2.7512509543
862	3.1764831543	15.6573437549	3.5986731052
863	3.4367675781	14.9504422203	2.9413177005
864	1.5769958496	8.6404377418	6.6252263157
865	3.7098083496	9.9673403885	2.2916139095
866	1.9649658203	9.8848457965	6.0696017477
867	1.8024597168	9.3792763955	6.3694190292
868	1.2461853027	6.9278100017	6.1592118824
869	3.7114562988	9.9212374516	2.2884418863
870	0.9938354492	4.9486307578	4.9660526830
871	0.0184631348	0.0374450246	2.0102477318
872	0.2489929199	0.6118427566	2.2235927346
873	1.3439636230	7.5502795684	6.4380092039
874	3.8541564941	5.3393431847	2.0745100550
875	0.5995788574	2.0821000438	3.0484517036
876	2.9763488770	14.8790879057	4.0509384591
877	0.9459228516	4.5506966741	4.7005297262
878	3.9759521484	0.8853678885	2.0019517526
879	3.8614501953	5.0804292065	2.0671765357
880	0.2773132324	0.6992671041	2.2636540002
881	1.2290649414	6.8083333335	6.0977258450
882	3.3977966309	15.2552401631	3.0426959390
883	1.8464965820	9.5136496084	6.2935314023
884	3.7911071777	7.4927374649	2.1531915585
885	1.2666625977	7.0667365755	6.2279133429
886	1.6613159180	8.9358049053	6.5636861859
887	1.3745422363	7.7234263196	6.4993933523
888	0.4040832520	1.1500842839	2.4931166958
889	0.6065673828	2.1216191961	3.0735711005
890	2.8306884766	14.0555219431	4.3529623413
891	3.2186889648	15.7176602491	3.4967571075
892	2.8319091797	14.0627560231	4.3505013583
893	2.5097656250	12.1951263553	4.9810337858
894	1.6372680664	8.8549703822	6.5863822867
895	0.4060363770	1.1578738128	2.4973679332
896	2.3264465332	11.2800312032	5.3406803347
897	0.3134765625	0.8175194757	2.3203608411
898	1.7489624023	9.2152058287	6.4533454724
899	1.6435546875	8.8763290380	6.5808126377
900	0.5079040527	1.6048505234	2.7538035272
901	3.9195251465	2.9715448322	2.0223578590
902	3.1649169922	15.6325655826	3.6261988843
903	0.8687133789	3.9244143350	4.2767409464
904	2.3216857910	11.2582008797	5.3501489482
905	2.4075927734	11.6674212753	5.1803864872
906	1.7349548340	9.1717159316	6.4734931953
907	1.9254455566	9.7584204002	6.1466733852
908	0.1206970215	0.2654499231	2.0832295296
909	3.7734375000	8.0631081711	2.1799452289
910	2.8042297363	13.8981552661	4.4060723215
911	2.3647460938	11.4592810235	5.2647714152
912	3.8721313477	4.6983825874	2.0571181442
913	2.7923583984	13.8272914017	4.4297658887
914	3.9825134277	0.6431902593	2.0010286793
915	3.3706665039	15.4179841456	3.1130834753
916	1.4895935059	8.2883421977	6.6257266147
917	2.0072326660	10.0241822024	5.9855177098
918	0.0390014648	0.0803554416	2.0226235279
919	3.8108215332	6.8378250012	2.1257107009
920	0.2901611328	0.7404042946	2.2830648465
921	1.8419799805	9.4998404981	6.3015498862
922	0.9216613770	4.3512100142	4.5660949318
923	1.4124450684	7.9241143327	6.5587503013
924	3.5763549805	13.0650207103	2.5865007460
925	0.8397827148	3.6978352854	4.1227186248
926	1.9018859863	9.6844928325	6.1916506716
927	0.0630187988	0.1322978083	2.0384774370
928	0.3432617188	0.9208679354	2.3720851945
929	1.0263061523	5.2190604057	5.1437166697
930	2.8438415527	14.1333126829	4.3263926084
931	0.2360534668	0.5733318023	2.2064852578
932	0.1104431152	0.2408613126	2.0745392795
933	0.3981628418	1.1266408475	2.4803736635
934	3.5992736816	12.6249397565	2.5314710133
935	3.5419006348	13.6549016299	2.6715539525
936	2.8790283203	14.3392365340	4.2547053189
937	3.5359802246	13.7477163077	2.6864027730
938	0.5267944336	1.6970855607	2.8093287062
939	1.4035949707	7.8786035240	6.5465163587
940	0.2138061523	0.5091242809	2.1787391250
941	1.3427429199	7.5431549650	6.4353041903
942	2.1365356445	10.4849175792	5.7234397894
943	0.8575134277	3.8360672406	4.2166912887
944	0.4501037598	1.3411850315	2.5997293719
945	2.9072265625	14.5010779772	4.1965517495
946	1.8595886230	9.5537532863	6.2700191835
947	0.4792480469	1.4707120019	2.6745000931
948	0.0259704590	0.0529733692	2.0146493383
949	1.4920043945	8.2988466842	6.6267333313
950	0.9426879883	4.5239925649	4.6825759627
951	0.4342956543	1.2737324623	2.5615652607
952	2.9391784668	14.6797077297	4.1298143911
953	2.6470336914	12.9651978913	4.7149651998
954	0.4675903320	1.4180828886	2.6438935881
955	3.6540222168	11.4180419195	2.4065797213
956	1.3291320801	7.4626023733	6.4038109317
957	2.4476928711	11.8693780526	5.1018720989
958	1.4957275391	8.3149720312	6.6281661599
959	0.1361999512	0.3034221507	2.0970113056
960	3.1840515137	15.6717311124	3.5805668374
961	1.8581237793	9.5492597373	6.2726691499
962	0.3375854492	0.9007404792	2.3618626557
963	3.3709716797	15.4163666991	3.1122934585
964	1.1729431152	6.3969521495	5.8717683421
965	3.2196655273	15.7184521893	3.4943720401
966	0.9473876953	4.5627984508	4.7086612676
967	1.8915710449	9.6524034803	6.2110674247
968	2.6026306152	12.7095365306	4.8010714037
969	2.8638916016	14.2511036206	4.2856572927
970	1.4425659180	8.0730693500	6.5931842250
971	0.9500732422	4.5849995318	4.7235709118
972	0.4997558594	1.5660085377	2.7306567062
973	2.8511047363	14.1761045154	4.3116695985
974	3.7482604980	8.8460074002	2.2213738623
975	1.3182373047	7.3966494433	6.3768370436
976	2.8178710938	13.9794112050	4.3787445374
977	2.8334350586	14.0717946961	4.3474237447
978	0.3669128418	1.0070005992	2.4166011843
979	0.2132568359	0.5075701621	2.1780799455
980	0.7694091797	3.1718871241	3.7661703541
981	1.0432739258	5.3599133518	5.2351096595
982	2.2727661133	11.0396472369	5.4478686253
983	0.3485107422	0.9396656974	2.3816951827
984	2.2827758789	11.0835139264	5.4278113757
985	1.4065246582	7.8937587657	6.5506744858
986	1.9313964844	9.7772504829	6.1351876383
987	0.1094055176	0.2383960732	2.0736783337
988	1.5843200684	8.6675618188	6.6220162404
989	3.7807617188	7.8286851122	2.1686171865
990	3.4441833496	14.8823831885	2.9220362826
991	3.8540954590	5.3415026612	2.0745730083
992	0.9054565430	4.2191717045	4.4767729483
993	1.3186950684	7.3994469779	6.3780020125
994	3.8179931641	6.5951018843	2.1163513901
995	1.3393249512	7.5231187276	6.4276256113
996	0.3145751953	0.8212335614	2.3221859718
997	2.9562683105	14.7726514217	4.0937224046
998	2.3595581055	11.4346227522	5.2750266474
999	3.2712097168	15.7162890127	3.3668406900
1000	0.6741638184	2.5275691058	3.3364064976
