0	0.3638000488	10.1655448857	5.8152264362
1	0.1065979004	1.5147526475	2.9602969963
2	0.9198608398	-13.7683402160	7.2402370661
3	0.7382507324	-34.7648423232	8.0888380728
4	0.7233886719	-46.1388739553	9.2119929902
5	0.3264770508	9.7834063653	6.2202236704
6	0.8292236328	-14.7229212994	6.1760206218
7	0.9993896484	0.0801495990	1.9633521456
8	0.0943298340	1.1895261303	2.7532122536
9	0.8062438965	-16.8869879667	6.3453844279
10	0.9946899414	0.8039281660	1.6358852588
11	0.3207397461	9.7186400011	6.2736699043
12	0.3036193848	9.4940156988	6.4074460943
13	0.9960021973	0.5807003331	1.7362869849
14	0.5377197266	16.6076430533	3.7345285947
15	0.4279174805	11.1442448305	5.0682340203
16	0.5766601563	22.0186757271	3.0156151422
17	0.1829223633	4.8617289474	4.9265380402
18	0.3630065918	10.1571546692	5.8244182984
19	0.3464050293	9.9885096072	6.0127580895
20	0.0883178711	1.0498145026	2.6636312531
21	0.4482116699	11.6586716965	4.8372914002
22	0.7719421387	-22.5051923212	6.8763352735
23	0.9211730957	-13.9213830906	7.3169509375
24	0.6385498047	53.8028088506	-0.3038741838
25	0.7492065430	-29.4652776431	7.5637969900
26	0.2007446289	5.8510525646	5.4342722157
27	0.4611511230	12.0642419060	4.6905182275
28	0.4531555176	11.8057207906	4.7812420529
29	0.1263732910	2.1640667004	3.3664402898
30	0.0838317871	0.9533798206	2.6016243669
31	0.5088500977	14.3170303201	4.1282498267
32	0.1097106934	1.6063831424	3.0182284399
33	0.0353393555	0.2501036032	2.1503809747
34	0.8420410156	-13.8633880479	6.1314104306
35	0.7347412109	-36.9051953389	8.3006275995
36	0.5881958008	24.5779579064	2.7171900652
37	0.8038940430	-17.1638716965	6.3697369736
38	0.9960021973	0.5807003331	1.7362869849
39	0.9569396973	-81.7138326202	36.0965564249
40	0.4468688965	11.6203210027	4.8525184195
41	0.2140502930	6.5659187414	5.7705926075
42	0.4042663574	10.6924585133	5.3413170127
43	0.2856750488	9.1806203173	6.4891536647
44	0.1230163574	2.0423758437	3.2911224366
45	0.2091064453	6.3049665325	5.6513229390
46	0.6267395020	41.7485154273	0.9048909242
47	0.3928222656	10.5181964015	5.4751468750
48	0.3587036133	10.1123602421	5.8740326433
49	0.7256774902	-43.9180772025	8.9931364827
50	0.4129028320	10.8417085022	5.2410119187
51	0.9064331055	-12.7876139216	6.6918299829
52	0.7515869141	-28.5273107745	7.4708450282
53	0.6505737305	76.7348540295	-2.5669714792
54	0.3150939941	9.6505183806	6.3224908549
55	0.9301757813	-15.4512353102	8.0409598776
56	0.4307556152	11.2083385763	5.0357896260
57	0.9031066895	-12.6606260710	6.6018377232
58	0.4267578125	11.1187260244	5.0815089773
59	0.6881408691	-210.6175704629	25.2498589271
60	0.8573913574	-13.1011996265	6.1259075712
61	0.6418762207	58.6224897020	-0.7821796878
62	0.2457885742	8.0227472428	6.3291514454
63	0.2940063477	9.3384105298	6.4602212065
64	0.7506103516	-28.9044662075	7.5082186508
65	0.5968933105	27.0055122132	2.4458990616
66	0.6627502441	136.4535257535	-8.4006450060
67	0.6458740234	65.7335659414	-1.4848056479
68	0.1382751465	2.6341738273	3.6537418491
69	0.5266418457	15.6116495993	3.8939692812
70	0.0742187500	0.7676196335	2.4819039424
71	0.4456481934	11.5860271569	4.8663643032
72	0.5327758789	16.1422565417	3.8072658400
73	0.8000793457	-17.6398511660	6.4123890691
74	0.6210327148	37.7211815958	1.3154298218
75	0.3435363770	9.9599078456	6.0442129070
76	0.2316894531	7.4296428760	6.1287600103
77	0.1036376953	1.4311181564	2.9072559022
78	0.5515441895	18.1221602844	3.5141277267
79	0.2077331543	6.2313786987	5.6169251674
80	0.7437133789	-31.8964988658	7.8047417371
81	0.2733154297	8.8989806422	6.4973474539
82	0.7099609375	-65.6700663579	11.1297682371
83	0.5187988281	14.9999723733	4.0000049595
84	0.3393554688	9.9179823554	6.0892527554
85	0.2516479492	8.2404646688	6.3889941504
86	0.1495666504	3.1348056233	3.9530410609
87	0.8892822266	-12.4359689350	6.3411396320
88	0.7268066406	-42.9002013207	8.8927577041
89	0.1698303223	4.1498081631	4.5371207089
90	0.8710937500	-12.6538330049	6.1727681841
91	0.7082214355	-69.4857606637	11.5033414718
92	0.8526000977	-13.3094053441	6.1216476833
93	0.5545959473	18.5061425701	3.4613633885
94	0.6858520508	-273.8214021662	31.3936693003
95	0.9106140137	-13.0015114240	6.8260698443
96	0.8274841309	-14.8567697880	6.1847612338
97	0.6604309082	118.7617631493	-6.6761524817
98	0.2041931152	6.0398208131	5.5259158770
99	0.8721008301	-12.6298787622	6.1785188446
100	0.9771423340	7.4398573056	-1.2478942617
101	0.9264221191	-14.6923004250	7.6890245805
102	0.9486389160	-27.6145165599	13.2999674258
103	0.4283752441	11.1544239695	5.0629968557
104	0.0180053711	0.1081808689	2.0629689778
105	0.5584716797	19.0241077143	3.3917694110
106	0.5922546387	25.6479104590	2.5964797588
107	0.0196838379	0.1201322844	2.0701740036
108	0.3581237793	10.1064047911	5.8806843182
109	0.2362060547	7.6299813607	6.2016149048
110	0.3218688965	9.7317067856	6.2634366169
111	0.9605102539	544.0633024373	-226.8935797550
112	0.5227050781	15.2958467753	3.9478094878
113	0.9449768066	-22.7282384674	11.2190274863
114	0.3263854980	9.7824023998	6.2211036190
115	0.8339843750	-14.3782969824	6.1553757687
116	0.7051696777	-77.3736848369	12.2748266448
117	0.9330444336	-16.1979587948	8.3792380388
118	0.4101562500	10.7924400566	5.2728387520
119	0.0113830566	0.0643223052	2.0368867517
120	0.4427490234	11.5067071805	4.8992647809
121	0.7934570313	-18.5518906538	6.4962639702
122	0.7310180664	-39.4913365255	8.5562599178
123	0.2967834473	9.3860414321	6.4469487234
124	0.4173583984	10.9254384790	5.1895292089
125	0.6711730957	298.9164961265	-24.2017912879
126	0.6638488770	146.8306421654	-9.4114206841
127	0.6965637207	-113.7852481139	15.8275062084
128	0.3813476563	10.3659808377	5.6099522592
129	0.5950317383	26.4419963916	2.5080853724
130	0.7886962891	-19.2833553833	6.5650192235
131	0.3138122559	9.6343326412	6.3329872861
132	0.2082519531	6.2592297452	5.6299816911
133	0.9348449707	-16.7646555620	8.6324320287
134	0.0040588379	0.0214486420	2.0120781238
135	0.3680114746	10.2108817627	5.7662568204
136	0.0686340332	0.6717936683	2.4200867739
137	0.9833984375	3.8710628237	0.2873303899
138	0.7651977539	-24.1763333372	7.0405356689
139	0.3395385742	9.9198285015	6.0873020645
140	0.7308349609	-39.6280829616	8.5697684999
141	0.6634521484	142.9049525047	-9.0290935333
142	0.4474792480	11.6376710177	4.8455966574
143	0.2390747070	7.7522517546	6.2436671444
144	0.9866943359	2.6887199076	0.8021591142
145	0.3598327637	10.1240086391	5.8610547719
146	0.8345031738	-14.3426053315	6.1534157484
147	0.0022888184	0.0119024181	2.0066711236
148	0.2024841309	5.9465059489	5.4808479315
149	0.8764343262	-12.5415959391	6.2074469169
150	0.7315673828	-39.0867936086	8.5162919467
151	0.0093078613	0.0516020116	2.0294453768
152	0.9945678711	0.8256437311	1.6261428530
153	0.5181884766	14.9552340810	4.0080583990
154	0.7038269043	-81.4414463940	12.6723329191
155	0.7292480469	-40.8547927551	8.6909121429
156	0.0301818848	0.2033549717	2.1212108862
157	0.2982482910	9.4102515913	6.4392768940
158	0.9395446777	-18.7605528188	9.5093616971
159	0.4896850586	13.2387648523	4.3614037569
160	0.9532470703	-41.3576994495	19.1092976819
161	0.2698974609	8.8097866535	6.4912996993
162	0.2384948730	7.7278555634	6.2354333978
163	0.3713378906	10.2477774349	5.7274027076
164	0.4351806641	11.3130836039	4.9853198767
165	0.9835815430	3.7962160968	0.3197945017
166	0.1252136230	2.1214868014	3.3401298022
167	0.2274780273	7.2345913855	6.0536342393
168	0.3506469727	10.0308231344	5.9655427213
169	0.0689697266	0.6773179477	2.4236500223
170	0.0871582031	1.0242617639	2.6472135071
171	0.8284301758	-14.7834355286	6.1799278878
172	0.0783386230	0.8438777591	2.5310834280
173	0.9420471191	-20.2791608683	10.1672534922
174	0.9381408691	-18.0680789715	9.2071154839
175	0.1312561035	2.3496383483	3.4805538783
176	0.9267272949	-14.7464862949	7.7145210953
177	0.6369934082	51.8162255868	-0.1060819335
178	0.3065490723	9.5366531476	6.3878059544
179	0.6741638184	519.5110230357	-45.6351011775
180	0.6848754883	-313.9965655668	35.2979551028
181	0.7633972168	-24.6693628746	7.0891507576
182	0.2486267090	8.1303559833	6.3598436929
183	0.0960083008	1.2307658484	2.7795891327
184	0.2982788086	9.4107494755	6.4391122837
185	0.5881347656	24.5626270842	2.7189345077
186	0.9867248535	2.6792106271	0.8063193735
187	0.7809448242	-20.6338707291	6.6942610391
188	0.6695251465	242.3163348255	-18.7002253959
189	0.2424926758	7.8927363723	6.2894538761
190	0.7726440430	-22.3456642153	6.8607230952
191	0.6279296875	42.7048621268	0.8080482162
192	0.5841674805	23.6102091661	2.8282300742
193	0.0541381836	0.4595848645	2.2834984437
194	0.8758544922	-12.5519878099	6.2031657812
195	0.9451293945	-22.8830177204	11.2852335377
196	0.7614135742	-25.2382620695	7.1453148945
197	0.0042114258	0.0222858687	2.0125545872
198	0.6968688965	-111.9187283857	15.6456183762
199	0.4696350098	12.3692621322	4.5938681380
200	0.0300903320	0.2025619133	2.1207186533
201	0.3093261719	9.5752745427	6.3678286908
202	0.0053710938	0.0287241017	2.0162301927
203	0.5118103027	14.5103114327	4.0907250227
204	0.6291809082	43.7607747880	0.7013636463
205	0.1285705566	2.2463154248	3.4171290225
206	0.3036499023	9.4944704135	6.4072494533
207	0.2250061035	7.1165958674	6.0063864785
208	0.6337890625	48.1670489400	0.2584732270
209	0.3955993652	10.5582419008	5.4425911812
210	0.3148193359	9.6470741433	6.3247593888
211	0.9999694824	0.0039420097	1.9981954471
212	0.5058593750	14.1296760306	4.1656810836
213	0.7756347656	-21.6931440786	6.7970168670
214	0.5960998535	26.7621182760	2.4727065010
215	0.9843444824	3.4970838526	0.4496960819
216	0.7699279785	-22.9772683305	6.9226080839
217	0.7474670410	-30.1925195927	7.6358737670
218	0.2770385742	8.9903524074	6.4996657856
219	0.7273254395	-42.4483661958	8.8481853388
220	0.8139648438	-16.0567791190	6.2750401148
221	0.8105163574	-16.4131738312	6.3046770210
222	0.9229736328	-14.1548901508	7.4318459738
223	0.9491577148	-28.5772798685	13.7084058978
224	0.8151245117	-15.9418632024	6.2656986684
225	0.8169250488	-15.7681697423	6.2518050579
226	0.5230712891	15.3244577380	3.9428555384
227	0.4355468750	11.3220235122	4.9811488259
228	0.7904968262	-18.9986569937	6.5381303021
229	0.4284362793	11.1557857507	5.0622986916
230	0.6037902832	29.3454359743	2.1916972768
231	0.0573730469	0.5027086532	2.3111808896
232	0.7729187012	-22.2839195563	6.8546841186
233	0.6986389160	-102.1937795888	14.6976311017
234	0.4671020508	12.2746760936	4.6227877187
235	0.9150390625	-13.3091338500	7.0003514157
236	0.1118469238	1.6714941025	3.0592752610
237	0.7797241211	-20.8669027663	6.7167824202
238	0.5537414551	18.3965877360	3.4763101517
239	0.6081848145	31.0823103744	2.0063925725
240	0.8988952637	-12.5455914071	6.5053258687
241	0.7548217773	-27.3484775142	7.3540667214
242	0.9315490723	-15.7875013495	8.1940677065
243	0.6300964355	44.5684912435	0.6199132735
244	0.5188903809	15.0067170903	3.9987946472
245	0.5947570801	26.3610392102	2.5170549367
246	0.9086914063	-12.8949239997	6.7611093285
247	0.8872070313	-12.4355430005	6.3138536446
248	0.3254699707	9.7723142551	6.2298571234
249	0.2402648926	7.8018180704	6.2601444602
250	0.7720336914	-22.4842414604	6.8742841662
251	0.3437500000	9.9620404045	6.0418850805
252	0.4419860840	11.4863211573	4.9079275646
253	0.8089599609	-16.5815054266	6.3189846401
254	0.6502685547	75.9077778368	-2.4857671947
255	0.7912597656	-18.8810321710	6.5270664734
256	0.6871337891	-234.4332620882	27.5651911747
257	0.9273376465	-14.8585102780	7.7670260971
258	0.5023803711	13.9212311182	4.2086706849
259	0.7429809570	-32.2524959692	7.8400152556
260	0.6258850098	41.0889842485	0.9718072322
261	0.1878967285	5.1379110585	5.0725130251
262	0.2307739258	7.3879012401	6.1130125877
263	0.4535827637	11.8188730456	4.7763980872
264	0.7452087402	-31.1943119723	7.7351584651
265	0.7309875488	-39.5140609444	8.5585048222
266	0.9196166992	-13.7413345804	7.2265644224
267	0.0635375977	0.5914604119	2.3682952195
268	0.7548522949	-27.3378437262	7.3530136614
269	0.9521484375	-36.6187197499	17.1097385277
270	0.1981811523	5.7096587915	5.3644306067
271	0.8687133789	-12.7154534867	6.1605393018
272	0.0130615234	0.0749585125	2.0431547784
273	0.3337707520	9.8609736626	6.1476600416
274	0.7290039063	-41.0503959229	8.7102226882
275	0.7149353027	-56.7602138166	10.2562447752
276	0.0775451660	0.8288097398	2.5213684984
277	0.4024047852	10.6623862154	5.3630218284
278	0.8212280273	-15.3753946366	6.2215471098
279	0.5174865723	14.9042678671	4.0172873666
280	0.3809814453	10.3614400457	5.6142565218
281	0.8107299805	-16.3904402801	6.3027590155
282	0.1689147949	4.1012928099	4.5099420776
283	0.9056396484	-12.7541251606	6.6691302840
284	0.0321044922	0.2203007653	2.1317508024
285	0.5444641113	17.3039156353	3.6304721456
286	0.7142944336	-57.7696610386	10.3553086416
287	0.9921569824	1.2916813498	1.4179957191
288	0.7412109375	-33.1476563127	7.9286959369
289	0.2545776367	8.3428617692	6.4138339328
290	0.6360473633	50.6807736188	0.0071677675
291	0.2678527832	8.7539146148	6.4858158616
292	0.8711547852	-12.6523451108	6.1731067464
293	0.7141723633	-57.9660359629	10.3745770727
294	0.4625244141	12.1113820376	4.6749097282
295	0.6211853027	37.8182655547	1.3054734023
296	0.6129455566	33.2330171259	1.7799866950
297	0.4005737305	10.6334886027	5.3843976919
298	0.3102111816	9.5872386206	6.3611988529
299	0.4826354980	12.9067621809	4.4440559289
300	0.2867126465	9.2015734137	6.4864994760
301	0.2024230957	5.9431643838	5.4792254617
302	0.2467346191	8.0590651953	6.3397401678
303	0.0944213867	1.1917499183	2.7546353881
304	0.7673339844	-23.6183186385	6.9855938859
305	0.2515869141	8.2382856289	6.3884409388
306	0.7794494629	-20.9201655584	6.7219373206
307	0.9049072266	-12.7250408094	6.6488842342
308	0.0353088379	0.2498146762	2.1501998390
309	0.8802490234	-12.4846337898	6.2390283619
310	0.4684448242	12.3244327105	4.6074649230
311	0.0881042480	1.0450742152	2.6605863244
312	0.8524780273	-13.3150577992	6.1216129809
313	0.7029724121	-84.2602622533	12.9476733095
314	0.6650085449	159.6598875188	-10.6605019043
315	0.1883544922	5.1633909493	5.0858253165
316	0.5628662109	19.6564132498	3.3089686313
317	0.8236999512	-15.1633167764	6.2060045672
318	0.3748474121	10.2879032215	5.6862899841
319	0.8896789551	-12.4369034001	6.3466465798
320	0.0184020996	0.1109741142	2.0646495471
321	0.1677551270	4.0401407388	4.4755735666
322	0.2463378906	8.0438895936	6.3353434028
323	0.9105224609	-12.9960948675	6.8228418028
324	0.6297912598	44.2958302122	0.6473938732
325	0.9389648438	-18.4626593269	9.3795481936
326	0.6838989258	-367.9595082052	40.5414493448
327	0.0230102539	0.1448793467	2.0852042223
328	0.5421752930	17.0591431939	3.6664643001
329	0.2015380859	5.8946475265	5.4556026041
330	0.0861206055	1.0017706969	2.6327551681
331	0.1977844238	5.6877111386	5.3535011861
332	0.9359741211	-17.1677731793	8.8111523222
333	0.5872497559	24.3427177598	2.7440068713
334	0.2091979980	6.3098566449	5.6535972751
335	0.8732604980	-12.6038797107	6.1855822246
336	0.4526977539	11.7917090311	4.7864318333
337	0.1274108887	2.2026498952	3.3902405470
338	0.6551513672	91.7753002259	-4.0406816966
339	0.3503723145	10.0280770890	5.9686227428
340	0.7456970215	-30.9719032903	7.7131170935
341	0.2098999023	6.3472797195	5.6709541650
342	0.4851074219	13.0196865327	4.4152142249
343	0.3119201660	9.6098970877	6.3480520108
344	0.1559143066	3.4380762167	4.1308534164
345	0.6611328125	123.6081851408	-7.1487406899
346	0.9575500488	-99.7431012080	43.6784087843
347	0.4672851563	12.2814104233	4.6206992600
348	0.5127258301	14.5717311505	4.0790169946
349	0.9532775879	-41.5113146416	19.1740768297
350	0.3916625977	10.5018690336	5.4887533689
351	0.3217773438	9.7306536010	6.2642718001
352	0.0596923828	0.5350625134	2.3319832277
353	0.5360412598	16.4456210820	3.7595340156
354	0.1555480957	3.4201813039	4.1204368072
355	0.0713806152	0.7178674218	2.4498080348
356	0.5053100586	14.0960979579	4.1725070300
357	0.2938842773	9.3362630986	6.4607652254
358	0.7795715332	-20.8964550428	6.7196422350
359	0.6220397949	38.3717974649	1.2487686582
360	0.1988525391	5.7467640642	5.3828547845
361	0.1279602051	2.2232620722	3.4029393817
362	0.1946105957	5.5116517566	5.2649992436
363	0.7343444824	-37.1642316058	8.3262460598
364	0.4311218262	11.2167814936	5.0316076592
365	0.6632385254	140.8773751194	-8.8316016859
366	0.0953063965	1.2133987846	2.7684850377
367	0.2930908203	9.3221914585	6.4642184503
368	0.8601684570	-12.9926889480	6.1310648856
369	0.0804138184	0.8841681622	2.5570516941
370	0.4284057617	11.1551047256	5.0626477700
371	0.7017211914	-88.7582835286	13.3868599928
372	0.0622253418	0.5718179823	2.3556423529
373	0.0729980469	0.7459489374	2.4679241956
374	0.0059814453	0.0321666718	2.0182037742
375	0.4018249512	10.6531630929	5.3697880333
376	0.2073669434	6.2116828444	5.6076642815
377	0.9293823242	-15.2726145637	7.9590142375
378	0.2438049316	7.9451464856	6.3057829144
379	0.5178222656	14.9285789520	4.0128778091
380	0.8602600098	-12.9892639661	6.1312699026
381	0.7398376465	-33.8782533109	8.0010551120
382	0.0245056152	0.1564800231	2.0922965684
383	0.6263427734	41.4395761343	0.9362223272
384	0.9061279297	-12.7744850666	6.6830029385
385	0.7285156250	-41.4473585224	8.7494068250
386	0.6859130859	-271.6485982491	31.1824955417
387	0.6508178711	77.4098200346	-2.6332258832
388	0.6012573242	28.4362186326	2.2897736451
389	0.7105712891	-64.4287775830	11.0081796047
390	0.1343383789	2.4720137850	3.5553073335
391	0.8810729980	-12.4750100679	6.2466706286
392	0.7490539551	-29.5276080438	7.5699744202
393	0.6740417480	504.3053184158	-44.1578979912
394	0.0829467773	0.9351124133	2.5898650971
395	0.1177368164	1.8606155380	3.1779244787
396	0.0006713867	0.0034406795	2.0019200118
397	0.4870300293	13.1100896643	4.3926808283
398	0.4148254395	10.8772485594	5.2187743404
399	0.9418334961	-20.1324440503	10.1039303891
400	0.2807922363	9.0766390305	6.4977211418
401	0.7296752930	-40.5170003018	8.6575602115
402	0.6714477539	311.0336980637	-25.3793920067
403	0.1093444824	1.5954043831	3.0112975225
404	0.3384399414	9.9087336871	6.0989741600
405	0.6511840820	78.4451954021	-2.7348320881
406	0.6658630371	170.6564808043	-11.7307756144
407	0.0707397461	0.7069371644	2.4427566974
408	0.4228210449	11.0348997500	5.1266570826
409	0.2518310547	8.2469905668	6.3906449974
410	0.2210693359	6.9236604473	5.9264822802
411	0.6153564453	34.4485244394	1.6532456695
412	0.0839843750	0.9565541842	2.6036673982
413	0.4900207520	13.2553585949	4.3574351538
414	0.0331420898	0.2296810650	2.1376023489
415	0.6412048340	57.5795645260	-0.6788457492
416	0.0986633301	1.2980582831	2.8225595473
417	0.6143798828	33.9449369744	1.7056595050
418	0.6596984863	114.0969359264	-6.2211111506
419	0.0492553711	0.3986947728	2.2445275344
420	0.5211181641	15.1736195955	3.9691539490
421	0.6206665039	37.4903054238	1.3391208017
422	0.6329956055	47.3438516920	0.3409663831
423	0.7630310059	-24.7723087648	7.0993090319
424	0.8587646484	-13.0464235123	6.1282031988
425	0.8338928223	-14.3846328080	6.1557275705
426	0.6984252930	-103.2770075943	14.8032525545
427	0.8732910156	-12.6032186322	6.1857746057
428	0.3731384277	10.2682005684	5.7063228317
429	0.6152954102	34.4165854945	1.6565660732
430	0.1775207520	4.5645315331	4.7661789897
431	0.9073181152	-12.8274933074	6.7181306706
432	0.5055236816	14.1091259139	4.1698542487
433	0.1943969727	5.4997770696	5.2589781557
434	0.4565429688	11.9120110213	4.7428284902
435	0.2236633301	7.0514627094	5.9797666213
436	0.4278259277	11.1422162304	5.0692816520
437	0.6261291504	41.2751922303	0.9529032861
438	0.5994873047	27.8363499775	2.3549473724
439	0.5314941406	16.0272763345	3.8256893313
440	0.7182922363	-52.0026432398	9.7889580345
441	0.8726196289	-12.6180366698	6.1816196009
442	0.0865478516	1.0109894584	2.6386822828
443	0.5353088379	16.3762383465	3.7703431036
444	0.1623535156	3.7601304194	4.3166591906
445	0.0104980469	0.0588401402	2.0336720758
446	0.6773376465	2414.0224891383	-229.6541314728
447	0.7043151855	-79.9137270978	12.5230670025
448	0.6783752441	-12458.0701187419	1214.8512932222
449	0.5627441406	19.6381582468	3.3113289492
450	0.3991699219	10.6117794089	5.4008030103
451	0.1670227051	4.0016976177	4.4539051951
452	0.3684082031	10.2152285400	5.7616299495
453	0.9558410645	-62.3471757219	27.9492248004
454	0.6602783203	117.7584586829	-6.5782968685
455	0.7308349609	-39.6280829616	8.5697684999
456	0.6940307617	-132.0593461381	17.6074570167
457	0.1016540527	1.3769480357	2.8728198736
458	0.4882812500	13.1701669786	4.3779650697
459	0.0264587402	0.1720925767	2.1018838613
460	0.7770690918	-21.3950438951	6.7680066027
461	0.1046142578	1.4583359803	2.9245344120
462	0.8931884766	-12.4578033242	6.3997482082
463	0.7774963379	-21.3080192910	6.7595501715
464	0.8254394531	-15.0197406562	6.1958587085
465	0.0937194824	1.1747759602	2.7437704692
466	0.3559570313	10.0842917818	5.9054588565
467	0.1950378418	5.5353934946	5.2770181898
468	0.6838989258	-367.9595082052	40.5414493448
469	0.1794128418	4.6682003982	4.8224877879
470	0.4416198730	11.4766068276	4.9120865116
471	0.4970397949	13.6198793453	4.2736389105
472	0.5098266602	14.3799116105	4.1159248594
473	0.5358886719	16.4311011511	3.7617909540
474	0.5375671387	16.5927372927	3.7368155890
475	0.5530395508	18.3077971152	3.4884859460
476	0.5739440918	21.5015990946	3.0780443218
477	0.6078796387	30.9545436456	2.0199417218
478	0.7168884277	-53.8911494152	9.9745278888
479	0.6535339355	85.8220385620	-3.4579555225
480	0.1862487793	5.0462488875	5.0244030776
481	0.4427795410	11.5075267971	4.8989183153
482	0.7265930176	-43.0890946669	8.9113889352
483	0.4045715332	10.6974564617	5.3377615632
484	0.7466430664	-30.5502097444	7.6713243674
485	0.1477050781	3.0487488522	3.9020967773
486	0.1009826660	1.3589490456	2.8613641145
487	0.7473449707	-30.2449606266	7.6410712203
488	0.9208068848	-13.8772967069	7.2949792518
489	0.4714660645	12.4395911446	4.5729192024
490	0.3997802734	10.6211713328	5.3936684869
491	0.1026000977	1.4025974409	2.8891330585
492	0.9409484863	-19.5610642543	9.8568770354
493	0.5116882324	14.5021817153	4.0922823361
494	0.5715637207	21.0710696966	3.1307092227
495	0.6402282715	56.1287099516	-0.5349485439
496	0.0315246582	0.2151310700	2.1285310041
497	0.5467224121	17.5545388526	3.5942186426
498	0.4419860840	11.4863211573	4.9079275646
499	0.6738586426	483.0976487489	-42.0975848547
500	0.9602050781	1920.1601880807	-805.2691018173
501	0.9927368164	1.1727464928	1.4709561199
502	0.3270568848	9.7897449261	6.2146315697
503	0.1802368164	4.7135046758	4.8469714459
504	0.7133789063	-59.2758617230	10.5030724099
505	0.4858093262	13.0524258239	4.4069984303
506	0.7713928223	-22.6318092758	6.8887358827
507	0.4439392090	11.5389121936	4.8857550583
508	0.2972412109	9.3936732437	6.4445999287
509	0.0888061523	1.0607060869	2.6706261912
510	0.4115295410	10.8168566229	5.2569167179
511	0.8267517090	-14.9144385010	6.1886339282
512	0.6632995605	141.4507488656	-8.8874516492
513	0.6235656738	39.4038001219	1.1433181225
514	0.9642639160	49.6449910435	-19.0651165084
515	0.6622924805	132.5529025612	-8.0205840127
516	0.7593688965	-25.8549044284	7.2062583414
517	0.1278991699	2.2209654761	3.4015250348
518	0.3398132324	9.9225956217	6.0843720913
519	0.2754821777	8.9528735772	6.4992245257
520	0.7051696777	-77.3736848369	12.2748266448
521	0.4375000000	11.3704236281	4.9589166611
522	0.8801879883	-12.4853854085	6.2384743163
523	0.1271057129	2.1912542735	3.3832151268
524	0.0932922363	1.1645282505	2.7372084697
525	0.8931579590	-12.4575198215	6.3992507024
526	0.7224121094	-47.1570067019	9.3122627135
527	0.0834350586	0.9451606897	2.5963339493
528	0.4148254395	10.8772485594	5.2187743404
529	0.1726074219	4.2981723162	4.6197458748
530	0.2868652344	9.2046221192	6.4860853685
531	0.8105163574	-16.4131738312	6.3046770210
532	0.6101989746	31.9548559788	1.9141748581
533	0.2477416992	8.0972337971	6.3506183589
534	0.8905029297	-12.4397464943	6.3583946696
535	0.2940063477	9.3384105298	6.4602212065
536	0.7450256348	-31.2785709783	7.7435085944
537	0.4664916992	12.2523428654	4.6297470454
538	0.4852294922	13.0253586231	4.4137862525
539	0.4834289551	12.9426110378	4.4348132364
540	0.8107604980	-16.3871998498	6.3024859105
541	0.7599182129	-25.6860965905	7.1895689615
542	0.5210266113	15.1666538730	3.9703793925
543	0.0618896484	0.5668596654	2.3524493311
544	0.6505737305	76.7348540295	-2.5669714792
545	0.9743041992	10.1309366707	-2.3955387182
546	0.9344177246	-16.6222278614	8.5690297747
547	0.3405151367	9.9296563627	6.0768632343
548	0.0100708008	0.0562242206	2.0321421479
549	0.3280639648	9.8006748950	6.2048419676
550	0.2615966797	8.5708344350	6.4599605058
551	0.2780761719	9.0147772625	6.4995481493
552	0.7131042480	-59.7432066195	10.5489089325
553	0.9938659668	0.9538474261	1.5687094178
554	0.8768005371	-12.5352639506	6.2102190264
555	0.6253967285	40.7217830748	1.0091123407
556	0.9626159668	86.2306813204	-34.4527238393
557	0.8056030273	-16.9613161829	6.3518847319
558	0.3554992676	10.0796459780	5.9106754147
559	0.1949462891	5.5303068735	5.2744453329
560	0.7662963867	-23.8858218654	7.0119202453
561	0.0904846191	1.0987520356	2.6950460948
562	0.9628601074	78.0678910808	-31.0203174054
563	0.2554321289	8.3719187564	6.4204506389
564	0.4874572754	13.1304923403	4.3876606114
565	0.6260070801	41.1818684168	0.9623764552
566	0.2667846680	8.7239627243	6.4823810224
567	0.0512084961	0.4224619223	2.2597200572
568	0.5207824707	15.1481238537	3.9736441153
569	0.7220764160	-47.5175416321	9.3477600349
570	0.8764038086	-12.5421317107	6.2072183048
571	0.4468383789	11.6194570739	4.8528645266
572	0.0930480957	1.1587009183	2.7334761747
573	0.4278869629	11.1435683633	5.0685832235
574	0.3051757813	9.5169187054	6.3972018715
575	0.6967773438	-112.4722351225	15.6995581311
576	0.1890563965	5.2024705807	5.1061905949
577	0.8641052246	-12.8542432413	6.1419808785
578	0.9593505859	-328.1699923050	139.6983496971
579	0.3396911621	9.9213660963	6.0856748824
580	0.6022644043	28.7902932099	2.2514831003
581	0.6798706055	-1260.2633985099	127.2188422523
582	0.2510681152	8.2196882599	6.3836794343
583	0.2180786133	6.7732514684	5.8620934142
584	0.1106262207	1.6340639235	3.0356909283
585	0.6347045898	49.1544667401	0.1596551904
586	0.8368530273	-14.1853922246	6.1452528366
587	0.6228332520	38.9012631076	1.1946252527
588	0.7774658203	-21.3142088573	6.7601514331
589	0.3057250977	9.5248647686	6.3934829853
590	0.9806213379	5.1775995069	-0.2772440406
591	0.5627136230	19.6336008898	3.3119184682
592	0.3770141602	10.3133563043	5.6608637992
593	0.9194946289	-13.7279975798	7.2197957710
594	0.0422668457	0.3197240781	2.1942766592
595	0.1589660645	3.5890020611	4.2183234481
596	0.9454650879	-23.2352337438	11.4357996549
597	0.3092346191	9.5740276546	6.3685074306
598	0.0906677246	1.1029597815	2.6977454266
599	0.1647033691	3.8809215158	4.3855189886
600	0.4566040039	11.9139689365	4.7421361336
601	0.9967041016	0.4685194387	1.7869288155
602	0.6421508789	59.0603870228	-0.8255423749
603	0.6096191406	31.6983228817	1.9412325242
604	0.6225891113	38.7367237251	1.2114413703
605	0.3993225098	10.6141206778	5.3990191271
606	0.5237121582	15.3748980547	3.9341599723
607	0.5693664551	20.6911778882	3.1777473488
608	0.8197631836	-15.5056655288	6.2313870157
609	0.1621398926	3.7492316689	4.3104235174
610	0.8612670898	-12.9522324539	6.1336758912
611	0.0601806641	0.5420309212	2.3364667496
612	0.1394653320	2.6844824861	3.6841345614
613	0.6149291992	34.2262643516	1.6763626888
614	0.1930236816	5.4233886333	5.2200925803
615	0.0583496094	0.5161823681	2.3198409396
616	0.5637817383	19.7946421618	3.2911507118
617	0.3541870117	10.0663718922	5.9255932641
618	0.7076110840	-70.9319713480	11.6448631838
619	0.6448059082	63.6663460921	-1.2808614306
620	0.2663269043	8.7109637278	6.4807875391
621	0.9501342773	-30.6660231741	14.5933911488
622	0.6075134277	30.8027064124	2.0360593718
623	0.2745971680	8.9311048108	6.4986374332
624	0.0379638672	0.2755217279	2.1663523815
625	0.7788085938	-21.0456564190	6.7340928431
626	0.5972900391	27.1290456134	2.4323223504
627	0.1715087891	4.2392707685	4.5870321572
628	0.8377685547	-14.1260862066	6.1423904072
629	0.9790344238	6.1032981353	-0.6752894911
630	0.4968566895	13.6099282665	4.2758464255
631	0.8474731445	-13.5618205195	6.1232177192
632	0.4685668945	12.3289989505	4.6060710615
633	0.5345458984	16.3047976283	3.7815382946
634	0.9797363281	5.6747873851	-0.4912030994
635	0.7471618652	-30.3239782504	7.6489026753
636	0.3778991699	10.3239121191	5.6504715214
637	0.4808654785	12.8281215139	4.4646256867
638	0.4364013672	11.3430484629	4.9714195254
639	0.0175476074	0.1049819523	2.0610469407
640	0.5837097168	23.5056382362	2.8403481040
641	0.2375183105	7.6864017082	6.2212609083
642	0.9624938965	90.9324583972	-36.4296747897
643	0.4023742676	10.6618991034	5.3633778782
644	0.7252197266	-44.3447885410	9.0352040119
645	0.0648803711	0.6119939994	2.3815276130
646	0.4721679688	12.4669953744	4.5648780662
647	0.2617797852	8.5764582443	6.4609171620
648	0.2385559082	7.7304312191	6.2363064688
649	0.6463928223	66.7879127604	-1.5887385884
650	0.9363403320	-17.3075022631	8.8728731749
651	0.7167053223	-54.1476905234	9.9997277940
652	0.6577148438	103.1394154214	-5.1514801501
653	0.7954711914	-18.2622176155	6.4693674349
654	0.7459411621	-30.8619269162	7.7022178607
655	0.9185180664	-13.6251585872	7.1672188370
656	0.0401916504	0.2980047943	2.1805340583
657	0.2875061035	9.2173363043	6.4842802428
658	0.2002563477	5.8241821910	5.4210765582
659	0.4434814453	11.5264671867	4.8909505287
660	0.5178527832	14.9307948625	4.0124765509
661	0.8170471191	-15.7565982870	6.2508897378
662	0.1201782227	1.9432124168	3.2294677069
663	0.8123168945	-16.2243035087	6.2888524625
664	0.9726562500	12.2633690505	-3.3016042009
665	0.0796813965	0.8698011060	2.5477932781
666	0.5864562988	24.1492837636	2.7661393366
667	0.1347961426	2.4905328675	3.5665848127
668	0.8374938965	-14.1437646594	6.1432303648
669	0.9791564941	6.0264347299	-0.6422894564
670	0.8030090332	-17.2713093322	6.3792827484
671	0.8791503906	-12.4989708025	6.2293047610
672	0.0219116211	0.1365466905	2.0801275937
673	0.9593505859	-328.1699923050	139.6983496971
674	0.0852661133	0.9835094649	2.6210108971
675	0.7666931152	-23.7827664683	7.0017753257
676	0.9629821777	74.5023947802	-29.5209476586
677	0.4613952637	12.0725615935	4.6877441656
678	0.9733276367	11.3294894839	-2.9050846145
679	0.7912902832	-18.8763636334	6.5266279298
680	0.8009643555	-17.5263889685	6.4021404835
681	0.5055236816	14.1091259139	4.1698542487
682	0.4703369141	12.3960249683	4.5858423080
683	0.3639526367	10.1671635272	5.8134574010
684	0.6801452637	-1081.6075494910	109.8655966140
685	0.3984069824	10.6001396802	5.4097249046
686	0.4057006836	10.7161184035	5.3246132143
687	0.5823364258	23.1981357080	2.8761290892
688	0.1746826172	4.4101192275	4.6815925231
689	0.5647888184	19.9494250192	3.2713107857
690	0.9234008789	-14.2146627979	7.4609019669
691	0.6252136230	40.5858442604	1.0229319326
692	0.8392333984	-14.0334288675	6.1381831297
693	0.5049438477	14.0738532393	4.1770495112
694	0.0953674316	1.2149020156	2.7694463923
695	0.2721862793	8.8700878267	6.4957735333
696	0.8848876953	-12.4435648404	6.2862052895
697	0.8763427734	-12.5432069861	6.2067621821
698	0.6595153809	112.9879144037	-6.1129035132
699	0.5479736328	17.6974660070	3.5737981798
700	0.9798889160	5.5857833010	-0.4529316710
701	0.7008666992	-92.1161560064	13.7145943585
702	0.8833312988	-12.4537336121	6.2692219349
703	0.4921264648	13.3611513712	4.3324646491
704	0.1754150391	4.4498307028	4.7034269326
705	0.6968688965	-111.9187283857	15.6456183762
706	0.5518493652	18.1596613591	3.5089270747
707	0.0534973145	0.4513101544	2.2781936285
708	0.9563293457	-69.5529319036	30.9811575476
709	0.7360534668	-36.0740418434	8.2184074025
710	0.0812377930	0.9005248796	2.5675899833
711	0.1097412109	1.6073004475	3.0188074102
712	0.4170227051	10.9189608179	5.1934016780
713	0.4257202148	11.0962159149	5.0933958368
714	0.7568359375	-26.6648887302	7.2863891071
715	0.6119079590	32.7375061479	1.8318894693
716	0.5621643066	19.5520031748	3.3224917289
717	0.8155212402	-15.9031023307	6.2625739096
718	0.0964965820	1.2429508863	2.7873765523
719	0.8539123535	-13.2497351798	6.1222487065
720	0.7324218750	-38.4739918503	8.4557343606
721	0.2297973633	7.3429675047	6.0958556628
722	0.3390197754	9.9145947322	6.0928235133
723	0.8671569824	-12.7594840297	6.1535392536
724	0.1554260254	3.4142268483	4.1169686025
725	0.2243347168	7.0841186340	5.9931596477
726	0.0571899414	0.5002061727	2.3095729733
727	0.9399414063	-18.9748578868	9.6025738733
728	0.6212768555	37.8767686482	1.2994752400
729	0.6685791016	218.5799087524	-16.3923797307
730	0.8962402344	-12.4958309296	6.4529636728
731	0.2620544434	8.5848635457	6.4623291181
732	0.2836303711	9.1381764338	6.4935426692
733	0.9526062012	-38.4229926218	17.8713191134
734	0.4370727539	11.3597315732	4.9637780745
735	0.6943359375	-129.5532333266	17.3634310170
736	0.5852050781	23.8511862803	2.8003974128
737	0.3191223145	9.6996170524	6.2880664658
738	0.1845397949	4.9513463809	4.9742362590
739	0.6631774902	140.3086618807	-8.7762043192
740	0.3087768555	9.5677668791	6.3718809033
741	0.3205566406	9.7165048752	6.2753153865
742	0.6806640625	-853.1177678372	87.6714911342
743	0.1800231934	4.7017505435	4.8406265009
744	0.7527770996	-28.0813604372	7.4266602642
745	0.4010620117	10.6411296370	5.3786949338
746	0.7431030273	-32.1925942104	7.8340801839
747	0.9859619141	2.9240722772	0.6993046316
748	0.0322570801	0.2216697803	2.1326040734
749	0.6035156250	29.2438004667	2.2026209679
750	0.8281555176	-14.8045929370	6.1813115282
751	0.8212280273	-15.3753946366	6.2215471098
752	0.5045166016	14.0480422363	4.1823409444
753	0.4016113281	10.6497820642	5.3722815109
754	0.5193481445	15.0405745549	3.9927340018
755	0.8196716309	-15.5139235263	6.2320176955
756	0.3199462891	9.7093542323	6.2807716390
757	0.6568603516	99.0476263844	-4.7517254111
758	0.1404113770	2.7248930145	3.7084971591
759	0.0284729004	0.1887554479	2.1121650229
760	0.0978698730	1.2776807045	2.8095565535
761	0.7005615234	-93.3777266977	13.8376999698
762	0.4938964844	13.4524029967	4.3113674584
763	0.0524291992	0.4377118194	2.2694814674
764	0.7272033691	-42.5538111383	8.8585879996
765	0.5410156250	16.9385294050	3.6844262158
766	0.7240600586	-45.4642641135	9.1455322846
767	0.8236694336	-15.1658768874	6.2061883775
768	0.2923278809	9.3084735670	6.4674018206
769	0.1953125000	5.5506502772	5.2847280468
770	0.3055725098	9.5226645868	6.3945213310
771	0.4961242676	13.5703682278	4.2846641378
772	0.1237792969	2.0696128717	3.3080132527
773	0.1465148926	2.9944401253	3.8698377244
774	0.1564025879	3.4620092938	4.1447698404
775	0.4650268555	12.1994548365	4.6464363810
776	0.9742126465	10.2361416172	-2.4402976269
777	0.9257507324	-14.5771833627	7.6346248083
778	0.8764038086	-12.5421317107	6.2072183048
779	0.5115051270	14.4900132378	4.0946166681
780	0.3189392090	9.6974398569	6.2896762692
781	0.8190002441	-15.5749046417	6.2366993558
782	0.1104125977	1.6275751217	3.0315990577
783	0.0720825195	0.7299660439	2.4576132131
784	0.7818908691	-20.4573215628	6.6772352583
785	0.6994323730	-98.3615398253	14.3238997330
786	0.0366210938	0.2623752761	2.1580831306
787	0.6331787109	47.5312273066	0.3221802119
788	0.6863403320	-257.3522447759	29.7929864308
789	0.9841613770	3.5670627285	0.4192839234
790	0.9798278809	5.6212142228	-0.4681683671
791	0.2506713867	8.2053755262	6.3799666901
792	0.7306518555	-39.7657953477	8.5833716509
793	0.7164611816	-54.4935874153	10.0337019356
794	0.1496887207	3.1404955699	3.9564019081
795	0.1945190430	5.5065629040	5.2624197172
796	0.7891235352	-19.2148802660	6.5585383668
797	0.7727355957	-22.3250405504	6.8587057527
798	0.5040588379	14.0205551298	4.1880007471
799	0.7180480957	-52.3214620806	9.8202939894
800	0.8377380371	-14.1280456958	6.1424829405
801	0.1945495605	5.5082592387	5.2632797164
802	0.7372131348	-35.3707405510	8.1488116196
803	0.9527587891	-39.0748773578	18.1463850126
804	0.0049133301	0.0261667190	2.0147677429
805	0.6455993652	65.1890125063	-1.4311040370
806	0.3931884766	10.5234000387	5.4708514420
807	0.9276733398	-14.9222774370	7.7967961209
808	0.7473449707	-30.2449606266	7.6410712203
809	0.9938964844	0.9481522521	1.5712578177
810	0.1040344238	1.4421313997	2.9142493125
811	0.7139587402	-58.3129347071	10.4086125228
812	0.1507263184	3.1890903923	3.9850669553
813	0.0186462402	0.1127027143	2.0656906125
814	0.9530639648	-40.4642084500	18.7324741434
815	0.6944274902	-128.8198045199	17.2920112339
816	0.3556213379	10.0808840440	5.9092849566
817	0.2423706055	7.8878177256	6.2878996450
818	0.9631958008	68.9362082740	-27.1800959969
819	0.9580078125	-120.2311260192	52.2926246014
820	0.1080932617	1.5582947635	2.9878495275
821	0.8879089355	-12.4348621063	6.3228034406
822	0.7101745605	-65.2302030206	11.0866856614
823	0.8194580078	-15.5332458165	6.2334964870
824	0.4356384277	11.3242651041	4.9801061914
825	0.9603881836	764.3242709975	-319.4700696589
826	0.0609436035	0.5530302527	2.3435457645
827	0.4636535645	12.1507709319	4.6620673944
828	0.4479370117	11.6507732420	4.8404057718
829	0.4544372559	11.8453952888	4.7667095004
830	0.0367736816	0.2638541157	2.1590124274
831	0.7153015137	-56.1991259222	10.2011694033
832	0.2625122070	8.5987914395	6.4646211412
833	0.6859741211	-269.5099490815	30.9746392642
834	0.8017272949	-17.4300719931	6.3934787903
835	0.9334106445	-16.3063617736	8.4278728500
836	0.0556640625	0.4796412862	2.2963661266
837	0.7494201660	-29.3784747637	7.5551942160
838	0.7757873535	-21.6609883116	6.7938844931
839	0.0308227539	0.2089414869	2.1246809785
840	0.2381896973	7.7149503960	6.2310456043
841	0.0996398926	1.3234544935	2.8387532926
842	0.8732299805	-12.6045419798	6.1853901802
843	0.6186828613	36.2896786470	1.4626443922
844	0.7561645508	-26.8887044676	7.3085433019
845	0.2590637207	8.4913643841	6.4454555517
846	0.8658142090	-12.7998126284	6.1481073919
847	0.2760925293	8.9676925768	6.4994867707
848	0.5166931152	14.8472679801	4.0276790791
849	0.6495666504	74.0725676030	-2.3055042850
850	0.8712463379	-12.6501219812	6.1736169829
851	0.9446105957	-22.3695836924	11.0655130010
852	0.9387207031	-18.3423640835	9.3270403882
853	0.5496826172	17.8975580566	3.5455032319
854	0.9662170410	31.7663854257	-11.5383120258
855	0.4476928711	11.6437757864	4.8431742007
856	0.6288757324	43.4982534030	0.7278651572
857	0.1765136719	4.5095801713	4.7361739635
858	0.9248962402	-14.4383949654	7.5685806262
859	0.1352844238	2.5103845029	3.5786635035
860	0.1821289063	4.8178534256	4.9030725201
861	0.8927307129	-12.4537442667	6.3923542030
862	0.0820312500	0.9164715039	2.5778615208
863	0.6533813477	85.3005302689	-3.4068755179
864	0.1076354980	1.5448724222	2.9793607435
865	0.5387268066	16.7069230644	3.7193636535
866	0.3214111328	9.7264298844	6.2676029662
867	0.8385314941	-14.0774862680	6.1401417739
868	0.8795776367	-12.4931927786	6.2330238440
869	0.8895874023	-12.4366629105	6.3453672193
870	0.1889648438	5.1973726471	5.1035375614
871	0.7373657227	-35.2802841801	8.1398589342
872	0.1127929688	1.7009157547	3.0777902300
873	0.2371215820	7.6694307303	6.2153941043
874	0.1312561035	2.3496383483	3.4805538783
875	0.7510681152	-28.7263827885	7.4905712758
876	0.8637390137	-12.8663560375	6.1407799662
877	0.0968933105	1.2529141338	2.7937419187
878	0.8584899902	-13.0572040323	6.1277045838
879	0.9050598145	-12.7309584348	6.6530474952
880	0.0561218262	0.4857568616	2.3002922786
881	0.0401916504	0.2980047943	2.1805340583
882	0.8330993652	-14.4400146244	6.1588508235
883	0.2433471680	7.9269607339	6.3001654744
884	0.0317687988	0.2173015159	2.1298823511
885	0.6511840820	78.4451954021	-2.7348320881
886	0.8827514648	-12.4584711091	6.2632010703
887	0.3482666016	10.0070600942	5.9921338461
888	0.2263488770	7.1810044408	6.0323369130
889	0.6089172363	31.3936265969	1.9734287582
890	0.9388122559	-18.3871305153	9.3465866097
891	0.9847717285	3.3380369804	0.5188713385
892	0.9702148438	16.7188260268	-5.1889995174
893	0.8942565918	-12.4689063038	6.4175811485
894	0.8995666504	-12.5608315939	6.5195486110
895	0.8701782227	-12.6767068555	6.1678415494
896	0.4141235352	10.8641713396	5.2268888731
897	0.1219787598	2.0057286690	3.2683661361
898	0.6184692383	36.1651948225	1.4754842856
899	0.5685119629	20.5477609511	3.1956533988
900	0.5801086426	22.7182949501	2.9324251764
901	0.9978332520	0.2977246578	1.8642929175
902	0.0175170898	0.1047696034	2.0609194528
903	0.5101928711	14.4037137947	4.1112894186
904	0.5371398926	16.5511903831	3.7432043725
905	0.9005126953	-12.5842304126	6.5403077277
906	0.3253784180	9.7713004951	6.2307278227
907	0.1365051270	2.5604551070	3.6090815331
908	0.7019653320	-87.8433402444	13.2975415482
909	0.5887756348	24.7246784143	2.7005175501
910	0.4408264160	11.4557157525	4.9210994754
911	0.1691284180	4.1125946488	4.5162804159
912	0.2649230957	8.6704871747	6.4754417582
913	0.0333557129	0.2316330864	2.1388215034
914	0.4209899902	10.9973431479	5.1477017350
915	0.0046386719	0.0246423144	2.0138975216
916	0.7406921387	-33.4198194043	7.9556533998
917	0.3740539551	10.2787158943	5.6955936435
918	0.0945129395	1.1939766518	2.7560603172
919	0.2341003418	7.5377516424	6.1686540492
920	0.6440734863	62.3238735684	-1.1482902843
921	0.0018005371	0.0093219370	2.0052179457
922	0.7999877930	-17.6516963566	6.4134617085
923	0.2875366211	9.2179381181	6.4841916433
924	0.2907104492	9.2787703148	6.4736968168
925	0.7656555176	-24.0543605861	7.0285183706
926	0.2491455078	8.1495896241	6.3651066187
927	0.2035217285	6.0032203631	5.5082947986
928	0.7230224609	-46.5154327063	9.2490826831
929	0.3048400879	9.5120279000	6.3994482539
930	0.5152587891	14.7458547134	4.0463565861
931	0.5236816406	15.3724853581	3.9345748085
932	0.7608337402	-25.4099168324	7.1622735164
933	0.5057067871	14.1203232827	4.1675786627
934	0.1461791992	2.9792237102	3.8607842091
935	0.3121948242	9.6134856647	6.3458978293
936	0.1772460938	4.5495283145	4.7579975506
937	0.0839233398	0.9552835599	2.6028496346
938	0.4028930664	10.6702056041	5.3573260429
939	0.3004150391	9.4449614236	6.4271172327
940	0.9993591309	0.0842305816	1.9614885024
941	0.2913513184	9.2906417250	6.4712771733
942	0.6226196289	38.7572112391	1.2093470486
943	0.1562500000	3.4545212584	4.1404176015
944	0.9341430664	-16.5333913608	8.5294089133
945	0.7481994629	-29.8818025431	7.6050784320
946	0.7071838379	-71.9806862663	11.7474652113
947	0.8788452148	-12.5032544217	6.2266961376
948	0.9190673828	-13.6821725564	7.1964539734
949	0.3998718262	10.6225863150	5.3925985421
950	0.7362670898	-35.9423439851	8.2053767170
951	0.3180236816	9.6864789489	6.2976626806
952	0.7980651855	-17.9052148409	6.4365348266
953	0.5992736816	27.7658137068	2.3626371181
954	0.7056274414	-76.0782349458	12.1481880487
955	0.8189392090	-15.5804854218	6.2371299173
956	0.1221313477	2.0110894349	3.2716970713
957	0.3135986328	9.6316067350	6.3347141582
958	0.3905639648	10.4866090079	5.5016492756
959	0.9913635254	1.4621911199	1.3422419266
960	0.0753173828	0.7874800112	2.4947147250
961	0.4564514160	11.9090770280	4.7438670064
962	0.3339538574	9.8628690456	6.1457808266
963	0.6044921875	29.6086844166	2.1634475572
964	0.5252380371	15.4969258552	3.9133191130
965	0.3449096680	9.9736078793	6.0292065963
966	0.9597167969	-649.6309717380	274.8108376191
967	0.6062927246	30.3079582897	2.0887012330
968	0.1991271973	5.7619293595	5.3903654603
969	0.2814941406	9.0921481587	6.4968996761
970	0.8110351563	-16.3581169259	6.3000380223
971	0.2681579590	8.7623753452	6.4867248956
972	0.9844665527	3.4510441851	0.4697124499
973	0.2612915039	8.5614253182	6.4583387233
974	0.9135742188	-13.1967612965	6.9384426223
975	0.4542541504	11.8396873965	4.7687857113
976	0.3547668457	10.0722295135	5.9190084290
977	0.8038635254	-17.1675471980	6.3700626913
978	0.2639465332	8.6417801375	6.4713104832
979	0.0163269043	0.0965761429	2.0560100863
980	0.9203796387	-13.8272265852	7.2699037892
981	0.9103393555	-12.9853670966	6.8164274271
982	0.4427795410	11.5075267971	4.8989183153
983	0.3129882813	9.6237727893	6.3396119323
984	0.1043395996	1.4506440657	2.9196530454
985	0.1455078125	2.9489256790	3.8427378254
986	0.3530578613	10.0549965063	5.9383842723
987	0.8543701172	-13.2293902023	6.1225573343
988	0.9430236816	-20.9987182419	10.4772233203
989	0.8446960449	-13.7115373055	6.1265868238
990	0.0835571289	0.9476843978	2.5979584722
991	0.0715637207	0.7210106993	2.4518358506
992	0.0120239258	0.0683461622	2.0392533367
993	0.4459533691	11.5945501707	4.8629025073
994	0.8968505859	-12.5058356794	6.4644744976
995	0.2113037109	6.4217532799	5.7052375521
996	0.4768371582	12.6557792793	4.5112128680
997	0.9470520020	-25.1526972170	12.2535684211
998	0.3428955078	9.9535061102	6.0511816429
999	0.3553466797	10.0780992113	5.9124128421
1000	0.2688293457	8.7808382272	6.4886124651
