0	3.3981933594	14.6787112975	3.8029573186
1	2.2048034668	12.8102568481	5.0873282500
2	3.2060241699	14.9212473445	3.8942463627
3	0.6942749023	8.1734613254	4.0883948149
4	1.5901489258	-4.6317824217	9.1990200070
5	1.0318603516	4.4421679941	5.1509365893
6	0.1874694824	7.1165782443	3.1416429802
7	2.1347351074	12.0900301646	5.3375392494
8	0.9136962891	6.2581622945	4.6596228916
9	0.1942138672	7.2142265677	3.1612619321
10	2.0424499512	10.7819041430	5.7609968284
11	0.6387939453	8.4334514359	3.9830791346
12	1.1224670410	2.5402680959	5.6755248877
13	0.6381225586	8.4361211505	3.9818624846
14	2.7637023926	14.8897616397	4.1597121518
15	1.4293823242	-5.7882089024	8.5631962061
16	1.8241271973	5.0427264088	7.3495912247
17	1.2469787598	-0.8505544453	6.6801554002
18	3.0279846191	14.9985681715	3.9844022432
19	3.1372070313	14.9655053124	3.9276463399
20	3.5469360352	14.3038211007	3.7226083153
21	0.4388732910	8.7339719584	3.6521721686
22	1.5753479004	-5.0616807175	9.2275623159
23	0.2110290527	7.4373688752	3.2076417860
24	0.4310607910	8.7243702135	3.6395483002
25	2.3894348145	13.9971619261	4.6286247767
26	3.2127075195	14.9159120483	3.8910630756
27	0.9526977539	5.7325806419	4.8022655769
28	2.5449829102	14.5249255162	4.3843798107
29	3.8793945313	10.9122685868	3.2730100265
30	2.4430236816	14.2140910241	4.5335273887
31	1.1774597168	1.1456411300	6.0755218409
32	2.8270263672	14.9426002014	4.1108073161
33	0.7671813965	7.7067989642	4.2451651921
34	3.7189636230	13.3979706609	3.5844130679
35	2.4989318848	14.3990009565	4.4471886931
36	3.6515808105	13.8492540565	3.6486695107
37	1.0867004395	3.3491746390	5.4499932219
38	1.3220520020	-3.1428143745	7.4439992949
39	1.2393493652	-0.6214386832	6.6084356081
40	0.0206298828	1.6217976931	2.2420766197
41	3.7698974609	12.9119276936	3.5198802232
42	0.8663635254	6.8106470485	4.5072387831
43	1.9648132324	9.2457555242	6.2225301630
44	1.3801574707	-4.7649290586	8.0690899036
45	3.9944152832	1.4108016396	2.1632374284
46	3.4275512695	14.6214925988	3.7883328919
47	0.6452636719	8.4071500720	3.9948670302
48	2.0614624023	11.0917823410	5.6636181127
49	2.1563415527	12.3334460621	5.2546237746
50	3.2967834473	14.8314276573	3.8514305371
51	2.4397888184	14.2021774099	4.5389026029
52	3.3476867676	14.7626801209	3.8273685564
53	3.4678039551	14.5312516996	3.7675108597
54	2.3594360352	13.8556019625	4.6880241806
55	0.1066894531	5.4440694299	2.8410737765
56	2.1651306152	12.4267234443	5.2224313365
57	0.1795349121	6.9951847181	3.1177376916
58	2.0993347168	11.6437014380	5.4858812478
59	2.0386352539	10.7168715411	5.7812308233
60	1.3996887207	-5.2230817803	8.2726813774
61	1.4287414551	-5.7779670484	8.5572512048
62	3.2273559570	14.9035422345	3.8841121020
63	2.9229125977	14.9889493112	4.0459386482
64	1.8382263184	5.5577506284	7.2206227346
65	3.7115783691	13.4563140424	3.5924230332
66	0.9354858398	5.9728172690	4.7372311125
67	2.0264892578	10.5031537843	5.8472547920
68	0.7351074219	7.9304536336	4.1731779140
69	3.9808349609	3.9965720831	2.4628461018
70	2.7756958008	14.9012557388	4.1500192796
71	2.1062316895	11.7356131991	5.4556950714
72	0.0034179688	0.3004335881	2.0445632457
73	1.3686523438	-4.4696894819	7.9463968946
74	3.1638488770	14.9506229256	3.9145595098
75	0.9439392090	5.8565061778	4.7687436645
76	1.0315246582	4.4483313266	5.1492643556
77	1.5342102051	-5.9299691045	9.2086314207
78	1.5086364746	-6.2045537488	9.1239360410
79	2.5067138672	14.4218318661	4.4360843820
80	0.1243591309	5.9088492295	2.9199875964
81	1.6361999512	-2.9786229153	9.0018102571
82	0.9654235840	5.5461745539	4.8526160215
83	3.7319335938	13.2889294436	3.5696197619
84	2.5699462891	14.5845778149	4.3530603081
85	0.9307250977	6.0369211453	4.7198373102
86	0.8151550293	7.3141950036	4.3635651966
87	3.9374389648	8.3742082467	2.9727469522
88	1.3306884766	-3.4002135658	7.5367252032
89	1.9937438965	9.8733336883	6.0378904477
90	0.4683837891	8.7544389260	3.6994979878
91	2.8567810059	14.9610895968	4.0896087933
92	3.3599243164	14.7438784725	3.8215199092
93	2.5688476563	14.5820702960	4.3544012910
94	0.0939636230	5.0620850908	2.7778223141
95	1.2992858887	-2.4510770922	7.2030174921
96	1.5431518555	-5.7848661301	9.2251979600
97	2.0398864746	10.7383104572	5.7745679333
98	1.8731689453	6.7421498444	6.9147765734
99	1.4352416992	-5.8774391314	8.6167572710
100	2.2645263672	13.2876177027	4.9118146511
101	3.5286865234	14.3631889519	3.7335634446
102	3.8785095215	10.9382667094	3.2761293713
103	1.7060546875	0.0570141687	8.4687441452
104	1.5983581543	-4.3696752936	9.1754748162
105	0.6174926758	8.5127200525	3.9450486769
106	2.5775451660	14.6016349021	4.3438761658
107	1.3594055176	-4.2211078321	7.8469109264
108	2.1253662109	11.9778945576	5.3752372988
109	1.6969604492	-0.3528655951	8.5489881214
110	2.9620361328	14.9973423477	4.0220337983
111	2.6094055176	14.6679267521	4.3070273710
112	1.3741149902	-4.6119560902	8.0048390734
113	2.9385070801	14.9929938062	4.0362537379
114	1.3015441895	-2.5202672784	7.2266402795
115	3.4218139648	14.6332085535	3.7912230865
116	2.8875122070	14.9762382456	4.0687622961
117	0.8920898438	6.5213964876	4.5874708995
118	1.5225830078	-6.0807723079	9.1768738884
119	3.9239807129	9.1581018748	3.0648323220
120	0.9140930176	6.2531486299	4.6609911467
121	3.7089538574	13.4764356455	3.5952022419
122	0.2123718262	7.4540186253	3.2112013825
123	0.4403381348	8.7355727631	3.6545334316
124	2.7245788574	14.8470590769	4.1928854858
125	1.9891357422	9.7780326772	6.0662560364
126	2.2478942871	13.1654300051	4.9576421550
127	2.1522216797	12.2886073487	5.2700137078
128	1.5530700684	-5.5948795173	9.2354841600
129	2.2541198730	13.2120737042	4.9402282647
130	2.0495910645	10.9010380129	5.7237507739
131	2.3833007813	13.9694807896	4.6403859264
132	3.1636962891	14.9507161010	3.9146338331
133	2.0447082520	10.8199435483	5.7491295842
134	1.4605102539	-6.1641321746	8.8289829875
135	3.5095214844	14.4207530587	3.7446410719
136	2.0418090820	10.7710471262	5.7643795921
137	2.6433715820	14.7299813711	4.2704731268
138	1.2500305176	-0.9427036352	6.7091954939
139	0.4943542480	8.7527237835	3.7409719361
140	3.2105102539	14.9176872144	3.8921087446
141	3.4221496582	14.6325304227	3.7910544435
142	0.2427673340	7.7899986040	3.2868711641
143	0.0490722656	3.2796640347	2.4948536125
144	3.6720581055	13.7294202650	3.6310122285
145	1.8151550293	4.7041135412	7.4330725166
146	3.0726928711	14.9903543797	3.9604626818
147	1.4176330566	-5.5860175322	8.4517052583
148	2.4742126465	14.3219410852	4.4838904256
149	2.9163818359	14.9869761083	4.0500594934
150	3.5617370605	14.2520853076	3.7133918037
151	2.7870483398	14.9114775955	4.1410373498
152	3.4016418457	14.6723328536	3.8012593636
153	1.7021789551	-0.1177652993	8.5032215153
154	3.7239379883	13.3571775082	3.5788530212
155	1.3225097656	-3.1565457491	7.4489000443
156	1.2924499512	-2.2412239582	7.1319585525
157	3.8790588379	10.9221602624	3.2741967030
158	0.3942260742	8.6538612083	3.5790633975
159	1.8274841309	5.1672601435	7.3186274077
160	1.9793701172	9.5703272157	6.1276648638
161	1.3562316895	-4.1337407587	7.8126530494
162	3.4823608398	14.4948267851	3.7597022092
163	1.0289306641	4.4957478887	5.1364033942
164	1.8564147949	6.1907060732	7.0587990652
165	3.3433532715	14.7691160877	3.8294318764
166	3.8518371582	11.6168365972	3.3581137700
167	3.4873352051	14.4818744418	3.7569941242
168	3.0700378418	14.9910460985	3.9618539481
169	2.0731811523	11.2714820043	5.6063812309
170	1.8238220215	5.0313465042	7.3524136871
171	2.1320495605	12.0583081648	5.3482343716
172	0.3358154297	8.4459270328	3.4775383285
173	0.1491699219	6.4562330441	3.0166656994
174	2.3059692383	13.5606202984	4.8067266521
175	1.4213562012	-5.6533242528	8.4875861170
176	1.3795471191	-4.7496977130	8.0626215736
177	3.5181579590	14.3953885126	3.7396994393
178	0.5464477539	8.6968563224	3.8249881833
179	1.1275939941	2.4179389485	5.7100090278
180	2.0038757324	10.0769289964	5.9768804167
181	2.0680236816	11.1934219039	5.6313162175
182	1.5127563477	-6.1744806387	9.1412237031
183	3.7473144531	13.1475170254	3.5507335696
184	2.7796630859	14.9048997941	4.1468594488
185	0.8503417969	6.9781803309	4.4601278365
186	3.8956298828	10.3849968559	3.2100106258
187	0.5365295410	8.7127366646	3.8088251174
188	0.3623657227	8.5563568719	3.5248011879
189	2.9280700684	14.9903905883	4.0427117451
190	2.7380371094	14.8626747553	4.1811950164
191	3.1707763672	14.9462950057	3.9111922305
192	1.4333496094	-5.8495044258	8.5996211476
193	1.8481140137	5.9062655565	7.1319767580
194	1.6890258789	-0.7092776049	8.6169807424
195	2.0302734375	10.5708421631	5.8264207081
196	0.2664794922	8.0043688767	3.3403795335
197	2.7391052246	14.8638716657	4.1802800558
198	1.8825683594	7.0383117140	6.8362338457
199	1.1101989746	2.8264786967	5.5952464466
200	0.9194335938	6.1850097554	4.6795681439
201	1.0339355469	4.4039292385	5.1613143230
202	1.4415588379	-5.9644484442	8.6728066835
203	2.5556945801	14.5512175596	4.3707200171
204	2.0500488281	10.9085605767	5.7213910107
205	2.8175354004	14.9358795492	4.1177951424
206	0.6066894531	8.5486588501	3.9261792530
207	3.8220214844	12.1931114856	3.4289194563
208	0.3578491211	8.5395385933	3.5169102976
209	3.7994384766	12.5405370771	3.4724060473
210	2.4904174805	14.3732522923	4.4595805477
211	0.4598999023	8.7510559353	3.6859334946
212	3.6503601074	13.8559994236	3.6496797995
213	0.9114685059	6.2861932576	4.6519694726
214	0.4556579590	8.7486172177	3.6791417645
215	2.5254821777	14.4742418271	4.4101413780
216	1.5345153809	-5.9254316857	9.2093101494
217	1.5304260254	-5.9837791546	9.1995539888
218	3.1200256348	14.9736493460	3.9362162823
219	1.6155700684	-3.7710105137	9.1091582532
220	0.7331542969	7.9431206450	4.1689572659
221	0.3256225586	8.3957562819	3.4587652197
222	0.9844360352	5.2532130927	4.9316651707
223	3.5277404785	14.3661415192	3.7341200473
224	2.0263366699	10.5004031500	5.8480999377
225	0.7317810059	7.9519630682	4.1660001954
226	3.6871643066	13.6321494895	3.6170354798
227	2.5456237793	14.5265287370	4.3835529796
228	2.8178100586	14.9360797647	4.1175913224
229	3.0463562012	14.9960753722	3.9744285291
230	0.8827209473	6.6296996681	4.5575680514
231	2.3488464355	13.8017497799	4.7101672176
232	2.3262939453	13.6797387541	4.7595218475
233	1.1525573730	1.7995101256	5.8860383676
234	1.7457885742	1.8344791539	8.0981432106
235	0.5484313965	8.6933889484	3.8282338205
236	3.4021301270	14.6714225841	3.8010185531
237	3.8666687012	11.2629259034	3.3152071663
238	3.1000366211	14.9817201503	3.9463336855
239	0.8467407227	7.0145521605	4.4498220003
240	3.9683532715	5.6870960496	2.6591867548
241	1.9109497070	7.8760628243	6.6093895020
242	0.1721191406	6.8749463613	3.0945292789
243	1.8227844238	4.9925819436	7.3620193252
244	3.0874633789	14.9860332712	3.9527866369
245	0.5111999512	8.7421662560	3.7679463108
246	2.9706115723	14.9984098006	4.0169622583
247	0.3422851563	8.4754646645	3.4892609692
248	1.6524963379	-2.3071761683	8.8980523365
249	1.6193237305	-3.6324185991	9.0917911273
250	3.2897338867	14.8398296195	3.8547440442
251	0.5928344727	8.5905770982	3.9023459975
252	0.7036743164	8.1215185695	4.1072999008
253	0.7611999512	7.7507837605	4.2313402036
254	3.3384704590	14.7762320490	3.8317524201
255	1.7441406250	1.7619167542	8.1139363382
256	2.3696899414	13.9057681941	4.6671805460
257	2.5091552734	14.4288591442	4.4326433987
258	1.9943542480	9.8858282356	6.0341625425
259	0.2330932617	7.6911136291	3.2637395377
260	1.4341430664	-5.8613222938	8.6068261986
261	3.5796508789	14.1847372549	3.7017865196
262	3.6824340820	13.6634832066	3.6215065184
263	0.6739501953	8.2778466469	4.0486378528
264	0.5269775391	8.7257238438	3.7933502631
265	0.5559997559	8.6792711053	3.8406609851
266	1.8790893555	6.9297936705	6.8651111053
267	1.3935241699	-5.0849613849	8.2092310851
268	1.9407958984	8.6690461685	6.3879709438
269	2.2360534668	13.0736006932	4.9916506383
270	2.2410278320	13.1126847506	4.9772196140
271	0.5912475586	8.5950796587	3.8996406512
272	1.0723571777	3.6519335933	5.3665839327
273	2.6046752930	14.6585988365	4.3123350968
274	2.3591918945	13.8543841157	4.6885275371
275	0.1244201660	5.9103370355	2.9202443032
276	0.4890136719	8.7545363603	3.7324394373
277	3.4316406250	14.6129762143	3.7862622708
278	1.1376037598	2.1744930201	5.7789571227
279	3.9183654785	9.4406064590	3.0981275659
280	1.6199340820	-3.6096323032	9.0888728751
281	3.4940490723	14.4639672550	3.7533046955
282	3.7973022461	12.5702547823	3.4761625055
283	2.0015258789	10.0304265499	5.9908656582
284	0.0727233887	4.3160988038	2.6573905390
285	2.4242248535	14.1428265222	4.5653949233
286	2.5052185059	14.4174959630	4.4382019914
287	1.1656494141	1.4602511633	5.9838942199
288	0.5747070313	8.6383596187	3.8717147358
289	1.1821899414	1.0174141130	6.1131216991
290	0.6282043457	8.4742583372	3.9640289428
291	0.2509460449	7.8682529396	3.3058115316
292	0.5393676758	8.7084408906	3.8134396651
293	1.1533508301	1.7792379673	5.8918589910
294	2.6117553711	14.6724962726	4.3044110200
295	1.0562438965	3.9776141208	5.2773817856
296	2.2577514648	13.2387765471	4.9302150193
297	2.8712463379	14.9687081073	4.0796698075
298	1.4840393066	-6.2721188978	8.9934370669
299	3.8741455078	11.0627982807	3.2910906290
300	3.7149047852	13.4303553285	3.5888504578
301	0.3650817871	8.5660983279	3.5295199185
302	1.9848022461	9.6868362628	6.0932875599
303	1.6511840820	-2.3624650691	8.9069678556
304	1.0312194824	4.4539289648	5.1477457132
305	1.1325378418	2.2984619734	5.7437926009
306	1.3192138672	-3.0574836722	7.4136549979
307	1.7730102539	3.0081492256	7.8354790970
308	1.5288391113	-6.0049894875	9.1953843785
309	0.7372436523	7.9164761773	4.1778146480
310	0.5367736816	8.7123749843	3.8092217515
311	1.4744873047	-6.2479195240	8.9309926875
312	1.4231567383	-5.6848161368	8.5047607345
313	3.0315246582	14.9981834673	3.9824646980
314	0.5353088379	8.7145228823	3.8068428188
315	2.8748779297	14.9704836103	4.0772103712
316	0.1391296387	6.2478931700	2.9792964522
317	3.0041809082	14.9999679691	3.9976368074
318	1.6897888184	-0.6750834387	8.6105324452
319	0.6379699707	8.4367263419	3.9815861442
320	1.2527160645	-1.0240112441	6.7349145206
321	3.2528381348	14.8797401675	3.8720858086
322	2.1062622070	11.7360143513	5.4555629289
323	2.2573242188	13.2356541396	4.9313875690
324	0.0572814941	3.6683394670	2.5552841035
325	1.0819396973	3.4510216107	5.4218790112
326	1.5007629395	-6.2469407798	9.0871539351
327	0.9663696289	5.5320113040	4.8564391909
328	0.7550048828	7.7952256385	4.2172209492
329	1.2251892090	-0.2016855838	6.4787414149
330	2.7032470703	14.8202167303	4.2120534624
331	0.2734985352	8.0608466689	3.3554494997
332	2.2733154297	13.3491375090	4.8884747589
333	0.1932678223	7.2008243589	3.1585470624
334	0.7864074707	7.5581119825	4.2909484886
335	1.1223144531	2.5438842858	5.6745071001
336	0.7062072754	8.1071182227	4.1124539126
337	2.2464904785	13.1547585829	4.9616127305
338	0.8197021484	7.2731512902	4.3755449565
339	0.6767883301	8.2639143631	4.0541017652
340	3.3807983398	14.7095773606	3.8114535990
341	3.9924621582	1.8480159369	2.2138532911
342	0.2481689453	7.8422118804	3.2994406906
343	2.7313232422	14.8550092328	4.1869891803
344	2.5484924316	14.5336575891	4.3798669834
345	2.6087341309	14.6666133619	4.3077773752
346	1.8963317871	7.4550603418	6.7242647609
347	0.7460327148	7.8576075289	4.1971204864
348	1.7017211914	-0.1384016139	8.5072670380
349	2.6904602051	14.8028466494	4.2239373719
350	1.5971984863	-4.4076700745	9.1791262849
351	0.5068359375	8.7456007257	3.7609467388
352	2.5150451660	14.4455512080	4.4244245522
353	3.7230834961	13.3642734769	3.5798179019
354	1.4461059570	-6.0209407377	8.7119834336
355	3.4105224609	14.6554965174	3.7968637617
356	3.4117126465	14.6531943675	3.7962720263
357	3.1799011230	14.9403001485	3.9067768783
358	0.6795654297	8.2500805658	4.0594749873
359	2.3750915527	13.9314381646	4.6564297819
360	3.7550354004	13.0709961651	3.5406359215
361	3.2448425293	14.8875280303	3.8758522663
362	3.1792602539	14.9407321958	3.9070862787
363	3.3747863770	14.7197540737	3.8143659289
364	0.6648254395	8.3212397846	4.0312535747
365	2.1600341797	12.3730257920	5.2409933569
366	3.6009521484	14.0971462045	3.6872521385
367	3.6003112793	14.0999101267	3.6877022259
368	0.4587097168	8.7504223199	3.6840286518
369	1.1984863281	0.5663027799	6.2466365717
370	3.1282958984	14.9698696783	3.9320773718
371	2.2439270020	13.1351236231	4.9689055452
372	1.7186584473	0.6251192023	8.3541298440
373	1.2617492676	-1.2988120969	6.8225252008
374	3.8518676758	11.6161608666	3.3580314892
375	0.9096069336	6.3094572394	4.6456127921
376	3.9822998047	3.7619198877	2.4356277793
377	3.1025695801	14.9807801840	3.9450422814
378	2.7729797363	14.8987159596	4.1521957400
379	0.6482849121	8.3945099815	4.0004122432
380	1.0593566895	3.9158746293	5.2942534369
381	3.1725769043	14.9451386748	3.9103192218
382	0.4325866699	8.7263873619	3.6420181901
383	0.6178894043	8.5113458392	3.9457467088
384	0.9730529785	5.4307298938	4.8837721647
385	2.0948486328	11.5825597183	5.5058639498
386	1.1653137207	1.4690759808	5.9813365337
387	2.3686523438	13.9007781467	4.6692635946
388	3.5264892578	14.3700282868	3.7348545733
389	0.7616577148	7.7474550734	4.2323914823
390	0.9782104492	5.3510902166	4.9052593595
391	1.7530822754	2.1537858831	8.0280171067
392	2.4942016602	14.3847967860	4.4540413511
393	3.0571594238	14.9940351581	3.9686544738
394	0.0546569824	3.5477212094	2.5364706153
395	1.4612426758	-6.1699054337	8.8346233719
396	3.4382629395	14.5988855376	3.7828894584
397	2.2048645020	12.8108026653	5.0871325770
398	3.8834533691	10.7896539295	3.2583162024
399	3.1809082031	14.9396178409	3.9062908871
400	0.1500549316	6.4738105717	3.0198556340
401	2.7405090332	14.8654353810	4.1790803638
402	2.0125427246	10.2447835173	5.9261464922
403	2.3826293945	13.9664127072	4.6416849039
404	3.7163085938	13.4192441404	3.5873255845
405	1.1095886230	2.8404785702	5.5913337053
406	3.4279479980	14.6206724729	3.7881324040
407	1.7299804688	1.1330856005	8.2485190603
408	0.2108764648	7.4354663902	3.2072360082
409	2.8900451660	14.9773137123	4.0670884344
410	3.5577697754	14.2662851411	3.7158934747
411	2.1147460938	11.8456820690	5.4193061348
412	2.0108337402	10.2121363038	5.9360455029
413	2.6399536133	14.7241146386	4.2740322406
414	0.9010314941	6.4147725049	4.6167769620
415	1.3168945313	-2.9875150933	7.3889122542
416	2.7380065918	14.8626404671	4.1812211855
417	2.3700866699	13.9076710882	4.6663856220
418	0.2814941406	8.1216059417	3.3722358499
419	3.2899780273	14.8395429434	3.8546293198
420	3.8254699707	12.1340647549	3.4215974181
421	3.6416931152	13.9026952732	3.6567268113
422	0.7267761230	7.9837432148	4.1552961949
423	3.0710449219	14.9907867649	3.9613258036
424	1.7087707520	0.1795234337	8.4443532494
425	1.2890319824	-2.1361434703	7.0966963596
426	2.9720458984	14.9985615825	4.0161195588
427	1.3160400391	-2.9616872717	7.3798096682
428	2.6424865723	14.7284701552	4.2713922098
429	0.7671508789	7.7070260792	4.2450941671
430	3.5890502930	14.1471486007	3.6954782428
431	1.4597473145	-6.1579594606	8.8230743934
432	0.1415100098	6.2988129596	2.9883582736
433	2.1244812012	11.9670867988	5.3788548609
434	2.7400207520	14.8648926848	4.1794972844
435	0.5010986328	8.7493740700	3.7517580310
436	1.0475769043	4.1465864172	5.2312914496
437	3.6004028320	14.0995157908	3.6876379789
438	3.5565185547	14.2707121157	3.7166776008
439	0.4132080078	8.6955309749	3.6104641549
440	1.2205505371	-0.0659272637	6.4372414440
441	3.8480834961	11.6984465365	3.3680622569
442	1.1433410645	2.0322155444	5.8194576009
443	3.1786499023	14.9411421178	3.9073810428
444	0.8549804688	6.9306407266	4.4735537078
445	0.7820434570	7.5928534218	4.2803704672
446	0.2075500488	7.3934546072	3.1983242338
447	0.4495239258	8.7441973690	3.6693055803
448	1.4212951660	-5.6522445160	8.4870018583
449	1.0507507324	4.0852072363	5.2480197910
450	0.3121948242	8.3225326234	3.4334065474
451	2.8326721191	14.9464064535	4.1067037495
452	0.2324523926	7.6843102712	3.2621776810
453	0.1343994141	6.1437481771	2.9608953863
454	0.7553405762	7.7928462783	4.2179809263
455	3.7997131348	12.5366801577	3.4719189871
456	0.6351318359	8.4478775486	3.9764576561
457	1.0674743652	3.7522245469	5.3390601344
458	0.0739440918	4.3631806313	2.6648915376
459	2.2223815918	12.9622660865	5.0324208123
460	2.8262939453	14.9420960025	4.1113425509
461	1.7864074707	3.5650079277	7.7062648419
462	0.1727905273	6.8861136674	3.0966666139
463	2.5325927734	14.4931551121	4.4006108744
464	0.2944641113	8.2125065128	3.3986738556
465	0.1023559570	5.3188196215	2.8201930355
466	2.0783386230	11.3479641757	5.5818407591
467	1.5075378418	-6.2116555295	9.1190965938
468	3.8862304688	10.7024170719	3.2478790886
469	3.2986450195	14.8291656717	3.8505551832
470	3.3176269531	14.8050408018	3.8416155132
471	1.6799621582	-1.1137739450	8.6919968870
472	2.4976806641	14.3952679934	4.4489936827
473	3.3536682129	14.7536072989	3.8245141377
474	3.9222717285	9.2465503897	3.0752495757
475	2.3732299805	13.9226493957	4.6601172549
476	1.3906250000	-5.0178503024	8.1791093110
477	0.7883300781	7.5426187463	4.2956445141
478	1.0572814941	3.9570963991	5.2829867924
479	2.3615112305	13.8659092297	4.6837590703
480	3.1342468262	14.9669888535	3.9291150989
481	2.1388244629	12.1376960559	5.3214220404
482	0.2749938965	8.0724945745	3.3586189345
483	0.1549377441	6.5686142659	3.0371689866
484	0.1712646484	6.8606503558	3.0917983308
485	0.0542907715	3.5306255892	2.5338086376
486	1.3939819336	-5.0954346821	8.2139714681
487	2.9097290039	14.9847946226	4.0542980736
488	0.0095825195	0.8081812654	2.1201447407
489	0.0194091797	1.5373889091	2.2293737695
490	2.0029907227	10.0594653626	5.9821359893
491	3.9635009766	6.2245094539	2.7217187365
492	2.0385131836	10.7147742547	5.7818822324
493	0.7020568848	8.1306241733	4.1040221720
494	0.5897521973	8.5992663308	3.8970957609
495	1.9951171875	9.9014045709	6.0295122031
496	1.9702148438	9.3683269827	6.1868587872
497	0.9260864258	6.0984253033	4.7031286375
498	2.2950134277	13.4925439120	4.8333126071
499	0.8101806641	7.3583111787	4.3506197038
500	2.9061584473	14.9835520241	4.0565901705
501	2.2687988281	13.3177790897	4.9003949478
502	0.2913513184	8.1915247898	3.3924133202
503	1.7509765625	2.0619245342	8.0482959819
504	0.0285644531	2.1407701305	2.3204877777
505	0.2836914063	8.1376589037	3.3767815526
506	1.7870788574	3.5925039449	7.6998101103
507	0.7316589355	7.9527465063	4.1657377648
508	3.9166259766	9.5235780239	3.1079194046
509	2.3482055664	13.7984222051	4.7115279080
510	2.6552734375	14.7497795756	4.2582782920
511	2.8985290527	14.9807275992	4.0615290314
512	2.4881286621	14.3661905956	4.4629557825
513	2.1362304688	12.1075490498	5.3316221548
514	0.6874694824	8.2096125079	4.0749169051
515	0.9149780273	6.2419404283	4.6640492289
516	1.5657653809	-5.3085342317	9.2362043404
517	1.7157897949	0.4959581392	8.3805209230
518	2.4728088379	14.3173493469	4.4860424339
519	2.8718872070	14.9690254005	4.0792347623
520	0.0684814453	4.1480324043	2.6307087599
521	1.2717895508	-1.6061194187	6.9218224886
522	0.9017333984	6.4062658039	4.6191099785
523	1.8225402832	4.9834445195	7.3642815432
524	1.8279724121	5.1852753284	7.3141364969
525	1.4535827637	-6.1022131782	8.7741201275
526	1.2950439453	-2.3209157367	7.1588411436
527	2.9430236816	14.9939911406	4.0334883150
528	2.0300903320	10.5675901505	5.8274232708
529	3.3476257324	14.7627715634	3.8273976437
530	2.1576843262	12.3479048026	5.2496494843
531	1.3171997070	-2.9967329552	7.3921649276
532	1.2811584473	-1.8939677653	7.0161956397
533	2.0752563477	11.3024437918	5.5964598683
534	1.5577697754	-5.4944265587	9.2373774531
535	3.3469238281	14.7638215125	3.8277320916
536	2.2995300293	13.5209487922	4.8222525326
537	1.0151672363	4.7412043233	5.0699322838
538	3.1304016113	14.9688657789	3.9310276936
539	3.7871704102	12.7047422763	3.4932476946
540	1.2317810059	-0.3961335711	6.5385564303
541	2.6511840820	14.7430864168	4.2624339370
542	2.7066040039	14.8246154147	4.2089834466
543	1.4062805176	-5.3634709949	8.3395129776
544	1.5943298340	-4.5003039082	9.1877014682
545	3.0449218750	14.9963142469	3.9752000793
546	0.5672302246	8.6557360661	3.8592414664
547	2.2710266113	13.3333134493	4.8944960102
548	2.8397216797	14.9509612151	4.1016342435
549	1.9333801270	8.4801319236	6.4413383708
550	2.3218688965	13.6545704882	4.7695722129
551	1.6567993164	-2.1245674341	8.8681727929
552	0.5480957031	8.6939825437	3.8276842357
553	0.4515991211	8.7458116201	3.6726354644
554	3.4127807617	14.6511189956	3.7957404319
555	2.5827636719	14.6130630289	4.3376597130
556	2.2434997559	13.1318324211	4.9701263435
557	0.4803771973	8.7558792492	3.7186496837
558	2.2437133789	13.1334786928	4.9695157534
559	2.9720458984	14.9985615825	4.0161195588
560	3.8354187012	11.9533874922	3.3992966487
561	3.6189575195	14.0159483482	3.6742483020
562	3.9339294434	8.5949639286	2.9986399657
563	0.4367980957	8.7315968407	3.6488241039
564	0.6850891113	8.2219709211	4.0702428935
565	1.7825317383	3.4054970853	7.7435725475
566	2.6969909668	14.8118410130	4.2178298167
567	3.6884765625	13.6233093321	3.6157791402
568	0.2969055176	8.2286047581	3.4035484255
569	3.4250183105	14.6266982198	3.7896109778
570	2.8447875977	14.9541000363	4.0980278412
571	1.5729064941	-5.1270018939	9.2305074708
572	3.6349182129	13.9377928961	3.6620881625
573	1.3867187500	-4.9253560522	8.1382693582
574	0.4163818359	8.7013745626	3.6156625317
575	1.7304687500	1.1549069801	8.2439187814
576	0.0641479492	3.9688628814	2.6024169745
577	3.3668823242	14.7327642499	3.8181782107
578	1.4318237305	-5.8263618373	8.5856895633
579	2.8812561035	14.9734703305	4.0729247239
580	3.9170227051	9.5048345822	3.1057068622
581	3.0214538574	14.9991580437	3.9879970355
582	0.7712707520	7.6761131187	4.2547286690
583	3.7351989746	13.2600600404	3.5657383906
584	0.6848144531	8.2233873800	4.0697049032
585	1.6857299805	-0.8567618936	8.6446054773
586	1.6786499023	-1.1720224518	8.7026012862
587	1.5273437500	-6.0242412829	9.1912599396
588	2.8339538574	14.9472508721	4.1057775596
589	2.7219543457	14.8438967807	4.1952008549
590	3.8908386230	10.5512609374	3.2298259076
591	3.1778564453	14.9416727553	3.9077643787
592	1.2475585938	-0.8680418797	6.6856576828
593	2.4920043945	14.3781132947	4.4572514356
594	0.3912658691	8.6462957643	3.5741120486
595	1.0772094727	3.5508780536	5.3943696682
596	0.2917175293	8.1940200451	3.3931525407
597	3.9550476074	7.0404265318	2.8168012083
598	3.7890625000	12.6804062471	3.4901452034
599	1.4964294434	-6.2618699887	9.0648622157
600	3.5070190430	14.4279324476	3.7460583062
601	3.8902282715	10.5717589620	3.2322718423
602	1.3228454590	-3.1666096204	7.4524950299
603	1.6221313477	-3.5270352366	9.0781516754
604	2.9248657227	14.9895072300	4.0447138073
605	1.7442016602	1.7646068352	8.1133517999
606	1.4896240234	-6.2734010284	9.0270123544
607	0.2167968750	7.5077338493	3.2227915054
608	0.0089111328	0.7548899479	2.1121950609
609	1.1040039063	2.9675254314	5.5558840401
610	2.2988281250	13.5165661178	4.8239620589
611	1.9038696289	7.6749012825	6.6645034340
612	1.2214965820	-0.0935399918	6.4456653206
613	0.7945251465	7.4919087469	4.3109278476
614	1.1510314941	1.8383893920	5.8748844688
615	2.0778198242	11.3403411550	5.5842916561
616	1.2149353027	0.0971518703	6.3876648108
617	1.6011962891	-4.2753852746	9.1660935398
618	0.3419799805	8.4741106164	3.4887112055
619	2.4395141602	14.2011593111	4.5393610305
620	3.6481323242	13.8682008274	3.6515120833
621	2.6177673340	14.6839952604	4.2977780053
622	1.1914978027	0.7614964362	6.1886237007
623	3.1561584473	14.9552041961	3.9183140071
624	2.6278076172	14.7025953197	4.2868916181
625	0.2187500000	7.5308907278	3.2278402634
626	1.7973327637	4.0073004022	7.6015938803
627	1.6466064453	-2.5537652909	8.9373244719
628	3.7749328613	12.8541791120	3.5124149604
629	2.6572875977	14.7530347040	4.2562445180
630	1.4140625000	-5.5187714962	8.4168522029
631	1.9913940430	9.8249506421	6.0523063952
632	2.9162292480	14.9869280175	4.0501562447
633	2.2876892090	13.4454430952	4.8515520187
634	0.4570922852	8.7494980209	3.6814391019
635	3.9680175781	5.7261296481	2.6637263905
636	1.4004821777	-5.2403901543	8.2807843770
637	0.4131469727	8.6954155064	3.6103640549
638	3.1314697266	14.9683500839	3.9304958754
639	1.7109985352	0.2799969739	8.4242140393
640	0.0399780273	2.8069368096	2.4220408293
641	2.7583007813	14.8843465929	4.1641481326
642	3.6858215332	13.6411282841	3.6183137791
643	2.9970703125	14.9999842587	4.0016631237
644	3.6769104004	13.6990502671	3.6266170257
645	2.5670166016	14.5778675734	4.3566437311
646	3.2912902832	14.8379967987	3.8540126454
647	0.1553344727	6.5761584302	3.0385548628
648	2.3748168945	13.9301452682	4.6569726785
649	3.3249511719	14.7952015589	3.8381566270
650	0.5453491211	8.6987350121	3.8231925512
651	1.6024475098	-4.2332381195	9.1617586702
652	0.2348632813	7.7097377290	3.2680337486
653	0.1072082520	5.4587471406	2.8435304642
654	3.6007995605	14.0978050376	3.6873593781
655	2.0026550293	10.0528253556	5.9841331447
656	0.8374938965	7.1058394813	4.4238151845
657	3.5510864258	14.2896514195	3.7200555209
658	2.9196777344	14.9879926872	4.0479749208
659	3.0531921387	14.9948338541	3.9707673517
660	3.3085327148	14.8168426661	3.8459021937
661	0.4536743164	8.7473040214	3.6759630226
662	3.6520690918	13.8465439696	3.6482641335
663	0.8941345215	6.4972983169	4.5941051948
664	1.0108337402	4.8163816705	5.0496042781
665	3.9944152832	1.4108016396	2.1632374284
666	3.6401672363	13.9107050716	3.6579452919
667	0.1437683105	6.3462289167	2.9968369295
668	0.8605651855	6.8723667049	4.4899471051
669	2.5829772949	14.6135259572	4.3374067906
670	1.0469665527	4.1583244699	5.2280941041
671	1.5587463379	-5.4727267854	9.2375305321
672	0.2686462402	8.0221248731	3.3450661792
673	0.3316955566	8.4261929998	3.4699968266
674	1.6104125977	-3.9569416726	9.1313614791
675	1.3190917969	-3.0538062313	7.4123514838
676	1.7071533203	0.1065684265	8.4589002169
677	3.1533813477	14.9568012513	3.9196742299
678	1.5220947266	-6.0861600164	9.1752909720
679	0.9384460449	5.9324515260	4.7481739244
680	3.9007263184	10.1970243496	3.1876565370
681	3.4838867188	14.4908817402	3.7588737510
682	3.9312744141	8.7538729475	3.0172968859
683	3.7993469238	12.5418208762	3.4725681921
684	1.6430053711	-2.7024361958	8.9603677049
685	1.6297912598	-3.2324558754	9.0381990434
686	1.0737915039	3.6222066259	5.3747519946
687	2.3130798340	13.6033287233	4.7899058526
688	2.2379455566	13.0885546467	4.9861366710
689	1.7410278320	1.6244681355	8.1437046704
690	0.0258789063	1.9706635954	2.2947249623
691	3.7051696777	13.5049050631	3.5991498789
692	0.5663452148	8.6577026092	3.8577707076
693	0.4086608887	8.6866065595	3.6029925399
694	1.0831909180	3.4243852605	5.4292262203
695	1.4253234863	-5.7217784618	8.5252687306
696	0.7771606445	7.6310297479	4.2686663280
697	3.8873291016	10.6671213729	3.2436601175
698	3.7646179199	12.9703130666	3.5274641991
699	3.1826171875	14.9384505265	3.9054667543
700	3.6039428711	14.0841369035	3.6851405713
701	1.9431457520	8.7278185645	6.3712866153
702	3.4412231445	14.5924649505	3.7813736172
703	2.6057434082	14.6607203617	4.3111317536
704	0.3062438965	8.2873555965	3.4219172983
705	1.3261718750	-3.2660566077	7.4881660597
706	2.5901489258	14.6288468865	4.3289857323
707	2.5281066895	14.4812815740	4.4066050358
708	3.2360229492	14.8957774971	3.8800138141
709	2.8681030273	14.9671271420	4.0818100209
710	3.6735229492	13.7203361376	3.6296944229
711	2.8978881836	14.9804797940	4.0619464859
712	0.0290527344	2.1711179589	2.3250906895
713	2.2050170898	12.8121666460	5.0866435508
714	3.6423950195	13.8989899203	3.6561641262
715	3.3134155273	14.8105626190	3.8436016154
716	2.4213562012	14.1315104718	4.5703945632
717	3.1249084473	14.9714492064	3.9337694752
718	3.0655517578	14.9921561728	3.9642129406
719	1.1831054688	0.9924520383	6.1204589320
720	1.6905212402	-0.6422395389	8.6043235561
721	1.5404968262	-5.8305685315	9.2209982817
722	1.8835449219	7.0685413204	6.8281692493
723	2.5107421875	14.4333926743	4.4304175610
724	0.7222290039	8.0120141179	4.1456686060
725	2.0867004395	11.4686943447	5.5428759020
726	3.7874755859	12.7008404382	3.4927499290
727	1.3056640625	-2.6462534592	7.2699127750
728	3.7015686035	13.5314178501	3.6028430729
729	0.3434143066	8.4804412585	3.4912924180
730	3.2230224609	14.9072994131	3.8861650113
731	0.6177368164	8.5118748398	3.9454781911
732	2.4294433594	14.1631074900	4.5563940924
733	3.6831359863	13.6588855732	3.6208486884
734	1.0192871094	4.6688037552	5.0895219463
735	2.1977233887	12.7460611441	5.1102706876
736	1.2640991211	-1.3705845351	6.8455877663
737	0.7436523438	7.8737685150	4.1918549374
738	0.6426086426	8.4180697589	3.9900154182
739	2.7823181152	14.9072952136	4.1447574471
740	2.6873474121	14.7984681354	4.2268768093
741	0.5256042480	8.7274038360	3.7911319402
742	2.0756835938	11.3087867590	5.5944251271
743	2.0043334961	10.0859381527	5.9741675040
744	2.4960937500	14.3905084485	4.4512908354
745	2.1152648926	11.8522700530	5.4171196519
746	3.3212585449	14.8001999453	3.8399012974
747	1.9278564453	8.3359793700	6.4817963878
748	0.6187438965	8.5083728759	3.9472514234
749	0.0321044922	2.3568842413	2.3533124082
750	2.5311584473	14.4893805611	4.4025204856
751	2.2084350586	12.8425103661	5.0757476064
752	0.5565185547	8.6782518773	3.8415155076
753	3.2014465332	14.9247919457	3.8964315465
754	3.7601928711	13.0176268526	3.5336386038
755	3.8781433105	10.9489495977	3.2774115395
756	1.4499816895	-6.0649043518	8.7445582967
757	3.5522460938	14.2856460450	3.7193379370
758	2.3450012207	13.7816648325	4.7183672545
759	2.7558593750	14.8818498147	4.1661677576
760	3.7703247070	12.9071075578	3.5192557789
761	0.2395629883	7.7580239643	3.2792997277
762	3.9079895020	9.9070759880	3.1532646148
763	3.4823303223	14.4949054347	3.7597187583
764	2.6359252930	14.7170945770	4.2782602337
765	3.4923706055	14.4684906256	3.7542308482
766	0.9862365723	5.2245462103	4.9393993133
767	0.1803283691	7.0076536204	3.1201701659
768	2.7535705566	14.8794809927	4.1680695334
769	2.0860595703	11.4595820003	5.5458267228
770	3.2853698730	14.8449024362	3.8567945014
771	0.7399291992	7.8987215967	4.1836742599
772	1.9849548340	9.6900736048	6.0923298410
773	3.4403381348	14.5943925040	3.7818273499
774	0.5585937500	8.6741090314	3.8449371634
775	1.7284851074	1.0662067492	8.2625861076
776	0.5382080078	8.7102202672	3.8115531714
777	1.3415832520	-3.7189363362	7.6542848634
778	3.1104431152	14.9777053997	3.9410456755
779	2.9259033203	14.9897976154	4.0440645115
780	2.7839965820	14.9087917560	4.1434337856
781	0.2907409668	8.1873500264	3.3911796757
782	0.9257202148	6.1032410293	4.7018194538
783	1.4847717285	-6.2728335287	8.9979665310
784	3.6972656250	13.5623815240	3.6071777717
785	0.4758605957	8.7557915813	3.7114389654
786	2.4234619141	14.1398286157	4.5667210024
787	2.7155456543	14.8360113143	4.2009046291
788	2.9234313965	14.9890989506	4.0456129630
789	1.3697814941	-4.4993906775	7.9585009918
790	1.8358764648	5.4733811324	7.2419152657
791	2.4966430664	14.3921591624	4.4504946652
792	3.4698181152	14.5263395755	3.7664402772
793	2.9527893066	14.9958827564	4.0275677689
794	3.2120666504	14.9164319479	3.8913679747
795	1.3096008301	-2.7662881318	7.3114630816
796	2.0221862793	10.4249472838	5.8712394219
797	2.5603027344	14.5622033838	4.3649467147
798	3.0471496582	14.9959400075	3.9740022186
799	0.8993225098	6.4354006418	4.6111165778
800	3.8859252930	10.7121413825	3.2490418395
801	1.3554382324	-4.1117474774	7.8040826301
802	1.5360412598	-5.9023028259	9.2125840489
803	0.5591735840	8.6729326240	3.8458942477
804	0.5527038574	8.6855920646	3.8352403760
805	1.4267578125	-5.7456764059	8.5387457993
806	3.4523925781	14.5675395158	3.7756057213
807	2.0410461426	10.7580861693	5.7684153858
808	2.8916625977	14.9779868916	4.0660229857
809	2.5109558105	14.4340009093	4.4301185759
810	0.6525268555	8.3763767999	4.0082427391
811	0.0907287598	4.9578048974	2.7607628083
812	0.9659729004	5.5379559373	4.8548345535
813	1.3403320313	-3.6827255220	7.6407623527
814	3.2042846680	14.9226047464	3.8950762512
815	2.6078491211	14.6648767484	4.3087677049
816	2.4741210938	14.3216423507	4.4840305460
817	2.6156616211	14.6799988909	4.3000913667
818	0.1409301758	6.2864992247	2.9861628344
819	3.4311828613	14.6139364835	3.7864945073
820	3.8164062500	12.2856227255	3.4404282733
821	2.6037292480	14.6567123131	4.3134032794
822	0.8401184082	7.0802354663	4.4311308468
823	0.7486877441	7.8393899651	4.2030265224
824	3.7863769531	12.7148454777	3.4945371876
825	2.3600158691	13.8584899298	4.6868300434
826	0.0278320313	2.0949171323	2.3135370703
827	0.1327819824	6.1072070014	2.9544793462
828	3.8870544434	10.6759878630	3.2447197447
829	2.5763854980	14.5990639328	4.3452675638
830	2.4071044922	14.0734807694	4.5957920937
831	3.2004089355	14.9255830805	3.8969274321
832	0.2725524902	8.0534087400	3.3534370235
833	3.0536499023	14.9947446282	3.9705231163
834	0.9121704102	6.2773840230	4.6543753683
835	2.8982238770	14.9806098014	4.0617277688
836	3.3143920898	14.8092909314	3.8431412322
837	1.7993469238	4.0876156201	7.5823949298
838	3.5871582031	14.1548461598	3.6967609867
839	1.4127502441	-5.4934104361	8.4039392044
840	0.7928466797	7.5057671456	4.3067639532
841	2.7502746582	14.8760218300	4.1708224519
842	0.0901184082	4.9377805352	2.7574962393
843	1.7055358887	0.0336143431	8.4733820285
844	2.7134399414	14.8333692362	4.2027943801
845	1.1203002930	2.5914849211	5.6611182330
846	3.8219299316	12.1946554071	3.4291111495
847	2.6733398438	14.7780182559	4.2403364820
848	1.7483520508	1.9470573614	8.0735353042
849	3.3728027344	14.7230582348	3.8153243947
850	3.6801147461	13.6785491623	3.6236665794
851	2.9331970215	14.9917216090	4.0395274590
852	1.3027648926	-2.5576310787	7.2394383963
853	2.8185424805	14.9366119948	4.1170482728
854	3.4378662109	14.5997402504	3.7830922214
855	0.2326965332	7.6869058168	3.2627731193
856	0.2062683105	7.3769887638	3.1948562403
857	1.8382263184	5.5577506284	7.2206227346
858	1.7478637695	1.9256424451	8.0782261122
859	3.4850463867	14.4878669557	3.7582428034
860	3.0293579102	14.9984243534	3.9836496983
861	1.7300720215	1.1371777454	8.2476567647
862	1.7712097168	2.9321703172	7.8528844738
863	0.4292297363	8.7218579721	3.6365814749
864	2.0247802734	10.4722518749	5.8567429411
865	3.1827087402	14.9383876554	3.9054226247
866	3.4313354492	14.6136165893	3.7864171079
867	3.9152832031	9.5862455302	3.1153192717
868	3.6938476563	13.5864376256	3.6105621289
869	0.3725280762	8.5913999594	3.5423601689
870	2.2929077148	13.4791352262	4.8385176011
871	2.8142395020	14.9334501208	4.1202485202
872	3.9780578613	4.4180129137	2.5117496446
873	3.6865539551	13.6362391117	3.6176174300
874	1.0657653809	3.7869962286	5.3295290727
875	0.5535278320	8.6840368069	3.8365942295
876	1.0752868652	3.5910853925	5.3833080630
877	3.0700988770	14.9910304871	3.9618219246
878	2.7337341309	14.8577901874	4.1848999668
879	0.2769470215	8.0875091951	3.3627375294
880	1.8813476563	7.0003820608	6.8463400975
881	2.9992370605	14.9999989328	4.0004325330
882	2.3086547852	13.5768844842	4.8003342058
883	0.6298522949	8.4680902758	3.9669742902
884	2.0563049316	11.0100142804	5.6894723220
885	3.0787048340	14.9886924548	3.9573254568
886	3.2091674805	14.9187618449	3.8927481882
887	3.1693725586	14.9471875251	3.9118734976
888	1.7158813477	0.5000822550	8.3796812272
889	2.2643127441	13.2860967678	4.9123893462
890	2.2647705078	13.2893544055	4.9111582914
891	3.3995971680	14.6761253702	3.8022666961
892	0.7479553223	7.8444357607	4.2013937794
893	2.7108459473	14.8300794003	4.2051331012
894	1.3445129395	-3.8032804962	7.6859591085
895	3.4315490723	14.6131684090	3.7863087273
896	3.7538757324	13.0827423750	3.5421808448
897	1.2445373535	-0.7770349647	6.6570673487
898	2.6111145020	14.6712542480	4.3051232371
899	2.2685546875	13.3160687093	4.9010437138
900	3.6149291992	14.0347281593	3.6772200304
901	0.4607543945	8.7514865760	3.6873007417
902	2.3997802734	14.0424492970	4.6092164911
903	2.7163085938	14.8369623164	4.2002218587
904	2.6836242676	14.7931525943	4.2304169874
905	3.4467468262	14.5802783272	3.7785309709
906	3.7220458984	13.3728401769	3.5809840362
907	2.9179382324	14.9874614401	4.0490738623
908	0.6003417969	8.5684447881	3.9152112664
909	3.1291809082	14.9694498101	3.9316360019
910	2.3948059082	14.0208899780	4.6184823499
911	0.5143737793	8.7393639285	3.7730434090
912	1.7344055176	1.3305197045	8.2067113731
913	0.2469482422	7.8305943520	3.2966209191
914	2.7940979004	14.9175099461	4.1355513944
915	0.4293212891	8.7219859662	3.6367298946
916	0.2508544922	7.8674029785	3.3056024699
917	3.9486083984	7.5777442690	2.8795347601
918	3.2341308594	14.8975013215	3.8809077136
919	0.2794494629	8.1064212479	3.3679802121
920	2.8015136719	14.9235997994	4.1298541382
921	1.0152893066	4.7390721811	5.0705090028
922	3.9710693359	5.3602675550	2.6211888017
923	1.4096374512	-5.4318956722	8.3730955853
924	1.8416442871	5.6794138153	7.1898037942
925	1.7081298828	0.1506170819	8.4501248017
926	1.8320922852	5.3362744592	7.2763787977
927	0.5530395508	8.6849604525	3.8357918428
928	1.5712280273	-5.1709563834	9.2322383812
929	2.2410888672	13.1131597117	4.9770438519
930	1.4691162109	-6.2223876599	8.8932294443
931	3.1162719727	14.9752793899	3.9381036307
932	3.5014038086	14.4437720213	3.7492155291
933	3.8784790039	10.9391586175	3.2762364099
934	2.2378234863	13.0875931361	4.9864914861
935	0.0895690918	4.9196621885	2.7545431081
936	1.6459045410	-2.5828732434	8.9418747401
937	1.6577453613	-2.0841618459	8.8614738931
938	0.7015686035	8.1333593122	4.1030347029
939	2.5819396973	14.6112738624	4.3386364090
940	3.3373718262	14.7778135267	3.8322739487
941	1.7370300293	1.4472495511	8.1817987975
942	2.7601928711	14.8862604288	4.1625892244
943	3.9813537598	3.9144834618	2.4533234728
944	1.6688842773	-1.6022526759	8.7792838408
945	0.3678283691	8.5756688357	3.5342721951
946	1.4040222168	-5.3162569931	8.3167444274
947	2.7398071289	14.8646548513	4.1796798091
948	2.5602416992	14.5620591327	4.3650227835
949	1.4927673340	-6.2698747081	9.0449200260
950	3.0927734375	14.9842831890	3.9500525597
951	3.7835998535	12.7497403747	3.4989977464
952	3.4494934082	14.5741172199	3.7771104334
953	2.9680786133	14.9981230556	4.0184542966
954	1.7594299316	2.4289848626	7.9667682092
955	2.5484008789	14.5334312668	4.3799842427
956	2.6092529297	14.6676285600	4.3071977296
957	3.4114074707	14.6537857062	3.7964238146
958	1.4390563965	-5.9311482022	8.6508228350
959	0.6394042969	8.4310147005	3.9841862467
960	0.0881347656	4.8719178415	2.7467724473
961	1.6743164063	-1.3636899213	8.7371272528
962	1.5228881836	-6.0773661866	9.1778531008
963	2.1166076660	11.8692588761	5.4114767452
964	3.2771606445	14.8541835796	3.8606510289
965	0.9401855469	5.9085489463	4.7546503942
966	2.6371154785	14.7191806617	4.2770072767
967	0.4047546387	8.6784140204	3.5965499746
968	0.1011962891	5.2844808711	2.8144934008
969	2.4465637207	14.2269665993	4.5276954748
970	2.1468505859	12.2290549310	5.2903709128
971	3.8287353516	12.0765033964	3.4144762474
972	2.8352661133	14.9481078799	4.1048313815
973	2.8330688477	14.9466685974	4.1064168583
974	2.2849731445	13.4276434480	4.8584130776
975	0.7735595703	7.6587185370	4.2601217194
976	1.5460510254	-5.7324585874	9.2290871233
977	2.1139221191	11.8351910656	5.4227859868
978	1.9060363770	7.7370084736	6.6475316341
979	3.4695434570	14.5270117796	3.7665864459
980	1.1583251953	1.6512937874	5.9286721699
981	1.2756042480	-1.7232359537	6.9600548663
982	3.8652343750	11.2995385436	3.3196297783
983	0.4025268555	8.6735215456	3.5928651968
984	0.1461791992	6.3959118440	3.0057643815
985	1.4996643066	-6.2512876277	9.0816381137
986	3.0223388672	14.9990872149	3.9875083249
987	1.3490295410	-3.9320207131	7.7348048699
988	0.8496093750	6.9856156351	4.4580235211
989	3.0100708008	14.9998142726	3.9943276984
990	2.8704223633	14.9682976536	4.0802298011
991	2.0363769531	10.6779074145	5.7933214718
992	2.4159240723	14.1097512674	4.5799642219
993	2.5462036133	14.5279759243	4.3828059556
994	1.7900085449	3.7120094395	7.6716751665
995	0.4277648926	8.7197758600	3.6342056089
996	0.3660278320	8.5694265115	3.5311589942
997	0.4602966309	8.7512583947	3.6865683215
998	3.9277648926	8.9540122457	3.0408178850
999	2.6325988770	14.7112105880	4.2817790182
1000	0.7858276367	7.5627619685	4.2895365467
