0	0.9591979980	13.3493547255	3.3546864433
1	0.8003845215	15.0267194430	3.5664228694
2	0.9695739746	12.7468584691	3.2921923092
3	0.5382690430	15.0800270025	3.9299835891
4	0.0106201172	2.4503724633	2.4279944907
5	0.9232177734	14.2804030563	3.4551650224
6	0.3430786133	9.6177795103	6.1036774593
7	0.2644042969	3.1247856991	6.8302136547
8	0.4063720703	13.3192634505	4.8835682906
9	0.4314575195	14.0092226954	4.5778594582
10	0.2624816895	3.0748840460	6.7998051331
11	0.1001892090	6.9194502827	3.7740991571
12	0.0574340820	6.3540052208	3.3056398939
13	0.1565856934	6.0051838397	4.4839075614
14	0.9068603516	14.4831756723	3.4790334230
15	0.9152526855	14.3880736799	3.4676498536
16	0.1112365723	6.8651894028	3.8945135043
17	0.3082580566	6.2194615187	6.8232906733
18	0.1078186035	6.8890902179	3.8567366747
19	0.7014465332	15.1867105029	3.6421157519
20	0.0649108887	6.5656791743	3.3939122318
21	0.4935607910	14.8458343965	4.1142084766
22	0.5251159668	15.0290744677	3.9757805179
23	0.1549377441	6.0529461035	4.4584381580
24	0.0036010742	0.9749934909	2.1670321740
25	0.8618469238	14.8080530821	3.5230436733
26	0.9476318359	13.7716997514	3.3992782397
27	0.3829956055	12.3474655722	5.2582924728
28	0.9637756348	13.1194578607	3.3307323130
29	0.3739929199	11.8616715030	5.4282987248
30	0.7189941406	15.1688632319	3.6264533144
31	0.7363281250	15.1472668131	3.6122385418
32	0.4215087891	13.7707668373	4.6884742936
33	0.1971435547	4.5232294909	5.2520927366
34	0.2884216309	4.4194802899	6.9980356014
35	0.7658386230	15.1006427222	3.5901846540
36	0.9056396484	14.4957134507	3.4805656823
37	0.2240600586	3.4601540227	5.9122864866
38	0.8865661621	14.6590876889	3.5014789932
39	0.3048400879	5.8818833095	6.8712461586
40	0.7362060547	15.1474331256	3.6123348950
41	0.7178039551	15.1701998550	3.6274720341
42	0.3261718750	8.0283135531	6.4876600347
43	0.6760253906	15.2054600552	3.6676926846
44	0.8876647949	14.6510696658	3.5004012913
45	0.0812377930	6.8430778081	3.5731249714
46	0.9279479980	14.2062852581	3.4467569744
47	0.0234985352	4.2369945009	2.7691097494
48	0.9771423340	12.0401114206	3.2196599432
49	0.7514648438	15.1250003962	3.6006435174
50	0.5712890625	15.1638729208	3.8373997919
51	0.7697448730	15.0934358835	3.5874171922
52	0.3778076172	12.0760182760	5.3545136579
53	0.2193908691	3.6263322508	5.7920589552
54	0.8700866699	14.7642323508	3.5163356412
55	0.1978149414	4.4953985650	5.2672764318
56	0.4570007324	14.4625442522	4.3466732558
57	0.1744079590	5.4183277889	4.7861905402
58	0.4735717773	14.6661204747	4.2294495545
59	0.1582031250	5.9571835051	4.5092873213
60	0.9396667480	13.9780851265	3.4215272006
61	0.7736816406	15.0859021063	3.5846553092
62	0.4920043945	14.8339462183	4.1223027911
63	0.9009704590	14.5410449199	3.4861790504
64	0.3965759277	12.9578991116	5.0291128636
65	0.0368957520	5.3737222924	3.0200190561
66	0.0473937988	5.9606583902	3.1761402319
67	0.0327453613	5.0769094239	2.9499168194
68	0.8576049805	14.8287754340	3.5263570703
69	0.3656005859	11.3435456417	5.5993075769
70	0.9495544434	13.7133077051	3.3930507383
71	0.5987243652	15.1997189828	3.7787433868
72	0.5499877930	15.1161233097	3.8938219695
73	0.1878967285	4.9012156809	5.0512212506
74	0.4965209961	14.8675859384	4.0991833242
75	0.2897338867	4.5229145555	6.9948991011
76	0.7616577148	15.1080703859	3.5931795593
77	0.7279357910	15.1582256678	3.6189816780
78	0.4006347656	13.1149705995	4.9668637646
79	0.7743225098	15.0846492753	3.5842080958
80	0.8294677734	14.9417443284	3.5467286515
81	0.9003601074	14.5466817528	3.4868857506
82	0.8391418457	14.9070691067	3.5399657368
83	0.1556701660	6.0318617668	4.4697099492
84	0.2525329590	2.9412026634	6.6114858370
85	0.3298645020	8.3919730842	6.4066052163
86	0.6300659180	15.2155837565	3.7260347554
87	0.5536804199	15.1259281892	3.8832332332
88	0.9304809570	14.1628553167	3.4418868058
89	0.4958801270	14.8629703194	4.1023957545
90	0.5329284668	15.0607881531	3.9478671170
91	0.8120727539	14.9955911159	3.5585605020
92	0.5267028809	15.0358805737	3.9699339362
93	0.0018615723	0.5263704229	2.0897589686
94	0.6746215820	15.2062433158	3.6692222178
95	0.3302917480	8.4335653982	6.3970721523
96	0.9566955566	13.4572543070	3.3659930809
97	0.9700317383	12.7124184868	3.2886432467
98	0.1000366211	6.9197232945	3.7724652770
99	0.0205993652	3.9097366715	2.7033274740
100	0.0012817383	0.3678384548	2.0626295002
101	0.5607299805	15.1427783591	3.8639981392
102	0.4479980469	14.3250402105	4.4203879399
103	0.3901367188	12.6855689386	5.1337098465
104	0.0449829102	5.8438499238	3.1425149663
105	0.6171264648	15.2117181073	3.7462448494
106	0.7520141602	15.1241291189	3.6002348414
107	0.7479248047	15.1305065234	3.6032962715
108	0.9391784668	13.9891620130	3.4227340495
109	0.4345703125	14.0757680554	4.5458339287
110	0.3659362793	11.3655398039	5.5922487350
111	0.5368957520	15.0752578649	3.9344937434
112	0.9904479980	9.1896047090	2.9297803185
113	0.6553344727	15.2141510866	3.6917012466
114	0.0149230957	3.1526689531	2.5575427115
115	0.7908630371	15.0495655256	3.5728513442
116	0.0738830566	6.7460270571	3.4939811291
117	0.2879028320	4.3793842402	6.9989197122
118	0.9710388184	12.6335329535	3.2805209277
119	0.7167053223	15.1714172665	3.6284176794
120	0.8713073730	14.7572996298	3.5153069570
121	0.8516540527	14.8559882692	3.5308722627
122	0.3541870117	10.5306050383	5.8486777172
123	0.4012451172	13.1376674831	4.9577439728
124	0.2346496582	3.1472747858	6.1855908761
125	0.6464538574	15.2158914013	3.7030722515
126	0.5578613281	15.1362062856	3.8716750429
127	0.6434020996	15.2161915753	3.7071455677
128	0.6741027832	15.2065258812	3.6697908985
129	0.1469421387	6.2679141542	4.3401520612
130	0.7998352051	15.0280955834	3.5667926256
131	0.9110412598	14.4378508128	3.4735589161
132	0.9714660645	12.5987014521	3.2769374403
133	0.5223388672	15.0166915640	3.9862384931
134	0.7979736328	15.0327046993	3.5680464286
135	0.4232788086	13.8162543756	4.6678337780
136	0.9184875488	14.3466598090	3.4628042731
137	0.2808227539	3.8810540295	6.9906231191
138	0.5711669922	15.1636551810	3.8376931359
139	0.3572692871	10.7627182681	5.7797022441
140	0.1799926758	5.2106013318	4.8919258109
141	0.0390625000	5.5126586594	3.0544947125
142	0.3648986816	11.2972091340	5.6141228721
143	0.1803283691	5.1978045909	4.8984594483
144	0.2823486328	3.9803870192	6.9956263266
145	0.4167785645	13.6421335138	4.7457875477
146	0.7020874023	15.1861286178	3.6415179043
147	0.1069946289	6.8939157864	3.8477083048
148	0.7265625000	15.1599283056	3.6201091084
149	0.0563354492	6.3175188375	3.2921650443
150	0.5590209961	15.1389089228	3.8685472898
151	0.6809997559	15.2024672735	3.6623788989
152	0.2267761230	3.3703634875	5.9825897150
153	0.7671508789	15.0982509214	3.5892517929
154	0.6658935547	15.2104931276	3.6790441420
155	0.4823913574	14.7530420741	4.1754574683
156	0.0732727051	6.7360268471	3.4873203041
157	0.7952880859	15.0392088327	3.5698577533
158	0.9327697754	14.1210767761	3.4372359456
159	0.9594421387	13.3382170219	3.3535219331
160	0.6210632324	15.2132616938	3.7398836164
161	0.2180480957	3.6764432173	5.7577407817
162	0.0003051758	0.0898384277	2.0152570841
163	0.3857421875	12.4822180797	5.2092980629
164	0.9028930664	14.5228639063	3.4839132153
165	0.4633483887	14.5474422677	4.2991287840
166	0.9154968262	14.3850491866	3.4672939276
167	0.9422607422	13.9164430389	3.4148373617
168	0.3677062988	11.4797343025	5.5553206969
169	0.9544372559	13.5457729375	3.3753069227
170	0.9325256348	14.1256548875	3.4377440690
171	0.9243469238	14.2634755893	3.4532329671
172	0.7438964844	15.1365470100	3.6063569555
173	0.8792724609	14.7088931516	3.5083330099
174	0.4384765625	14.1543524591	4.5072742205
175	0.0737609863	6.7440519748	3.4926503509
176	0.0274353027	4.6287871003	2.8508917120
177	0.0851135254	6.8779330628	3.6142696902
178	0.0042114258	1.1234557697	2.1927822164
179	0.0356445313	5.2886678716	2.9994770107
180	0.5953979492	15.1966211167	3.7851517377
181	0.0981140137	6.9220062119	3.7519272664
182	0.5600280762	15.1412053074	3.8658579387
183	0.9407043457	13.9540061412	3.4189088324
184	0.4441223145	14.2589355993	4.4545870686
185	0.2677307129	3.2302911149	6.8775388904
186	0.6965026855	15.1910209804	3.6467994552
187	0.1121215820	6.8579931994	3.9043875659
188	0.5523681641	15.1225240408	3.8869544035
189	0.0363159180	5.3347607681	3.0105596635
190	0.0903320313	6.9085634433	3.6694320440
191	0.8975524902	14.5718146520	3.4900624962
192	0.3698425293	11.6136184116	5.5114206687
193	0.3337097168	8.7621390870	6.3198999456
194	0.0549621582	6.2698020147	3.2751088327
195	0.6263122559	15.2148134406	3.7316948151
196	0.4303283691	13.9841819707	4.5897705765
197	0.0966186523	6.9222816305	3.7360088674
198	0.2165222168	3.7344478498	5.7189280073
199	0.6912536621	15.1952504419	3.6519171139
200	0.0899658203	6.9069996302	3.6655629483
201	0.9133300781	14.4113467319	3.4704002315
202	0.3145751953	6.8565678608	6.7190402986
203	0.7558593750	15.1179008797	3.5973953481
204	0.3905944824	12.7059125474	5.1260335616
205	0.7930908203	15.0444064254	3.5713426197
206	0.1277770996	6.6648828186	4.0871712955
207	0.0863342285	6.8867333155	3.6271862726
208	0.0480041504	5.9887261585	3.1844751362
209	0.0606994629	6.4540260883	3.3448751289
210	0.5248107910	15.0277433951	3.9769155387
211	0.0085144043	2.0563619196	2.3570537500
212	0.5651550293	15.1521910090	3.8525428238
213	0.3760986328	11.9815748524	5.3872548004
214	0.6401062012	15.2163374309	3.7116452494
215	0.4899902344	14.8180820916	4.1329824791
216	0.4706115723	14.6338720530	4.2488012697
217	0.8787841797	14.7120294685	3.5087747314
218	0.1745910645	5.4116791882	4.7895697011
219	0.8470764160	14.8755789725	3.5342548651
220	0.6816711426	15.2020376248	3.6616740558
221	0.4573974609	14.4681264790	4.3435987139
222	0.8215637207	14.9674444569	3.5521411408
223	0.5768737793	15.1732282408	3.8243117159
224	0.9927368164	8.1458967040	2.8240164372
225	0.1443176270	6.3322855629	4.3031205326
226	0.8173217773	14.9803684552	3.5550179733
227	0.3143920898	6.8379684540	6.7223168503
228	0.6885681152	15.1972750997	3.6545959732
229	0.6350402832	15.2161883814	3.7187733704
230	0.6171264648	15.2117181073	3.7462448494
231	0.9143371582	14.3992751575	3.4689710312
232	0.2825317383	3.9926158852	6.9961081312
233	0.9328918457	14.1187764621	3.4369807702
234	0.6958312988	15.1915819496	3.6474455437
235	0.6584167480	15.2132567389	3.6879137341
236	0.3799133301	12.1889222942	5.3148813969
237	0.1184082031	6.7952182511	3.9757923797
238	0.4737243652	14.6677387888	4.2284694339
239	0.5872192383	15.1876403750	3.8016837652
240	0.6662597656	15.2103366460	3.6786208379
241	0.2439575195	2.9779245156	6.4169566366
242	0.3673400879	11.4563517590	5.5629203728
243	0.9572143555	13.4357801229	3.3637390094
244	0.0205383301	3.9024546558	2.7018857269
245	0.3531799316	10.4527440665	5.8714309933
246	0.9652404785	13.0351722046	3.3219878712
247	0.8229370117	14.9631347506	3.5512061975
248	0.7535095215	15.1217340426	3.5991262317
249	0.6257019043	15.2146618585	3.7326303320
250	0.3286437988	8.2725554041	6.4336783966
251	0.7438964844	15.1365470100	3.6063569555
252	0.9709472656	12.6408883346	3.2812778736
253	0.6464538574	15.2158914013	3.7030722515
254	0.4174804688	13.6618929776	4.7370808822
255	0.6165771484	15.2114759363	3.7471479643
256	0.0619812012	6.4900004833	3.3599719398
257	0.8002624512	15.0270258911	3.5665050299
258	0.6409301758	15.2163186029	3.7105103512
259	0.6316223145	15.2158230538	3.7237340183
260	0.3123474121	6.6306296925	6.7579255524
261	0.7915344238	15.0480222859	3.5723962843
262	0.5332946777	15.0621680141	3.9466107970
263	0.3557128906	10.6466798284	5.8144004147
264	0.6426086426	15.2162437982	3.7082191555
265	0.2885437012	4.4289810427	6.9977981988
266	0.5548095703	15.1287881889	3.8800674549
267	0.9386901855	14.0000809152	3.4239251800
268	0.4716186523	14.6450275001	4.2421450132
269	0.6931152344	15.1937915422	3.6500845212
270	0.0173645020	3.4991519086	2.6233151279
271	0.4455261230	14.2833921671	4.4420201872
272	0.7045288086	15.1838633908	3.6392593497
273	0.0352172852	5.2587771715	2.9923500873
274	0.1353759766	6.5279788235	4.1829169644
275	0.3134155273	6.7388481676	6.7395518103
276	0.8463745117	14.8784867490	3.5347673731
277	0.9922790527	8.3814244986	2.8478754041
278	0.2014465332	4.3445811000	5.3507605217
279	0.9337463379	14.1024605872	3.4351733979
280	0.2401123047	3.0334204254	6.3232001490
281	0.0339050293	5.1641684158	2.9700852152
282	0.8872070313	14.6544280105	3.5008518887
283	0.3592224121	10.9049658869	5.7365695978
284	0.4299926758	13.9766423729	4.5933424535
285	0.6913146973	15.1952033274	3.6518567160
286	0.6691284180	15.2090440627	3.6753395482
287	0.1357727051	6.5200813913	4.1880679808
288	0.6498413086	15.2153772170	3.6986520876
289	0.9519653320	13.6343114843	3.3846631990
290	0.3792724609	12.1549603953	5.3268601072
291	0.2596740723	3.0163577308	6.7516521792
292	0.4364318848	14.1138822504	4.5272361641
293	0.7789306641	15.0754165265	3.5810104672
294	0.8810424805	14.6973248814	3.5067147137
295	0.2594909668	3.0131242937	6.7483645461
296	0.3675231934	11.4680588831	5.5591178621
297	0.7556152344	15.1183031174	3.5975745559
298	0.8700256348	14.7645758243	3.5163868198
299	0.4032592773	13.2109130304	4.9280888651
300	0.9254150391	14.2470352560	3.4513634424
301	0.8551330566	14.8403311977	3.5282501977
302	0.7997436523	15.0283242227	3.5668542604
303	0.0303955078	4.8889062824	2.9075222568
304	0.4850769043	14.7770026121	4.1600397942
305	0.3349304199	8.8775497785	6.2920158324
306	0.9324035645	14.1279327590	3.4379970246
307	0.0086975098	2.0921042280	2.3634454999
308	0.4273986816	13.9168777458	4.6214258897
309	0.7562561035	15.1172452585	3.5971044389
310	0.5147399902	14.9795340402	4.0164037939
311	0.3165588379	7.0582249887	6.6826731029
312	0.3776550293	12.0676890594	5.3574160681
313	0.1287536621	6.6488310384	4.0991813757
314	0.0787353516	6.8147618726	3.5463924280
315	0.7497253418	15.1277294067	3.6019428469
316	0.5685119629	15.1587736025	3.8441527910
317	0.1799316406	5.2129244202	4.8907400661
318	0.8674926758	14.7785715647	3.5184900478
319	0.7536315918	15.1215370162	3.5990359814
320	0.3286132813	8.2695592733	6.4343519474
321	0.7497863770	15.1276344209	3.6018971212
322	0.3858642578	12.4880678359	5.2071518615
323	0.3801269531	12.2001657789	5.3109047288
324	0.6955871582	15.1917844879	3.6476810929
325	0.3101806641	6.4120136552	6.7935815357
326	0.0764160156	6.7842484391	3.5214504047
327	0.3698120117	11.6117358239	5.5120425619
328	0.1545104980	6.0651389182	4.4518980316
329	0.6095581055	15.2077791292	3.7590362259
330	0.1200256348	6.7758186503	3.9945616738
331	0.3588256836	10.8763750808	5.7452923016
332	0.5011291504	14.8993158448	4.0767213209
333	0.4423217773	14.2266853342	4.4710116155
334	0.3618469238	11.0902224143	5.6793902143
335	0.2109680176	3.9532641492	5.5797052781
336	0.8301086426	14.9395619007	3.5462859924
337	0.5434570313	15.0969896899	3.9134746916
338	0.3619689941	11.0986752929	5.6767536696
339	0.4747619629	14.6786317000	4.2218490133
340	0.6484069824	15.2156178680	3.7005109191
341	0.6080017090	15.2068027765	3.7617628326
342	0.5711669922	15.1636551810	3.8376931359
343	0.9654541016	13.0223802283	3.3206622436
344	0.1134033203	6.8468455700	3.9187609475
345	0.4356384277	14.0977871170	4.5351131574
346	0.6318054199	15.2158481744	3.7234650858
347	0.4720153809	14.6493694080	4.2395435716
348	0.3963317871	12.9481024727	5.0329469273
349	0.2001647949	4.3978340619	5.3210377198
350	0.8035888672	15.0185424242	3.5642673397
351	0.5892333984	15.1900393314	3.7975064021
352	0.1705017090	5.5573655483	4.7154848668
353	0.8441162109	14.8876766261	3.5364061150
354	0.5142517090	14.9769726611	4.0184233535
355	0.6746826172	15.2062098275	3.6691554360
356	0.2245788574	3.4425737370	5.9257041540
357	0.5981750488	15.1992285256	3.7797895787
358	0.0353698730	5.2695029114	2.9949021493
359	0.9308471680	14.1563386433	3.4411592522
360	0.2008361816	4.3699385722	5.3365722008
361	0.6257324219	15.2146696151	3.7325834538
362	0.2832946777	4.0442710380	6.9978416820
363	0.6119995117	15.2091941446	3.7548264916
364	0.4584960938	14.4833873619	4.3351577926
365	0.7925720215	15.0456177065	3.5716936554
366	0.7447204590	15.1353306794	3.6057271304
367	0.3564147949	10.6993058069	5.7987178432
368	0.0619506836	6.4891646927	3.3596143363
369	0.5611877441	15.1437922361	3.8627916313
370	0.5275268555	15.0393391975	3.9669345342
371	0.6432495117	15.2162024532	3.7073515560
372	0.8941040039	14.6010027248	3.4938090813
373	0.0104064941	2.4120426570	2.4210446373
374	0.5367126465	15.0746128493	3.9350996531
375	0.3746337891	11.8985813938	5.4157255960
376	0.8946228027	14.5967240210	3.4932557506
377	0.9799499512	11.6758561318	3.1824508899
378	0.7749023438	15.0835092853	3.5838040241
379	0.5827331543	15.1818328650	3.8112490917
380	0.4231872559	13.8139356415	4.6688908766
381	0.3399353027	9.3387775698	6.1765882440
382	0.7684326172	15.0958862898	3.5883437524
383	0.2617797852	3.0586666641	6.7881735315
384	0.7478332520	15.1306464480	3.6033653257
385	0.3853454590	12.4631253378	5.2162916236
386	0.1178894043	6.8011621462	3.9698087942
387	0.3249816895	7.9096928919	6.5131932420
388	0.6582031250	15.2133234136	3.6881736993
389	0.3557434082	10.6489779879	5.8137174189
390	0.1739807129	5.4337965026	4.7783286123
391	0.6867065430	15.1986228286	3.6564778363
392	0.2037963867	4.2470644724	5.4059618536
393	0.0795593262	6.8246040681	3.5552128362
394	0.8383483887	14.9100592513	3.5405277602
395	0.4694519043	14.6207852380	4.2565605878
396	0.5572814941	15.1348312475	3.8732514683
397	0.7438049316	15.1366815525	3.6064270586
398	0.4893188477	14.8126709544	4.1365946485
399	0.3358459473	8.9633890018	6.2710163020
400	0.0028381348	0.7830279324	2.1338720114
401	0.7885437012	15.0548213485	3.5744261247
402	0.0326538086	5.0698697526	2.9483041087
403	0.9457397461	13.8255840840	3.4050485832
404	0.0493164063	6.0471040168	3.2021671638
405	0.9263916016	14.2316256636	3.4496170467
406	0.0773925781	6.7976078655	3.5319743458
407	0.5382080078	15.0798175874	3.9301827678
408	0.6686096191	15.2092865608	3.6759284723
409	0.2871093750	4.3189568055	6.9998799643
410	0.2365722656	3.1028887422	6.2344829172
411	0.6385498047	15.2163404599	3.7138074111
412	0.6588745117	15.2131115312	3.6873579215
413	0.6870727539	15.1983613200	3.6561059962
414	0.5530700684	15.1243557023	3.8849583518
415	0.8903808594	14.6306124113	3.4976803036
416	0.1328735352	6.5760892907	4.1507870285
417	0.0238952637	4.2790837286	2.7777231421
418	0.0503540039	6.0914171898	3.2159453814
419	0.0126037598	2.7899566815	2.4900796561
420	0.1311950684	6.6067008649	4.1295745382
421	0.7958374023	15.0378921535	3.5694869684
422	0.4082641602	13.3823520352	4.8572697120
423	0.8815307617	14.6940775062	3.5062634557
424	0.3605957031	11.0027425809	5.7065341671
425	0.7463989258	15.1328224817	3.6044502095
426	0.7637329102	15.1044199746	3.5916885929
427	0.7377624512	15.1452971367	3.6111100393
428	0.0572814941	6.3490255269	3.3037771021
429	0.6338806152	15.2160888064	3.7204424764
430	0.6367187500	15.2162888663	3.7163825130
431	0.5184020996	14.9980616143	4.0015749168
432	0.9750366211	12.2707656100	3.2432728923
433	0.1258850098	6.6946724992	4.0641310765
434	0.9808349609	11.5445696301	3.1690594185
435	0.3139343262	6.7914883169	6.7304465080
436	0.4987792969	14.8834505603	4.0880374708
437	0.8188171387	14.9758780777	3.5540055630
438	0.3592224121	10.9049658869	5.7365695978
439	0.9503173828	13.6890370020	3.3904694228
440	0.8825988770	14.6868869984	3.5052688070
441	0.3824768066	12.3213291404	5.2676985447
442	0.2453002930	2.9638867262	6.4488902321
443	0.6960754395	15.1913786375	3.6472103193
444	0.6130981445	15.2097853645	3.7529584316
445	0.8295288086	14.9415371427	3.5466865216
446	0.4484863281	14.3330586432	4.4161884237
447	0.0941772461	6.9198513417	3.7101022810
448	0.8978271484	14.5694120794	3.4897569262
449	0.9101257324	14.4481060658	3.4747891985
450	0.6651306152	15.2108128812	3.6799292828
451	0.9192504883	14.3364519990	3.4616187530
452	0.2783203125	3.7283379118	6.9786168412
453	0.6313171387	15.2157797734	3.7241830505
454	0.1541748047	6.0746638253	4.4467773698
455	0.2594604492	3.0125922660	6.7478149093
456	0.3685607910	11.5338015429	5.5376717442
457	0.9016418457	14.5347701986	3.4853947516
458	0.5379333496	15.0788723036	3.9310805308
459	0.7236328125	15.1634766791	3.6225381712
460	0.7182312012	15.1697221689	3.6271056586
461	0.3006896973	5.4832685756	6.9203291074
462	0.7279052734	15.1582637782	3.6190066559
463	0.7732238770	15.0867924091	3.5849751447
464	0.8008422852	15.0255669956	3.5661148036
465	0.9736022949	12.4110247204	3.2576562865
466	0.9755859375	12.2136145046	3.2374177437
467	0.1794433594	5.2314689835	4.8812783259
468	0.1272888184	6.6727363269	4.0811968228
469	0.6505737305	15.2152414796	3.6977100256
470	0.0482482910	5.9997887884	3.1877899432
471	0.6051025391	15.2048257144	3.7669331512
472	0.4838562012	14.7662481550	4.1669912652
473	0.7914428711	15.0482333110	3.5724583181
474	0.5295715332	15.0477044483	3.9595968547
475	0.3119506836	6.5904997639	6.7646190304
476	0.2956848145	5.0252039145	6.9648108179
477	0.8551635742	14.8401907665	3.5282269837
478	0.2456970215	2.9602959995	6.4582342913
479	0.9923400879	8.3508977121	2.8447828043
480	0.1150207520	6.8315631384	3.9370283433
481	0.6944274902	15.1927359695	3.6488044135
482	0.8157653809	14.9849684363	3.5560700129
483	0.7265319824	15.1599658560	3.6201342425
484	0.2343750000	3.1539724863	6.1785741272
485	0.0750732422	6.7646374468	3.5069215002
486	0.3277893066	8.1884752800	6.4524736051
487	0.0646667480	6.5597099531	3.3911119497
488	0.4249572754	13.8581186779	4.6486543433
489	0.3206787109	7.4765832656	6.6025073054
490	0.1394653320	6.4430560028	4.2367983256
491	0.2336730957	3.1714794271	6.1606106379
492	0.7998962402	15.0279430436	3.5667515372
493	0.0821228027	6.8519832898	3.5825434935
494	0.8038940430	15.0177501096	3.5640621349
495	0.4694824219	14.6211329760	4.2563550866
496	0.8024902344	15.0213750645	3.5650061682
497	0.2320861816	3.2130615674	6.1198506129
498	0.1204528809	6.7704755857	3.9995493531
499	0.4739074707	14.6696751824	4.2272955074
500	0.3195495605	7.3621315423	6.6250519086
501	0.8845520020	14.6734214594	3.5034223952
502	0.3104248047	6.4365713328	6.7896762518
503	0.9967346191	5.1548256007	2.5212694990
504	0.9196472168	14.3310741537	3.4609955008
505	0.5393981934	15.0838589929	3.9263199185
506	0.3179931641	7.2040634076	6.6554348593
507	0.5428161621	15.0949818627	3.9154697816
508	0.2163696289	3.7403059001	5.7150585428
509	0.3518981934	10.3522132979	5.9005274536
510	0.2357482910	3.1213668612	6.2135804485
511	0.2039489746	4.2407426786	5.4095774205
512	0.3566894531	10.7197666949	5.7925964137
513	0.5272216797	15.0380641624	3.9680425542
514	0.8557434082	14.8375120980	3.5277851820
515	0.6160888672	15.2112550662	3.7479539778
516	0.6340637207	15.2161061803	3.7201779878
517	0.8399963379	14.9038179760	3.5393587970
518	0.3450927734	9.7919289823	6.0569854824
519	0.0412597656	5.6434383611	3.0881500718
520	0.2269897461	3.3635471548	5.9881225487
521	0.2789001465	3.7625763447	6.9818168818
522	0.0468444824	5.9348878759	3.1685790893
523	0.5745544434	15.1694848216	3.8296692372
524	0.0620422363	6.4916690617	3.3606868830
525	0.8161010742	14.9839825559	3.5558432365
526	0.4057312012	13.2974259068	4.8926057681
527	0.4762878418	14.6943026000	4.2122520723
528	0.8022460938	15.0220003845	3.5651703765
529	0.3017272949	5.5815352445	6.9090515943
530	0.0189208984	3.7031358724	2.6627542384
531	0.6289672852	15.2153868167	3.7276749265
532	0.9603881836	13.2939505185	3.3488980189
533	0.4836730957	14.7646154796	4.1680420712
534	0.8118591309	14.9961934469	3.5587043892
535	0.1193237305	6.7843984913	3.9863948754
536	0.1372680664	6.4896531218	4.2076285053
537	0.1517639160	6.1416348020	4.4104602912
538	0.3389892578	9.2531439952	6.1985000871
539	0.9453125000	13.8372939536	3.4063058172
540	0.3849487305	12.4439081779	5.2233133415
541	0.4075622559	13.3591871191	4.8669591348
542	0.2095947266	4.0088033750	5.5458631451
543	0.8482055664	14.8708487491	3.5334270919
544	0.6950988770	15.1921872421	3.6481531690
545	0.0588378906	6.3985170509	3.3226508398
546	0.6385498047	15.2163404599	3.7138074111
547	0.2695922852	3.3000162540	6.9009378486
548	0.6122131348	15.2093112955	3.7544619906
549	0.1390075684	6.4529481172	4.2306783948
550	0.1221008301	6.7490159887	4.0189084196
551	0.4333801270	14.0507474258	4.5579402183
552	0.9719848633	12.5552510980	3.2724695694
553	0.5517272949	15.1208296748	3.8887883403
554	0.2385864258	3.0613254850	6.2851983116
555	0.5528564453	15.1238008895	3.8855644636
556	0.7644348145	15.1031691429	3.5911862984
557	0.8404541016	14.9020629235	3.5390329128
558	0.5744018555	15.1692315795	3.8300255420
559	0.1627807617	5.8154222739	4.5832396951
560	0.1223754883	6.7453085423	4.0221540275
561	0.0829467773	6.8597654710	3.5912986254
562	0.7745056152	15.0842899449	3.5840804382
563	0.5762939453	15.1723108501	3.8256409120
564	0.4345397949	14.0751329290	4.5461422265
565	0.9107666016	14.4409476160	3.4739299356
566	0.7184753418	15.1694481360	3.6268966445
567	0.4670104980	14.5923674317	4.2732335191
568	0.5839538574	15.1834780866	3.8086098594
569	0.6539001465	15.2145171874	3.6934909713
570	0.8211364746	14.9687724757	3.5524316203
571	0.5761108398	15.1720186085	3.8260620603
572	0.3111267090	6.5072890665	6.7782873824
573	0.6101074219	15.2081098157	3.7580819246
574	0.4583129883	14.4808638895	4.3365571864
575	0.5442504883	15.0994423947	3.9110214432
576	0.7025146484	15.1857377509	3.6411204979
577	0.4397277832	14.1784199778	4.4952938471
578	0.5177917480	14.9950557825	4.0040080269
579	0.8686523438	14.7722258658	3.5175320686
580	0.8035583496	15.0186215242	3.5642878607
581	0.6849670410	15.1998407098	3.6582551753
582	0.0748291016	6.7609149263	3.5042720580
583	0.9851684570	10.7449782386	3.0876590609
584	0.3571777344	10.7559584218	5.7817355317
585	0.4145202637	13.5769074136	4.7742898140
586	0.1932373047	4.6843795805	5.1653427284
587	0.4752807617	14.6840058846	4.2185676171
588	0.6668701172	15.2100715339	3.6779175710
589	0.9931335449	7.9287692392	2.8020249181
590	0.8509216309	14.8591979219	3.5314183990
591	0.3981018066	13.0182201914	5.0053819114
592	0.5851745605	15.1850743169	3.8059980694
593	0.9761047363	12.1577480615	3.2316970990
594	0.9907226563	9.0802992677	2.9186989907
595	0.7474975586	15.1311584461	3.6036187218
596	0.6267700195	15.2149222408	3.7309959974
597	0.1287841797	6.6483220281	4.0995580202
598	0.6963500977	15.1911489869	3.6469460788
599	0.0339660645	5.1686645689	2.9711336639
600	0.2069702148	4.1160417722	5.4819168528
601	0.5711975098	15.1637096705	3.8376197701
602	0.4928894043	14.8407451316	4.1176834421
603	0.9918212891	8.6023097432	2.8702550295
604	0.0047302246	1.2462291306	2.2141496133
605	0.0473937988	5.9606583902	3.1761402319
606	0.7728881836	15.0874428852	3.5852099041
607	0.4111633301	13.4751235419	4.8180677072
608	0.4512329102	14.3769238119	4.3930072429
609	0.3202514648	7.4333051013	6.6110853840
610	0.3468933105	9.9444434354	6.0153438333
611	0.0949096680	6.9209599048	3.7178650777
612	0.3428955078	9.6017656262	6.1079253186
613	0.6907653809	15.1956256011	3.6524010668
614	0.1193237305	6.7843984913	3.9863948754
615	0.9407958984	13.9518453585	3.4186741982
616	0.5798339844	15.1777244350	3.8176295108
617	0.6426696777	15.2162401634	3.7081363561
618	0.8892822266	14.6389986581	3.4987909086
619	0.1484375000	6.2298550900	4.3616344852
620	0.0290832520	4.7769623337	2.8828877073
621	0.6120300293	15.2092109455	3.7547743824
622	0.2763061523	3.6148879365	6.9655605346
623	0.5514221191	15.1200154001	3.8896655119
624	0.5128784180	14.9696504918	4.0241580834
625	0.8815917969	14.6936698462	3.5062068982
626	0.7711181641	15.0908391832	3.5864507843
627	0.0742187500	6.7513945683	3.4976372781
628	0.9218750000	14.2999531796	3.4574059056
629	0.6006164551	15.2013457450	3.7751756774
630	0.9114379883	14.4333466225	3.4730200283
631	0.3142700195	6.8255710648	6.7244934170
632	0.4535827637	14.4128371413	4.3737550280
633	0.9290466309	14.1877926997	3.4446785603
634	0.5828552246	15.1819996143	3.8109839227
635	0.2490844727	2.9404348982	6.5361388167
636	0.9755249023	12.2200643953	3.2380783843
637	0.3073425293	6.1283762908	6.8367637114
638	0.4443664551	14.2632316816	4.4523866291
639	0.0681457520	6.6392439192	3.4305854074
640	0.5134887695	14.9729264815	4.0215992946
641	0.8508300781	14.8595970684	3.5314865288
642	0.4794311523	14.7253206021	4.1929909769
643	0.1300048828	6.6275953323	4.1146910505
644	0.8649597168	14.7920807102	3.5205548319
645	0.8693237305	14.7685044306	3.5169736584
646	0.6715698242	15.2078516151	3.6725943192
647	0.0443420410	5.8111419230	3.1333774533
648	0.3372497559	9.0937649301	6.2386984177
649	0.5115966797	14.9626563088	4.0295843154
650	0.8052368164	15.0142353287	3.5631593080
651	0.8789978027	14.7106602061	3.5085817237
652	0.6108398438	15.2085395650	3.7568159730
653	0.5349731445	15.0683762287	3.9409099873
654	0.3915710449	12.7487971653	5.1097813363
655	0.4918518066	14.8327635083	4.1231037135
656	0.7277526855	15.1584541433	3.6191315967
657	0.1998291016	4.4117807897	5.3132992485
658	0.7191772461	15.1686559555	3.6262971117
659	0.9880981445	9.9917687894	3.0111506277
660	0.2045898438	4.2142112231	5.4248033405
661	0.2890930176	4.4720437074	6.9965917033
662	0.0298461914	4.8426767540	2.8972976818
663	0.3021240234	5.6193686757	6.9045609483
664	0.2710876465	3.3615833218	6.9180577672
665	0.2528686523	2.9424656140	6.6185798222
666	0.8194580078	14.9739320048	3.5535711298
667	0.9045715332	14.5064423833	3.4818835614
668	0.2332153320	3.1831938852	6.1488724705
669	0.4777832031	14.7092673109	4.2030047563
670	0.2637329102	3.1064434790	6.8198407966
671	0.6343078613	15.2161283799	3.7198258893
672	0.9615478516	13.2371601234	3.3429756327
673	0.6817932129	15.2019588546	3.6615462116
674	0.7688903809	15.0950349016	3.5880201826
675	0.6556091309	15.2140773297	3.6913605252
676	0.5045166016	14.9210832727	4.0608966690
677	0.4334716797	14.0526904735	4.5570029146
678	0.6475830078	15.2157409270	3.7015872062
679	0.5400390625	15.0859986261	3.9242582451
680	0.8266296387	14.9512267805	3.5486815109
681	0.7966308594	15.0359779031	3.5689516628
682	0.9196472168	14.3310741537	3.4609955008
683	0.4735412598	14.6657963033	4.2296457806
684	0.6719360352	15.2076654944	3.6721862153
685	0.0999145508	6.9199320385	3.7711586067
686	0.2377624512	3.0776954060	6.2645212020
687	0.5885314941	15.1892176340	3.7989540791
688	0.5520629883	15.1217198294	3.8878263376
689	0.8311767578	14.9358899345	3.5455467358
690	0.9384155273	14.0061546460	3.4245884125
691	0.4208068848	13.7523387351	4.6967790781
692	0.8596801758	14.8187830096	3.5247468191
693	0.6571655273	15.2136373674	3.6894417245
694	0.2174987793	3.6972008173	5.7437441895
695	0.4916687012	14.8313401584	4.1240665700
696	0.1067199707	6.8954425652	3.8447051384
697	0.5679931641	15.1577866838	3.8454329874
698	0.4312744141	14.0051952754	4.5797802186
699	0.0148925781	3.1481181609	2.5566880239
700	0.2876281738	4.3583435152	6.9993058081
701	0.1466674805	6.2747958850	4.3362369324
702	0.5219726563	15.0150126709	3.9876395050
703	0.7287902832	15.1571535050	3.6182836904
704	0.3676757813	11.4777905994	5.5559531859
705	0.9635925293	13.1295907705	3.3317848010
706	0.5687866211	15.1592916665	3.8434774397
707	0.8533020020	14.8486577397	3.5296361278
708	0.8963317871	14.5823509693	3.4914074979
709	0.0961608887	6.9220999670	3.7311442727
710	0.4634094238	14.5482144268	4.2986882530
711	0.1719360352	5.5069440706	4.7411422688
712	0.7453002930	15.1344688477	3.6052851006
713	0.7732238770	15.0867924091	3.5849751447
714	0.7109985352	15.1774889384	3.6334141956
715	0.2387695313	3.0578098079	6.2897790040
716	0.9721069336	12.5448376828	3.2713991605
717	0.1447143555	6.3227543708	4.3086645039
718	0.3558654785	10.6581614688	5.8109864665
719	0.7106018066	15.1778953644	3.6337669656
720	0.8080749512	15.0066499110	3.5612509625
721	0.1760253906	5.3592065400	4.8162434491
722	0.0323486328	5.0462415266	2.9429062461
723	0.8039550781	15.0175913595	3.5640210949
724	0.7719116211	15.0893236372	3.5858938842
725	0.6676940918	15.2097051166	3.6769725733
726	0.1404418945	6.4216297525	4.2499311650
727	0.8769836426	14.7233957296	3.5103866703
728	0.9077453613	14.4738956916	3.4779045134
729	0.3999023438	13.0874212266	4.9778900655
730	0.1467590332	6.2725057327	4.3375409291
731	0.1366882324	6.5015756644	4.2000163347
732	0.1484680176	6.2290679898	4.3620758641
733	0.4018554688	13.1601295291	4.9486864352
734	0.0101928711	2.3733543979	2.4140409365
735	0.4707641602	14.6355746906	4.2477878685
736	0.8041687012	15.0170349782	3.5638774574
737	0.3465881348	9.9188067307	6.0223927074
738	0.7326354980	15.1522069098	3.6151753081
739	0.4048156738	13.2658102453	4.9056315696
740	0.1751708984	5.3905500939	4.8003091341
741	0.0702514648	6.6818255432	3.4540710434
742	0.0350341797	5.2458316619	2.9892776465
743	0.1842041016	5.0477504384	4.9753773862
744	0.2905273438	4.5868194338	6.9923801238
745	0.2167663574	3.7250960439	5.7251237702
746	0.1578063965	5.9690594215	4.5030266152
747	0.9812927246	11.4730564786	3.1617686500
748	0.7711181641	15.0908391832	3.5864507843
749	0.0072631836	1.8040391934	2.3121563327
750	0.7869262695	15.0584186252	3.5755270973
751	0.2272338867	3.3558033735	5.9944457392
752	0.8180847168	14.9780862132	3.5545016507
753	0.1347656250	6.5399846745	4.1750233222
754	0.1045227051	6.9061725030	3.8207865371
755	0.0691833496	6.6607332469	3.4421929417
756	0.3260803223	8.0192108070	6.4896353866
757	0.7835998535	15.0656460060	3.5777994844
758	0.9647216797	13.0656962312	3.3251526331
759	0.9522705078	13.6238146816	3.3835516326
760	0.1214294434	6.7579214971	4.0109978975
761	0.7738952637	15.0854853283	3.5845061664
762	0.1945190430	4.6316804623	5.1935056532
763	0.3265991211	8.0707423422	6.4784178826
764	0.3255920410	7.9705999640	6.5001393737
765	0.8312683105	14.9355731632	3.5454832817
766	0.0193176270	3.7531813851	2.6725213592
767	0.4793395996	14.7244406034	4.1935424900
768	0.8432617188	14.8910894923	3.5370222978
769	0.9812011719	11.4875655312	3.1632476476
770	0.6139831543	15.2102414105	3.7514652955
771	0.4916992188	14.8315776944	4.1239059612
772	0.9758300781	12.1875590779	3.2347493591
773	0.0686645508	6.6501130944	3.4363979309
774	0.7784729004	15.0763515888	3.5813267649
775	0.3210144043	7.5105606688	6.5957277411
776	0.1595153809	5.9174315446	4.5301622408
777	0.4025878906	13.1867771101	4.9378991823
778	0.7385864258	15.1441526471	3.6104647565
779	0.0077514648	1.9042178405	2.3299358069
780	0.8287353516	14.9442197228	3.5472337578
781	0.5254821777	15.0306622387	3.9744230629
782	0.0718994141	6.7123719483	3.4722670826
783	0.0075378418	1.8606647462	2.3221988704
784	0.4043273926	13.2487447207	4.9126343486
785	0.1078186035	6.8890902179	3.8567366747
786	0.7583923340	15.1136724475	3.5955443502
787	0.6481628418	15.2156554904	3.7008291725
788	0.4069213867	13.3377911656	4.8758743948
789	0.9677124023	12.8785716580	3.3057840343
790	0.3563232422	10.6924690242	5.8007602426
791	0.7116394043	15.1768281090	3.6328458547
792	0.6950683594	15.1922123114	3.6481827172
793	0.2153930664	3.7780288962	5.6903483573
794	0.3029785156	5.7013200951	6.8945588252
795	0.1412658691	6.4032101231	4.2610947079
796	0.8286743164	14.9444251070	3.5472758128
797	0.5227355957	15.0184981216	3.9847265563
798	0.3404235840	9.3826799904	6.1652696002
799	0.8736572266	14.7436057860	3.5132983466
800	0.5572204590	15.1346855787	3.8734178979
801	0.5177917480	14.9950557825	4.0040080269
802	0.0663146973	6.5988506351	3.4099223138
803	0.7956237793	15.0384050253	3.5696311435
804	0.4330444336	14.0435964703	4.5613856789
805	0.3042297363	5.8223934017	6.8791156174
806	0.6097412109	15.2078901589	3.7587176629
807	0.8264770508	14.9517283127	3.5487861782
808	0.5495910645	15.1150276491	3.8949815391
809	0.1061401367	6.8985309538	3.8383751481
810	0.4318847656	14.0185704231	4.5733938010
811	0.1248168945	6.7107215766	4.0512537531
812	0.4047546387	13.2636848495	4.9065047930
813	0.0372009277	5.3939194108	3.0249569666
814	0.2518615723	2.9393204326	6.5971641316
815	0.4206542969	13.7483028827	4.6985935511
816	0.8890991211	14.6403814735	3.4989746726
817	0.9955139160	6.2980591291	2.6369423417
818	0.0975341797	6.9222701637	3.7457495634
819	0.4724731445	14.6543427108	4.2365563425
820	0.3992004395	13.0606958518	4.9885418352
821	0.6829833984	15.2011803522	3.6603046805
822	0.4812927246	14.7429175291	4.1818976922
823	0.6492309570	15.2154837086	3.6994408099
824	0.0758972168	6.7768434444	3.5158453423
825	0.7498168945	15.1275869071	3.6018742620
826	0.7007141113	15.1873690248	3.6428015779
827	0.6373596191	15.2163137629	3.7154773303
828	0.1675415039	5.6590213878	4.6636289214
829	0.0642089844	6.5483551735	3.3858482079
830	0.2644958496	3.1273633917	6.8316073227
831	0.2728576660	3.4408360792	6.9363356408
832	0.5183410645	14.9977624806	4.0018175476
833	0.1067199707	6.8954425652	3.8447051384
834	0.4431457520	14.2415686715	4.4634521716
835	0.4982604980	14.8798603856	4.0905742479
836	0.1815795898	5.1498181840	4.9229920478
837	0.4898986816	14.8173478765	4.1334734945
838	0.9448547363	13.8496615967	3.4076350028
839	0.4447631836	14.2701742385	4.4488243339
840	0.1579895020	5.9635864600	4.5059132882
841	0.6027832031	15.2030916907	3.7711571548
842	0.7161560059	15.1720200806	3.6288924284
843	0.6390991211	15.2163442753	3.7130415200
844	0.2588806152	3.0028560794	6.7372804274
845	0.3803710938	12.2129684373	5.3063699156
846	0.8677978516	14.7769116332	3.5182387402
847	0.3357543945	8.9548334560	6.2731192472
848	0.0946044922	6.9205378314	3.7146297275
849	0.1983032227	4.4751420272	5.2783687742
850	0.7254638672	15.1612723027	3.6210161553
851	0.9738159180	12.3909126212	3.2555925367
852	0.1876831055	4.9097774576	5.0467652525
853	0.8922729492	14.6158004309	3.4957343296
854	0.0055847168	1.4418934894	2.2483476994
855	0.7591857910	15.1123269715	3.5949675566
856	0.2111816406	3.9446668308	5.5849920246
857	0.9025268555	14.5263777307	3.4843495592
858	0.1162109375	6.8194588504	3.9505675262
859	0.3714904785	11.7139974674	5.4780682656
860	0.3519287109	10.3546255190	5.8998329853
861	0.5435485840	15.0972745607	3.9131906752
862	0.5825500488	15.1815818074	3.8116473672
863	0.7960815430	15.0373047168	3.5693222256
864	0.7988281250	15.0305994153	3.5674707587
865	0.3984680176	13.0324667884	4.9997457383
866	0.5980224609	15.1990908209	3.7800810266
867	0.2812194824	3.9064349046	6.9920935088
868	0.3562316895	10.6856239984	5.8028035962
869	0.8385620117	14.9092569146	3.5403765916
870	0.6998596191	15.1881285466	3.6436052046
871	0.4199523926	13.7295999287	4.7069821521
872	0.1819763184	5.1345097234	4.9308300880
873	0.6679077148	15.2096085272	3.6767283966
874	0.5699768066	15.1615015570	3.8405699678
875	0.3572387695	10.7604659018	5.7803798959
876	0.6509399414	15.2151703739	3.6972407856
877	0.8928833008	14.6109196323	3.4950972908
878	0.9607238770	13.2778055833	3.3472132659
879	0.1219177246	6.7514668990	4.0167477550
880	0.3431701660	9.6257751775	6.1015536441
881	0.6165771484	15.2114759363	3.7471479643
882	0.7456359863	15.1339676590	3.6050296303
883	0.0838012695	6.8673241845	3.6003656935
884	0.1571655273	5.9881033924	4.4929620116
885	0.0584716797	6.3871292935	3.3182348238
886	0.0952758789	6.9213916006	3.7217492117
887	0.5356750488	15.0709166390	3.9385536062
888	0.5481872559	15.1110830804	3.8991195674
889	0.6989440918	15.1889318516	3.6444704516
890	0.7779846191	15.0773445819	3.5816644636
891	0.4002990723	13.1023864099	4.9719062828
892	0.8916015625	14.6211108117	3.4964297660
893	0.5486755371	15.1124671407	3.8976740418
894	0.5856018066	15.1856215678	3.8050903560
895	0.0625000000	6.5040563310	3.3660378529
896	0.9710083008	12.6359889477	3.2807736666
897	0.5433349609	15.0966091013	3.9138537669
898	0.8843994141	14.6744885671	3.5035679685
899	0.3261718750	8.0283135531	6.4876600347
900	0.5917053223	15.1928136264	3.7924756558
901	0.0630493164	6.5186275466	3.3724336228
902	0.2907409668	4.6041957225	6.9916222319
903	0.4962463379	14.8656140471	4.1005573754
904	0.3188476563	7.2908812295	6.6388565185
905	0.5769348145	15.1733240998	3.8241721918
906	0.4718627930	14.6477029406	4.2405427477
907	0.5858764648	15.1859702686	3.8045085692
908	0.3406982422	9.4072855944	6.1589007626
909	0.4125671387	13.5184061869	4.7995527219
910	0.0716857910	6.7085465815	3.4699167676
911	0.6483459473	15.2156273650	3.7005904315
912	0.4570312500	14.4629750100	4.3464362515
913	0.6506652832	15.2152239050	3.6975926040
914	0.7616271973	15.1081235407	3.5932015527
915	0.2341003418	3.1607566357	6.1715502280
916	0.1923828125	4.7193914850	5.1467328839
917	0.1445007324	6.3278954046	4.3056769399
918	0.4163513184	13.6299880069	4.7511223637
919	0.9728088379	12.4835015069	3.2650971265
920	0.0342102051	5.1865545672	2.9753147047
921	0.6643981934	15.2111118704	3.6807831867
922	0.4145507813	13.5778059270	4.7738996206
923	0.2804565430	3.8579065346	6.9891603039
924	0.7963256836	15.0367158922	3.5691575128
925	0.1674194336	5.6631422586	4.6615218058
926	0.0646972656	6.5604593905	3.3914622507
927	0.1912231445	4.7667328524	5.1216894426
928	0.1071166992	6.8932240748	3.8490440426
929	0.1917724609	4.7443343351	5.1335215239
930	0.1558532715	6.0265547914	4.4725398424
931	0.3146972656	6.8689695302	6.7168481763
932	0.0228271484	4.1643406767	2.7543283301
933	0.3763122559	11.9935197858	5.3831341027
934	0.6335144043	15.2160521918	3.7209725233
935	0.9177551270	14.3562967177	3.4639265879
936	0.7658081055	15.1006979975	3.5902063878
937	0.1051940918	6.9031752350	3.8280755398
938	0.4002685547	13.1012388240	4.9723656329
939	0.1316833496	6.5979335859	4.1357181948
940	0.5878601074	15.1884173851	3.8003468730
941	0.2773742676	3.6739838136	6.9728581650
942	0.2416687012	3.0083200266	6.3615255210
943	0.2841491699	4.1034520205	6.9992583336
944	0.7584533691	15.1135693058	3.5954999309
945	0.2010192871	4.3623308883	5.3408221181
946	0.8769226074	14.7237756413	3.5104408566
947	0.3562927246	10.6901882649	5.8014412547
948	0.6781005859	15.2042525405	3.6654560264
949	0.6132202148	15.2098493349	3.7527518644
950	0.1348571777	6.5381949400	4.1762049883
951	0.5647277832	15.1513193386	3.8536289351
952	0.1164855957	6.8165627898	3.9537040840
953	0.8243408203	14.9586634447	3.5502483475
954	0.2544555664	2.9513853483	6.6514878548
955	0.0685424805	6.6475781456	3.4350318745
956	0.5758972168	15.1716761125	3.8265542538
957	0.9877319336	10.0987409663	3.0220092701
958	0.3108215332	6.4765221496	6.7832682307
959	0.8013916016	15.0241772170	3.5657451940
960	0.7794494629	15.0743519317	3.5806523358
961	0.4941406250	14.8501826561	4.1112275720
962	0.7658996582	15.1005321244	3.5901411919
963	0.4284973145	13.9425184294	4.6094266658
964	0.2843627930	4.1184635892	6.9995258131
965	0.4912109375	14.8277621375	4.1264820908
966	0.1442260742	6.3344749468	4.3018438347
967	0.4286499023	13.9460411507	4.6077723801
968	0.2201843262	3.5971683495	5.8124013452
969	0.5281372070	15.0418684714	3.9647285621
970	0.8337707520	14.9267880383	3.5437430939
971	0.3012695313	5.5380581945	6.9141108223
972	0.1522521973	6.1282754087	4.4177513465
973	0.3251647949	7.9279812706	6.5092861567
974	0.0116882324	2.6367998975	2.4619602985
975	0.8984985352	14.5634888029	3.4890053218
976	0.0697326660	6.6717096768	3.4483103600
977	0.6679992676	15.2095669315	3.6766238527
978	0.6950683594	15.1922123114	3.6481827172
979	0.8820800781	14.6903945468	3.5057532245
980	0.4990844727	14.8855474846	4.0865517955
981	0.4275207520	13.9197508973	4.6200849461
982	0.9167480469	14.3692946487	3.4654452612
983	0.3056030273	5.9566126571	6.8611062955
984	0.7422790527	15.1389061888	3.6075990978
985	0.7041320801	15.1842367189	3.6396243420
986	0.0261840820	4.5102895509	2.8257552583
987	0.3212585449	7.5352555136	6.5907756459
988	0.2400512695	3.0344750249	6.3216878229
989	0.0974731445	6.9222864028	3.7450996796
990	0.1149902344	6.8318639618	3.9366822885
991	0.0121765137	2.7192233899	2.4770679501
992	0.0602416992	6.4407395095	3.3394438168
993	0.1008300781	6.9181574725	3.7809682080
994	0.5679931641	15.1577866838	3.8454329874
995	0.3491821289	10.1339075330	5.9626305757
996	0.5110168457	14.9594405785	4.0320627771
997	0.6206359863	15.2131102355	3.7405646888
998	0.7388305664	15.1438117136	3.6102739778
999	0.2730102539	3.4479905476	6.9378087228
1000	0.8792419434	14.7090898575	3.5083606761
