0	2.9618225098	9.7545736291	6.0086303571
1	3.0812377930	10.5287147958	5.9647588708
2	1.1501770020	2.8383171955	3.6665057668
3	2.0816040039	5.2819981142	5.1413879958
4	2.5313720703	7.2401314082	5.7944503328
5	0.6089782715	1.5457024270	3.1197173191
6	4.4049377441	13.3464554704	2.6610152884
7	1.9343872070	4.7874180194	4.8846173723
8	0.3863525391	0.9572135142	2.8568046115
9	2.1879882813	5.6813399908	5.3192632304
10	0.9647827148	2.4188929780	3.4637883614
11	0.6288757324	1.5971530975	3.1397489920
12	4.1800231934	14.7591095500	3.3903632617
13	3.9869079590	14.9930571040	4.0435444584
14	4.9496154785	1.8589887589	1.9231553004
15	3.6582641602	14.0312099206	5.0322401755
16	1.0780029297	2.6770149034	3.5838348738
17	1.0354309082	2.5808179207	3.5374210908
18	3.4780273438	13.0652858087	5.4493854424
19	2.7536926270	8.4711472407	5.9717695448
20	0.6371459961	1.6184578174	3.1479780075
21	2.1343688965	5.4754176121	5.2307473324
22	1.8585815430	4.5562201310	4.7507385302
23	1.6069335938	3.8794674101	4.3179681421
24	2.3094482422	6.1843690637	5.5083198118
25	0.3907470703	0.9689283095	2.8629886789
26	2.4064331055	6.6238035646	5.6443808278
27	0.2178649902	0.5143537549	2.5716091115
28	1.5709838867	3.7916896428	4.2592310417
29	2.3780517578	6.4916838837	5.6061572650
30	1.8845520020	4.6337740685	4.7965940740
31	4.8673400879	4.5541092358	1.8677972217
32	1.6757202148	4.0527310293	4.4330200025
33	1.9213562012	4.7466125834	4.8616127684
34	1.5701599121	3.7896978876	4.2578970457
35	3.7147216797	14.2842845377	4.8808094679
36	1.0345764160	2.5788773767	3.5365061300
37	2.5075378418	7.1182128837	5.7682933414
38	4.9462280273	1.9781323624	1.9192146779
39	1.0205993652	2.5470770618	3.5216290265
40	3.2191162109	11.4341546793	5.8507811168
41	3.3202514648	12.0905759194	5.7229737434
42	3.0177917480	10.1151281547	5.9942618766
43	3.9943237305	14.9973539327	4.0189032141
44	4.5906677246	10.9389106058	2.1744429880
45	3.9002990723	14.8766230332	4.3257455508
46	3.2533874512	11.6581316024	5.8116776825
47	1.2669067383	3.0967858135	3.8118289649
48	3.5541076660	13.4979264124	5.2862614601
49	0.4306640625	1.0753714634	2.9168703317
50	1.1514587402	2.8411661777	3.6680218134
51	4.9883422852	0.4448097948	1.9791064995
52	4.4367980957	13.0226733855	2.5672802768
53	0.6466979980	1.6430037100	3.1574183069
54	4.4317932129	13.0758135669	2.5817750329
55	4.5506286621	11.5694185322	2.2654593562
56	2.9925231934	9.9517536165	6.0020841842
57	4.3712768555	13.6521652422	2.7635173746
58	2.8518371582	9.0631822977	6.0062419614
59	4.9350891113	2.3648392973	1.9073045157
60	3.5303039551	13.3659507314	5.3394026405
61	3.6749877930	14.1091086560	4.9883433689
62	4.6481933594	9.9143319169	2.0606442575
63	0.6852722168	1.7414402207	3.1949504353
64	0.6684265137	1.6985904814	3.1786648113
65	1.6612243652	4.0155894414	4.4085084460
66	1.6030273438	3.8698436089	4.3115364665
67	3.5045166016	13.2193897588	5.3948229596
68	2.7132568359	8.2352693179	5.9492719022
69	4.8763122559	4.2798436968	1.8699179558
70	2.7354125977	8.3638972641	5.9621771123
71	3.4785156250	13.0681570010	5.4484016010
72	1.6631469727	4.0204953496	4.4117517875
73	0.3448791504	0.8468289207	2.7957184172
74	0.6177673340	1.5684622413	3.1286083779
75	4.9231872559	2.7695169868	1.8963263351
76	3.8374633789	14.7230684212	4.5223930002
77	1.2297363281	3.0145786805	3.7639371992
78	0.3172607422	0.7736230305	2.7520731390
79	3.8571472168	14.7768900416	4.4616393375
80	3.1303100586	10.8507569561	5.9320995584
81	1.1171569824	2.7647545480	3.6280349691
82	1.9622192383	4.8761172283	4.9336759291
83	1.0993957520	2.7250309432	3.6077985554
84	3.8895263672	14.8541588112	4.3600009423
85	2.9271240234	9.5337189493	6.0121832062
86	2.9335327148	9.5743370509	6.0118309269
87	4.9920349121	0.3048853473	1.9855167612
88	0.4207153320	1.0488445055	2.9038112405
89	3.4483032227	12.8884904911	5.5077107610
90	4.6810913086	9.2620616316	2.0056633098
91	1.7479553223	4.2434197812	4.5569406675
92	0.1158447266	0.2607808709	2.3391871870
93	2.4983520508	7.0717681576	5.7578852099
94	3.1651000977	11.0794984067	5.9036712120
95	1.4233093262	3.4464091710	4.0300416635
96	3.2075195313	11.3581372677	5.8630367183
97	2.7089538574	8.2104640861	5.9466053956
98	1.9226074219	4.7505109713	4.8638223043
99	3.5154113770	13.2817447981	5.3716838010
100	4.1475524902	14.8533114375	3.5007089866
101	3.9360656738	14.9389617973	4.2105771718
102	3.7588195801	14.4609227759	4.7563803072
103	4.1851806641	14.7418766758	3.3728769627
104	0.6111145020	1.5512390693	3.1218848341
105	3.2951049805	11.9288221936	5.7582574170
106	3.0635375977	10.4129313106	5.9744218394
107	3.1049194336	10.6839777110	5.9500794428
108	1.1254882813	2.7833480609	3.6376362637
109	1.8209228516	4.4466568313	4.6844033109
110	3.7525634766	14.4370756171	4.7743452331
111	3.9309387207	14.9312132763	4.2272144367
112	0.3241271973	0.7917922973	2.7631607867
113	0.7531738281	1.9118743201	3.2595260600
114	3.8341064453	14.7133923934	4.5326718917
115	3.4012451172	12.6013067680	5.5936727901
116	4.8254089355	5.7749349948	1.8696246589
117	2.4463806152	6.8147239528	5.6957249716
118	0.6001892090	1.5228916165	3.1107537952
119	3.0581359863	10.3776515353	5.9771488893
120	2.7365417480	8.3704929250	5.9627974924
121	3.9050292969	14.8859585313	4.3106384922
122	3.4430847168	12.8570619316	5.5176307939
123	2.5958862305	7.5802216472	5.8587916767
124	2.7826538086	8.6430781950	5.9849697115
125	2.9438171387	9.6396869224	6.0109788077
126	1.2966308594	3.1626188443	3.8512301614
127	1.8333740234	4.4825128456	4.7063071661
128	2.0605163574	5.2071744937	5.1051675230
129	2.9727783203	9.8247605628	6.0066638979
130	4.7027587891	8.8048980804	1.9738573341
131	2.3118591309	6.1948814136	5.5118795170
132	0.4175109863	1.0402993253	2.8995545017
133	4.4075012207	13.3216629512	2.6533491130
134	0.5028076172	1.2672036298	3.0052035730
135	3.5174560547	13.2933773879	5.3672961727
136	4.4555053711	12.8163560888	2.5139125867
137	4.7041015625	8.7758306331	1.9720066637
138	0.1539306641	0.3534201469	2.4323659820
139	3.7289123535	14.3432588443	4.8413356906
140	0.1598510742	0.3680595277	2.4461318049
141	0.0195922852	0.0414422613	2.0638716378
142	4.6706237793	9.4750062675	2.0223050576
143	4.4902648926	12.3999391007	2.4184075830
144	4.1532287598	14.8385931217	3.4813955630
145	2.4968872070	7.0643897166	5.7562089213
146	1.1909484863	2.9287608190	3.7155827992
147	3.7084045410	14.2574068951	4.8982037023
148	2.5744628906	7.4656700802	5.8385063555
149	2.1751403809	5.6311192861	5.2982932893
150	4.1680603027	14.7966596106	3.4309728166
151	3.3758544922	12.4431673315	5.6367642951
152	4.5826416016	11.0705892316	2.1919578414
153	4.5245971680	11.9447868899	2.3292524845
154	1.1866149902	2.9191628186	3.7102821335
155	4.9183349609	2.9320010007	1.8923600603
156	2.4858398438	7.0089927404	5.7434222665
157	0.6070861816	1.5407960269	3.1177939474
158	3.4040832520	12.6188542330	5.5887120464
159	0.1674499512	0.3869354012	2.4635285573
160	0.4950561523	1.2466613302	2.9961960674
161	0.8609313965	2.1745391493	3.3615763780
162	4.6172790527	10.4828175276	2.1191590342
163	0.9583435059	2.4039732961	3.4572648812
164	3.1032104492	10.6727620729	5.9512061545
165	0.5112609863	1.2895803809	3.0149092406
166	2.9536437988	9.7023146552	6.0098327808
167	2.3523559570	6.3745864422	5.5703779045
168	4.0889282227	14.9640415759	3.7002169230
169	1.6050720215	3.8748783636	4.3149015876
170	1.1878051758	2.9217991742	3.7117359320
171	0.4846801758	1.2191313886	2.9839707357
172	1.1455993652	2.8281386511	3.6611053195
173	0.6713867188	1.7061359939	3.1815373813
174	0.6828002930	1.7351661895	3.1925696251
175	1.0370483398	2.5844899870	3.5391547208
176	2.1351013184	5.4781660002	5.2319732174
177	0.0065307617	0.0136762886	2.0216082120
178	2.9565734863	9.7210205312	6.0094280823
179	4.3352966309	13.9395016216	2.8764638608
180	2.9668273926	9.7866111882	6.0077826924
181	0.5841064453	1.4810236582	3.0941490434
182	1.8735046387	4.6005795329	4.7770814460
183	3.0721435547	10.4691937872	5.9698629853
184	1.1015625000	2.7298834789	3.6102505074
185	1.5902709961	3.8385647048	4.2906155480
186	0.4605102539	1.1548804933	2.9546983620
187	2.6547546387	7.9030800985	5.9086840699
188	2.6804199219	8.0474564612	5.9276304284
189	1.5838623047	3.8229344703	4.2801536468
190	4.3487854004	13.8364319627	2.8337480035
191	3.1774291992	11.1605470017	5.8925390350
192	3.2786865234	11.8225983004	5.7800440140
193	2.2815856934	6.0643854468	5.4665876320
194	4.8399963379	5.3614623474	1.8668469820
195	2.0192565918	5.0647331033	5.0336332050
196	2.2847290039	6.0777829288	5.4713489725
197	0.9681091309	2.4265891282	3.4671696681
198	4.5977172852	10.8210233056	2.1593748915
199	2.0667724609	5.2292277159	5.1159396781
200	3.9039916992	14.8839386194	4.3139556746
201	3.5312194824	13.3710872874	5.3373937487
202	0.9639587402	2.4169854209	3.4629519944
203	2.5616455078	7.3978999919	5.8258487734
204	1.7878112793	4.3530109908	4.6263438135
205	3.1220703125	10.7966082525	5.9381895039
206	1.9003601074	4.6818107771	4.8245231206
207	1.5732421875	3.7971529906	4.2628900710
208	4.2873840332	14.2622622061	3.0312975812
209	0.4402770996	1.1009947006	2.9292695160
210	3.5548400879	13.5019338824	5.2845965054
211	0.0964050293	0.2146315105	2.2883832363
212	4.3325500488	13.9598174265	2.8852128465
213	4.6439819336	9.9942728588	2.0682374847
214	1.4527893066	3.5137360266	4.0741054152
215	0.7739868164	1.9633589943	3.2791498354
216	1.9359130859	4.7922260294	4.8873099626
217	4.8852233887	4.0027943888	1.8729350807
218	4.3136291504	14.0937017810	2.9459245402
219	0.2446289063	0.5833016689	2.6241653326
220	0.3215332031	0.7849256748	2.7589909743
221	0.4698791504	1.1798039612	2.9661819236
222	3.4920959473	13.1475592303	5.4207078901
223	3.1153259277	10.7523030632	5.9429916310
224	4.6789855957	9.3053091065	2.0089455310
225	2.6429443359	7.8373715924	5.8993824564
226	0.0447387695	0.0963677900	2.1417703623
227	1.5591125488	3.7630764280	4.2400666670
228	3.5421752930	13.4321838250	5.3131361469
229	0.9987182617	2.4970621691	3.4986655054
230	0.4213562012	1.0505534875	2.9046595955
231	2.5377502441	7.2731010610	5.8012379487
232	0.7932434082	2.0106723670	3.2973042119
233	4.5157775879	12.0659795153	2.3516305354
234	1.7812194824	4.3346553988	4.6148248101
235	2.6492614746	7.8724603592	5.9044029043
236	3.2915954590	11.9061540281	5.7629974959
237	2.2173156738	5.7980871420	5.3665029241
238	1.9347229004	4.7884752416	4.8852097659
239	1.6007995605	3.8643647016	4.3078736596
240	1.1275939941	2.7880437798	3.6400741153
241	4.4562988281	12.8073341115	2.5116782096
242	3.9095458984	14.8945674577	4.2961771367
243	3.3061218262	11.9998373123	5.7430843962
244	4.5017089844	12.2531613817	2.3880875140
245	1.8254699707	4.4597097878	4.6923986434
246	1.1423034668	2.8208064958	3.6572305056
247	4.6083068848	10.6399755436	2.1373082861
248	0.2282409668	0.5409899732	2.5923602895
249	1.6926574707	4.0965845008	4.4618225562
250	0.2947387695	0.7142060656	2.7145481394
251	0.6273803711	1.5932958283	3.1382552954
252	0.8642272949	2.1824223762	3.3647388672
253	0.3608093262	0.8891803253	2.8197846492
254	2.6952819824	8.1320366441	5.9377922193
255	4.7330627441	8.1275606797	1.9356529679
256	0.4635620117	1.1630011457	2.9584585318
257	4.8532409668	4.9757161497	1.8662860196
258	3.4053649902	12.6267699635	5.5864622475
259	2.1423339844	5.5054011885	5.2440554371
260	2.9555969238	9.7147835184	6.0095662054
261	1.3237915039	3.2229318708	3.8880911390
262	4.9108276367	3.1805623411	1.8867964639
263	0.1421508789	0.3244749965	2.4044132138
264	1.1492919922	2.8363497866	3.6654599751
265	0.0918884277	0.2040298712	2.2762502607
266	4.4384155273	13.0053157685	2.5626151462
267	2.9370117188	9.5964207112	6.0115823012
268	2.3619995117	6.4182523768	5.5839323007
269	1.3028564453	3.1764273353	3.8596069241
270	4.8971252441	3.6254577798	1.8784076470
271	1.1217041016	2.7749056299	3.6332665270
272	2.6734008789	8.0077583267	5.9226233679
273	4.2128906250	14.6382612493	3.2792168332
274	4.4445190430	12.9390000093	2.5450965367
275	0.7789611816	1.9756106119	3.2838382177
276	2.8044128418	8.7738214321	5.9932419938
277	2.0993041992	5.3458838663	5.1715804545
278	1.6783447266	4.0594936975	4.4374718693
279	0.2020568848	0.4740238855	2.5390437450
280	0.6210937500	1.5770626188	3.1319554239
281	0.7957763672	2.0168728228	3.2996938755
282	3.4527282715	12.9150524074	5.4992238913
283	3.2424621582	11.5868582391	5.8246117574
284	0.2636108398	0.6326432139	2.6595807897
285	2.8523559570	9.0663796338	6.0063453283
286	4.3197326660	14.0516627912	2.9262584748
287	4.2825927734	14.2909343252	3.0470138851
288	0.8999328613	2.2672695256	3.3992900995
289	2.3206481934	6.2333814587	5.5247851592
290	4.5956726074	10.8554316428	2.1637145263
291	4.8334045410	5.5497703535	1.8678254676
292	2.1050720215	5.3669177054	5.1813741544
293	3.1640319824	11.0724756308	5.9046095303
294	3.0525207520	10.3410061034	5.9798741950
295	4.7569885254	7.5605884378	1.9109728451
296	1.8646545410	4.5742063074	4.7614561917
297	4.2928161621	14.2289786563	3.0135256625
298	0.2344055176	0.5568726295	2.6044614534
299	4.1143188477	14.9251284085	3.6138506129
300	1.2040710449	2.9578096478	3.7317581093
301	1.2243652344	3.0027013612	3.7571431338
302	3.3989257813	12.5869468805	5.5977052796
303	2.6378784180	7.8093290060	5.8952818434
304	1.4422912598	3.4896860445	4.0583119468
305	3.3681640625	12.3948832553	5.6493570780
306	4.0836181641	14.9704933934	3.7182551939
307	0.8293457031	2.0985433469	3.3314508780
308	4.0707092285	14.9838044039	3.7620572802
309	3.9361572266	14.9390964676	4.2102797061
310	2.2972412109	6.1314613206	5.4901688872
311	3.6821899414	14.1419169306	4.9691864848
312	1.2571411133	3.0751811966	3.7990982823
313	3.4778137207	13.0640293132	5.4498156128
314	3.3364257813	12.1939256720	5.6990571355
315	3.0293273926	10.1899985307	5.9899522672
316	1.9747009277	4.9165946374	4.9556290232
317	3.0402221680	10.2608577923	5.9854540317
318	0.2267456055	0.5371435913	2.5893995075
319	1.5158996582	3.6603359931	4.1713429156
320	3.7557373047	14.4492254281	4.7652439213
321	3.9533691406	14.9620769294	4.1541320679
322	4.7894897461	6.7433647194	1.8857116179
323	1.1967468262	2.9415990067	3.7227069925
324	2.0706787109	5.2430592885	5.1226545906
325	3.2401733398	11.5719101459	5.8272658657
326	3.3327331543	12.1703825322	5.7046014628
327	3.7591552734	14.4621906444	4.7554134909
328	1.3319702148	3.2411342458	3.8993507859
329	2.6517639160	7.8863969497	5.9063629883
330	3.9679870605	14.9778670096	4.1061135564
331	1.3706359863	3.3275250779	3.9535763473
332	0.5229797363	1.3205528863	3.0281700530
333	3.3275451660	12.1372527941	5.7123069584
334	1.5514831543	3.7447795148	4.2278135072
335	3.1512756348	10.9885969372	5.9154945231
336	0.4519042969	1.1319696923	2.9439901264
337	2.0803833008	5.2776287908	5.1392984349
338	3.2506103516	11.6400274967	5.8150069528
339	4.2717285156	14.3535956701	3.0827865283
340	2.6306762695	7.7696094023	5.8893386774
341	2.3067626953	6.1726836203	5.5043447428
342	1.7353515625	4.2094377289	4.5351284848
343	4.6756591797	9.3732057690	2.0141980191
344	4.7788696289	7.0164651545	1.8928837158
345	1.5219421387	3.6745762956	4.1808517188
346	4.9945983887	0.2072193504	1.9900798361
347	0.4274597168	1.0668282928	2.9126897974
348	0.9526367188	2.3907265166	3.4515071501
349	2.5201416016	7.1824316538	5.7822798176
350	4.7776794434	7.0467015792	1.8937539191
351	1.6849060059	4.0764524275	4.4486197413
352	2.2985534668	6.1371233495	5.4921301796
353	2.1596069336	5.5711449031	5.2727317386
354	2.6606445313	7.9360220830	5.9131865562
355	3.2968139648	11.9398528160	5.7559328553
356	0.4325256348	1.0803342120	2.9192880133
357	2.7728881836	8.5848326701	5.9807954866
358	3.7377929688	14.3791534682	4.8163556147
359	1.0256958008	2.5586853115	3.5270343616
360	4.4437866211	12.9470261739	2.5471915548
361	4.2018737793	14.6817084293	3.3163885113
362	4.9379882813	2.2649352460	1.9102508125
363	2.3954162598	6.5721709838	5.6297098793
364	4.5237121582	11.9570832329	2.3314810530
365	2.4580993652	6.8718301872	5.7102133859
366	0.9660949707	2.4219299776	3.4651213381
367	3.1638793945	11.0714723656	5.9047432363
368	1.2197570801	2.9925102821	3.7513394183
369	3.0076904297	10.0497098648	5.9976545680
370	1.8693847656	4.5882782768	4.7698067607
371	4.4205932617	13.1916334579	2.6145284435
372	2.3143920898	6.2059484807	5.5156104106
373	1.6817626953	4.0683186884	4.4432759131
374	4.2289733887	14.5693764141	3.2251407946
375	0.3094482422	0.7529795648	2.7392603138
376	1.3289184570	3.2343398055	3.8951407910
377	3.2113647461	11.3833532558	5.8590276757
378	2.9761352539	9.8463069638	6.0059795003
379	4.3762817383	13.6090109808	2.7480705350
380	2.6524658203	7.8903097229	5.9069098329
381	2.3877563477	6.5365311784	5.6193840567
382	2.8338012695	8.9524477591	6.0021218068
383	2.5415649414	7.2928887963	5.8052539759
384	0.2958984375	0.7172580697	2.7165248970
385	1.8475646973	4.5238201788	4.7313077401
386	4.3829956055	13.5498719456	2.7274585358
387	3.6980590820	14.2125798991	4.9264493906
388	2.2706604004	6.0180921609	5.4499366305
389	1.4828796387	3.5831741226	4.1199853731
390	4.7540588379	7.6315701600	1.9137248308
391	4.9334716797	2.4203482181	1.9057074080
392	0.5926818848	1.5033680554	3.1030366338
393	0.4764099121	1.1971642907	2.9740830930
394	1.9432678223	4.8154892467	4.9002840752
395	3.3781127930	12.4573132534	5.6330257940
396	0.9114074707	2.2943252829	3.4105229073
397	2.9617309570	9.7539879830	6.0086450711
398	3.7540893555	14.4429301226	4.7699728509
399	1.6775817871	4.0575265859	4.4361772889
400	2.7635192871	8.5292111587	5.9765253058
401	3.3083801270	12.0143664312	5.7399192248
402	1.3637695313	3.3121373210	3.9438275333
403	2.0903625488	5.3134861334	5.1563533444
404	2.4519348145	6.8417278541	5.7026252284
405	1.0319213867	2.5728452340	3.5336672551
406	0.5144348145	1.2979744429	3.0185225497
407	4.2104797363	14.6480264985	3.2873430613
408	2.5498352051	7.3359656487	5.8138477421
409	1.3293151855	3.2352229102	3.8956875094
410	1.3298339844	3.2363778167	3.8964027109
411	4.3152465820	14.0826671844	2.9407057147
412	4.0292663574	15.0045656796	3.9020137821
413	3.2388610840	11.5633374703	5.8287788767
414	3.7565002441	14.4521301991	4.7630522314
415	4.3378295898	13.9205656799	2.8684103982
416	3.0154113770	10.0996999963	5.9950933414
417	1.4254760742	3.4513361939	4.0332498280
418	0.6303100586	1.6008514610	3.1411800237
419	2.4649353027	6.9053719886	5.7185404440
420	3.1651611328	11.0798997038	5.9036174681
421	0.5908508301	1.4986008256	3.1011455479
422	2.3677978516	6.4446693087	5.5920094721
423	3.3594665527	12.3400754385	5.6633408055
424	3.6712646484	14.0919719163	4.9981872501
425	3.5085449219	13.2425177104	5.3863144245
426	3.2825927734	11.8479105538	5.7749502482
427	4.0082092285	15.0028278921	3.9726001068
428	4.8911132813	3.8171109101	1.8754351175
429	2.6841735840	8.0687516932	5.9302536146
430	2.5268249512	7.2167151037	5.7895560826
431	2.1943969727	5.7066003499	5.3296623891
432	3.6006774902	13.7459032714	5.1769192939
433	3.6405639648	13.9462431261	5.0777921909
434	0.6575317383	1.6707629051	3.1680488393
435	2.5954895020	7.5780858700	5.8584260805
436	3.8734130859	14.8175019017	4.4108358011
437	2.8279113770	8.9164657037	6.0005559221
438	2.8280639648	8.9173967444	6.0005978497
439	1.5057067871	3.6364012437	4.1553794671
440	2.5841979980	7.5175265889	5.8478608251
441	0.1589355469	0.3657918059	2.4440152748
442	4.6045227051	10.7052220182	2.1451144297
443	1.1838073730	2.9129428271	3.7068587056
444	4.5381469727	11.7527254315	2.2956165682
445	4.1690673828	14.7936278818	3.4275517790
446	2.4071044922	6.6269644056	5.6452679416
447	4.8256835938	5.7672590400	1.8695518279
448	3.2246398926	11.4703280131	5.8447701120
449	4.8015136719	6.4269404054	1.8789001120
450	1.5765075684	3.8050643394	4.2681882885
451	3.1619262695	11.0586303447	5.9064471773
452	2.1961059570	5.7133601084	5.3324284759
453	4.8175354004	5.9932132631	1.8720425256
454	4.0653991699	14.9883164739	3.7800514862
455	0.6806640625	1.7297403673	3.1905097777
456	2.0720825195	5.2480416462	5.1250656247
457	0.8315124512	2.1037827175	3.3335083094
458	2.7548522949	8.4779847076	5.9723454578
459	3.4751281738	13.0482153289	5.4552099533
460	0.1679077148	0.3880755193	2.4645669100
461	0.9710998535	2.4335021689	3.4702164561
462	3.3955993652	12.5663207698	5.6034550085
463	0.7162475586	1.8196508630	3.2245707981
464	1.7488708496	4.2459005142	4.5585278353
465	1.1625061035	2.8657044716	3.6811601998
466	0.1745605469	0.4046829294	2.4795354223
467	0.7504272461	1.9050533066	3.2569340410
468	3.9088745117	14.8933067112	4.2983290333
469	0.0404357910	0.0868376846	2.1287566801
470	1.9062194824	4.6997790723	4.8348753361
471	3.8221130371	14.6776684642	4.5691938810
472	1.0745849609	2.6693245470	3.5800467853
473	1.4834899902	3.5845908541	4.1209252239
474	0.8490600586	2.1460720502	3.3502175453
475	4.4214477539	13.1829468963	2.6120144203
476	2.1341552734	5.4746163311	5.2303897014
477	3.7741394043	14.5175456230	4.7119671408
478	3.1468811035	10.9597005941	5.9191072488
479	3.2570190430	11.6817922398	5.8072812771
480	4.1911621094	14.7210930753	3.3526157279
481	4.3838806152	13.5419689481	2.7247510329
482	2.8953247070	9.3334283733	6.0119213089
483	2.8534545898	9.0731526601	6.0065614126
484	3.9436035156	14.9496118660	4.1860429672
485	2.3836059570	6.5173093661	5.6137469435
486	0.8331909180	2.1078387240	3.3351029012
487	3.7739868164	14.5169942767	4.7124124113
488	0.6877136230	1.7476321243	3.1972990618
489	4.4784545898	12.5463365993	2.4502970168
490	3.6588439941	14.0339501291	5.0307320539
491	3.4683227539	13.0079934609	5.4687673794
492	2.9468994141	9.6593117278	6.0106543341
493	4.6682128906	9.5233315326	2.0262525501
494	4.9717407227	1.0628783827	1.9526292860
495	2.7451171875	8.4207099514	5.9673896404
496	2.7256164551	8.3068384175	5.9566423386
497	4.5323486328	11.8357903711	2.3098980334
498	4.8386535645	5.4000184940	1.8670089724
499	3.8696594238	14.8084472861	4.4226063530
500	4.3884277344	13.5009672175	2.7108757430
501	4.1402282715	14.8712308150	3.5256382004
502	2.9851989746	9.9045741391	6.0039390457
503	4.2866210938	14.2668706618	3.0337976374
504	1.1636047363	2.8681431435	3.6824738145
505	2.5861511230	7.5279701085	5.8497103199
506	4.6122131348	10.5719797977	2.1293440935
507	2.9675903320	9.7914987666	6.0076459969
508	0.2723693848	0.6555175305	2.6754274003
509	2.1497192383	5.5333893520	5.2563477240
510	1.8372192383	4.4936588818	4.7130779797
511	0.3838806152	0.9506249152	2.8533028445
512	3.6825866699	14.1437109527	4.9681268630
513	2.0808105469	5.2791575197	5.1400298850
514	3.7606201172	14.4677090862	4.7511912824
515	1.1039733887	2.7352805837	3.6129841727
516	4.4877014160	12.4321508424	2.4252784348
517	2.0097656250	5.0326916440	5.0170734246
518	4.1574401855	14.8271999101	3.4670711923
519	2.0164184570	5.0551235967	5.0286848767
520	1.9107360840	4.7136905973	4.8428545774
521	0.9826354980	2.4601105152	3.4820292225
522	0.7934265137	2.0111207721	3.2974769392
523	0.1772766113	0.4114829353	2.4855812139
524	2.9331054688	9.5716266523	6.0118586723
525	3.1212463379	10.7911945272	5.9387849972
526	0.3665771484	0.9045314430	2.8283088345
527	4.2829284668	14.2889462576	3.0459115174
528	3.5485839844	13.4675988180	5.2987608739
529	2.9083862305	9.4154382501	6.0124316336
530	3.0736389160	10.4789762964	5.9690439728
531	1.7676086426	4.2970467898	4.5910883915
532	2.6420898438	7.8326355007	5.8986954259
533	1.0979614258	2.7218176605	3.6061779694
534	4.8013305664	6.4318170620	1.8789932551
535	1.5261840820	3.6845967584	4.1875470698
536	3.4938049316	13.1574882511	5.4171777549
537	2.2501525879	5.9323341932	5.4182673824
538	1.9429016113	4.8143274278	4.8996382366
539	0.2616882324	0.6276306859	2.6560611296
540	2.9078674316	9.4121738195	6.0124220281
541	1.8915710449	4.6550243548	4.8089944649
542	2.8394165039	8.9868351378	6.0035139597
543	0.4581298828	1.1485449693	2.9517520695
544	2.9664306641	9.7840700425	6.0078529916
545	0.3004760742	0.7293137761	2.7242798344
546	0.8462524414	2.1393227079	3.3475379858
547	1.9779663086	4.9272567389	4.9613661232
548	3.4084777832	12.6459704767	5.5809739562
549	4.9167175293	2.9858426253	1.8911028125
550	3.0245361328	10.1588812307	5.9917987149
551	4.2848510742	14.2774997276	3.0396014927
552	3.6337585449	13.9129107611	5.0950535283
553	1.3772277832	3.3423185571	3.9629832514
554	0.4573669434	1.1465141001	2.9508052458
555	2.2914123535	6.1063856425	5.4814282423
556	4.3316650391	13.9663156423	2.8880355394
557	3.1758422852	11.1501168595	5.8940030047
558	3.1914672852	11.2527787581	5.8791876584
559	1.8316040039	4.4773937533	4.7031914037
560	4.7352600098	8.0766913070	1.9331797078
561	0.9487304688	2.3816459796	3.4475786102
562	2.8033447266	8.7673729040	5.9928693481
563	2.7587280273	8.5008650389	5.9742417692
564	0.5000000000	1.2597656250	3.0019531250
565	4.3843383789	13.5378713380	2.7233514826
566	2.5909423828	7.5536454008	5.8542084797
567	3.6677551270	14.0757096627	5.0074291114
568	3.2077636719	11.3597385640	5.8627837876
569	0.7586669922	1.9254976012	3.2647078752
570	4.3898620605	13.4878955713	2.7065114938
571	3.2432250977	11.5918397152	5.8237227789
572	2.4957580566	7.0587074354	5.7549137005
573	0.0953979492	0.2122635704	2.2856888331
574	3.0148010254	10.0957452685	5.9953033580
575	1.2317504883	3.0190324875	3.7664931647
576	4.8103332520	6.1899070843	1.8748070113
577	0.9510803223	2.3871097846	3.4499406597
578	4.3260192871	14.0072216805	2.9060826860
579	0.0398254395	0.0854901786	2.1269003512
580	1.7860107422	4.3479879211	4.6231959801
581	2.8251953125	8.8999033571	5.9997975273
582	2.9207763672	9.4935688455	6.0123974800
583	2.9562988281	9.7192661980	6.0094672554
584	4.2492980957	14.4728266039	3.1571844086
585	3.1954345703	11.2788301929	5.8752837815
586	1.4495544434	3.5063160995	4.0692269056
587	4.0001831055	15.0000760005	3.9993896303
588	1.8476257324	4.5239988763	4.7314153423
589	1.1777648926	2.8995517815	3.6995196277
590	2.5577087402	7.3772006175	5.8218841596
591	2.3931884766	6.5617836454	5.6267172506
592	3.3032836914	11.9815639599	5.7470357604
593	2.8116455078	8.8175687736	5.9956737847
594	2.4516296387	6.8402412184	5.7022476477
595	3.6574707031	14.0274556536	5.0343022973
596	4.2922058105	14.2327597138	3.0155199844
597	4.9700622559	1.1243715372	1.9501629938
598	2.0903930664	5.3135962729	5.1564054033
599	3.3382873535	12.2057824519	5.6962432095
600	0.9480895996	2.3801551704	3.4469350463
601	0.8948669434	2.2552924092	3.3943523975
602	1.0019531250	2.5044747217	3.5020360181
603	2.3515930176	6.3711462211	5.5692992007
604	2.9910888672	9.9425077894	6.0024619633
605	0.3568420410	0.8786261725	2.8138637600
606	2.7247009277	8.3015208226	5.9561111460
607	2.9567260742	9.7219952192	6.0094062092
608	3.4818725586	13.0878662518	5.4416153121
609	1.4408264160	3.4863369762	4.0561171242
610	0.8737792969	2.2052198236	3.3739279297
611	4.3540649414	13.7945834278	2.8171470926
612	3.2004089355	11.3114839356	5.8703074867
613	1.9558715820	4.8556995823	4.9224987260
614	3.8324890137	14.7086794941	4.5376157115
615	0.9076843262	2.2855576061	3.4068706222
616	2.6500244141	7.8767071176	5.9050022211
617	1.4704895020	3.5544873107	4.1009850774
618	4.0687866211	14.9855023901	3.7685741556
619	1.9930419922	4.9768770683	4.9878156066
620	0.6860961914	1.7435305079	3.1957434027
621	1.9727172852	4.9101324317	4.9521425673
622	2.0766296387	5.2642225144	5.1328673637
623	2.4695434570	6.9280782134	5.7241012897
624	0.7701721191	1.9539496145	3.2755544438
625	2.1553039551	5.5546741999	5.2656121763
626	4.9422912598	2.1156905330	1.9148225439
627	0.7783203125	1.9740333401	3.2832341758
628	3.8487854004	14.7546411325	4.4875471631
629	3.3258361816	12.1263263156	5.7148237228
630	4.5359802246	11.7839196759	2.3009334355
631	4.6647644043	9.5919892694	2.0319725217
632	0.8572998047	2.1658428413	3.3580963837
633	1.9420471191	4.8116179408	4.8981312048
634	3.3280334473	12.1403734601	5.7115859239
635	0.5263061523	1.3293337734	3.0318946627
636	0.8489379883	2.1457787343	3.3501009908
637	2.7716674805	8.5775711832	5.9802537952
638	2.8304748535	8.9321152317	6.0012507091
639	1.3849792480	3.3597426986	3.9741050263
640	4.7485656738	7.7634831711	1.9190902707
641	1.6779174805	4.0583919916	4.4367468607
642	2.6632995605	7.9509089265	5.9151862759
643	4.4851074219	12.4644995293	2.4322600220
644	4.7317199707	8.1585292425	1.9371846000
645	0.0294494629	0.0627485744	2.0949424550
646	2.2460021973	5.9151583906	5.4117946547
647	4.5159912109	12.0630793190	2.3510840975
648	2.2284240723	5.8430814874	5.3841536418
649	4.7355651855	8.0696070863	1.9328394534
650	4.1139221191	14.9258407439	3.6152010921
651	3.4594726563	12.9553774721	5.4861564091
652	3.5521240234	13.4870564784	5.2907618151
653	1.9063415527	4.7001543597	4.8350909997
654	2.8595581055	9.1108346119	6.0076922291
655	4.0626831055	14.9904098795	3.7892494337
656	0.1535949707	0.3525918831	2.4315798271
657	3.1379089355	10.9007090492	5.9262654066
658	2.6991577148	8.1542094233	5.9403429996
659	4.9356994629	2.3438503129	1.9079158625
660	2.4998474121	7.0793082735	5.7595917535
661	1.4223937988	3.4443282959	4.0286875689
662	3.6640319824	14.0583432559	5.0171938651
663	1.2741088867	3.1127253336	3.8212857164
664	2.5780334473	7.4846512122	5.8419634952
665	3.6833190918	14.1470193424	4.9661694437
666	0.4169006348	1.0386716288	2.8987408509
667	0.2067871094	0.4860584260	2.5489107960
668	2.0243835449	5.0821530219	5.0425639270
669	0.9355468750	2.3509185692	3.4343928155
670	2.6934204102	8.1214036997	5.9365523816
671	4.7684936523	7.2775779230	1.9009138881
672	2.8780517578	9.2255586936	6.0103933164
673	1.0705871582	2.6603226746	3.5756300467
674	4.3684692383	13.6760278126	2.7722124746
675	1.4974365234	3.6170586562	4.1424987508
676	4.9600219727	1.4884324889	1.9362045782
677	2.2666625977	6.0012580662	5.4438047773
678	1.1476745605	2.8327536325	3.6635508141
679	4.6581115723	9.7229026692	2.0432496424
680	3.8771057129	14.8262209288	4.3992298719
681	3.0238647461	10.1545231220	5.9920510373
682	1.8837280273	4.6312876551	4.7951384879
683	0.0888671875	0.1969646513	2.2680635560
684	3.6507873535	13.9956279392	5.0515970076
685	1.8244018555	4.4566393855	4.6905201289
686	1.5178222656	3.6648627799	4.1743647992
687	1.6745300293	4.0496681275	4.4310025224
688	4.9710388184	1.0886158067	1.9515932691
689	2.4176635742	6.6768912834	5.6591130711
690	0.6460876465	1.6414372529	3.1568170482
691	0.4440612793	1.1110781165	2.9340931181
692	0.0754394531	0.1658277244	2.2309813163
693	4.7304077148	8.1887074445	1.9386961706
694	3.7108764648	14.2679693760	4.8914104408
695	2.2932739258	6.1143809357	5.4842248537
696	0.2528381348	0.6045995550	2.6396649973
697	1.4019470215	3.3979981498	3.9986749276
698	2.8173828125	8.8523715648	5.9974888829
699	2.3325195313	6.2858239738	5.5420351365
700	1.9725341797	4.9095364821	4.9518206922
701	1.9442138672	4.8184923082	4.9019524011
702	1.1748657227	2.8931244294	3.6960122428
703	3.8591613770	14.7821114598	4.4553772834
704	0.6378784180	1.6203422487	3.1487042340
705	0.5270080566	1.3311859883	3.0326784140
706	0.1630859375	0.3760833912	2.4535747148
707	0.9554748535	2.3973173401	3.4543678671
708	0.9654235840	2.4203763113	3.4644391986
709	1.3881530762	3.3668861454	3.9786774514
710	1.0238037109	2.5543774176	3.5250250302
711	1.7110595703	4.1448103051	4.4933021040
712	1.9886779785	4.9624461102	4.9801659127
713	0.8685913086	2.1928468986	3.3689325856
714	4.1770935059	14.7686171151	3.4003024058
715	2.0707397461	5.2432757847	5.1227594419
716	1.6871643066	4.0823067446	4.4524626098
717	0.0725708008	0.1592331785	2.2229095571
718	2.1627807617	5.5833331654	5.2779724746
719	2.3070373535	6.1738775369	5.5047517575
720	4.2401428223	14.5176480166	3.1877374797
721	0.1528015137	0.3506349477	2.4297192321
722	2.2068481445	5.7560789583	5.3497460811
723	2.1178588867	5.4139303638	5.2030023805
724	4.9056396484	3.3503366907	1.8833540020
725	3.2206115723	11.4439498480	5.8491648811
726	4.4128723145	13.2690100560	2.6373548491
727	2.3492431641	6.3605635629	5.5659709876
728	0.5243225098	1.3240980570	3.0296756238
729	2.8811035156	9.2445674411	6.0107335128
730	2.5783386230	7.4862755935	5.8422575736
731	0.3428955078	0.8415608849	2.7926664586
732	4.6484375000	9.9096732063	2.0602078273
733	1.3933105469	3.3785060301	3.9861306405
734	4.6361389160	10.1410334946	2.0827016113
735	1.9089965820	4.7083264714	4.8397815741
736	2.2956237793	6.1244909987	5.4877481830
737	2.4553833008	6.8585503032	5.7068792618
738	4.7209777832	8.4030652340	1.9499832932
739	3.9236755371	14.9195455901	4.2507126175
740	3.3279418945	12.1397883755	5.7117211841
741	4.6146850586	10.5286115591	2.1243539148
742	4.8607177734	4.7535567497	1.8668129584
743	2.5517578125	7.3460144715	5.8158232489
744	1.4556884766	3.5203930655	4.0784866394
745	3.3029785156	11.9795981813	5.7474588813
746	1.2928161621	3.1541617736	3.8461186120
747	1.0945434570	2.7141570848	3.6023242650
748	1.8663330078	4.5791932841	4.7644190521
749	0.4965515137	1.2506258900	2.9979419432
750	1.4057312012	3.4065528015	4.0041963076
751	1.4621582031	3.5352734960	4.0882941291
752	0.4784240723	1.2025160537	2.9765031550
753	2.0014953613	5.0049878005	5.0026165078
754	4.3053283691	14.1491407210	2.9727885955
755	0.2715759277	0.6534426992	2.6740043604
756	3.8205261230	14.6728081716	4.5740023629
757	1.3636474609	3.3118639577	3.9436546843
758	0.0063171387	0.0132267184	2.0209064731
759	1.5689086914	3.7866750274	4.2558724303
760	0.5350341797	1.3523495558	3.0415876245
761	0.4039916992	1.0042448781	2.8813145190
762	0.2485656738	0.5935070237	2.6316336139
763	3.1774291992	11.1605470017	5.8925390350
764	1.5071716309	3.6398343927	4.1576676457
765	3.3786010742	12.4603698408	5.6322150469
766	2.9385986328	9.6065017592	6.0114554509
767	1.6699218750	4.0378319373	4.4231995197
768	0.6188964844	1.5713824794	3.1297456106
769	1.7639465332	4.2869941304	4.5847136852
770	3.2160034180	11.4137593041	5.8541192107
771	1.9664916992	4.8899232361	4.9411943947
772	2.1277160645	5.4505337081	5.2195926841
773	4.6669311523	9.5489142580	2.0283684778
774	0.1447753906	0.3309023187	2.4107067116
775	0.5571899414	1.4106067577	3.0657030561
776	4.6707458496	9.4725522748	2.0221063158
777	1.8601989746	4.5610016267	4.7535925767
778	3.0297546387	10.1927746874	5.9897837124
779	2.3496704102	6.3624861979	5.5665767678
780	0.8934020996	2.2518254299	3.3929269821
781	3.4420776367	12.8509840284	5.5195341280
782	3.3580322266	12.3310171437	5.6656205395
783	2.1418762207	5.5036723269	5.2432920130
784	1.7035522461	4.1250616568	4.4804372307
785	3.1219482422	10.7958062047	5.9382778800
786	0.3653564453	0.9012818798	2.8265129872
787	3.7196044922	14.3047979082	4.8672891643
788	1.1501770020	2.8383171955	3.6665057668
789	1.1302795410	2.7940304093	3.6431898230
790	0.2275390625	0.5391842154	2.5909717749
791	0.5792846680	1.4684402293	3.0891162562
792	2.9275207520	9.5362310310	6.0121653700
793	0.7538146973	1.9134649914	3.2601307491
794	0.8768920898	2.2126332653	3.3769304483
795	3.2755432129	11.8022128493	5.7841022365
796	0.5038146973	1.2698708950	3.0063661872
797	0.4957580566	1.2485223435	2.9970160540
798	0.4435424805	1.1096958349	2.9334337018
799	1.3938903809	3.3798133390	3.9869703498
800	0.8752136230	2.2086367799	3.3753109386
801	1.8608703613	4.5629882698	4.7547773648
802	1.3219604492	3.2188595740	3.8855804437
803	2.1483764648	5.5282871467	5.2541161965
804	1.9447937012	4.8203341040	4.9029748580
805	2.7656250000	8.5416902244	5.9775075904
806	3.8622741699	14.7900746949	4.4456833678
807	1.6042480469	3.8728487200	4.3135451075
808	1.5263671875	3.6850297382	4.1878364466
809	2.5734558105	7.4603244728	5.8375258066
810	0.6866760254	1.7450011334	3.1963012291
811	4.5256347656	11.9303319337	2.3266445543
812	4.9734191895	1.0012033745	1.9551339239
813	3.7547912598	14.4456149616	4.7679595339
814	2.6309509277	7.7711209324	5.8895677532
815	2.8481140137	9.0402563160	6.0054752087
816	4.4330139160	13.0629318230	2.5782315258
817	0.1723632813	0.3991901818	2.4746168830
818	1.3106994629	3.1938360642	3.8702212348
819	0.7764587402	1.9694497994	3.2814796157
820	2.7247009277	8.3015208226	5.9561111460
821	1.9911804199	4.9707144776	4.9845531561
822	1.3128662109	3.1986481937	3.8731656183
823	1.5073242188	3.6401921378	4.1579061134
824	0.8444519043	2.1349909366	3.3458208628
825	1.2138061523	2.9793478764	3.7438790269
826	0.0121459961	0.0255465057	2.0399319380
827	1.5767211914	3.8055823869	4.2685352068
828	3.0934753418	10.6089036778	5.9574242615
829	3.8405151367	14.7317405818	4.5130274615
830	4.0122985840	15.0037910162	3.9589251666
831	1.8328857422	4.4810999520	4.7054475835
832	2.8322143555	8.9427442694	6.0017105353
833	4.6543579102	9.7958756291	2.0497515530
834	3.2126770020	11.3919564808	5.8576471017
835	2.0338134766	5.1143988345	5.0589611726
836	0.8592834473	2.1705942476	3.3599966333
837	1.6314086914	3.9402725383	4.3585267035
838	1.4995422363	3.6219770752	4.1457721988
839	3.0699462891	10.4548228471	5.9710519878
840	1.4151916504	3.4279783545	4.0180658639
841	2.9759521484	9.8451312243	6.0060178236
842	1.0624694824	2.6420205614	3.5667076207
843	0.8118591309	2.0561172531	3.3148844445
844	3.8114624023	14.6444603351	4.6013569590
845	3.7804565430	14.5401446504	4.6934822981
846	4.3358764648	13.9351838734	2.8746190150
847	1.5828247070	3.8204090407	4.2784629230
848	2.6844482422	8.0703116628	5.9304440577
849	2.3109741211	6.1910200299	5.5105737629
850	2.5652465820	7.4168819996	5.8294437981
851	0.2565917969	0.6143592621	2.6466585076
852	2.8741455078	9.2012590870	6.0099140934
853	0.9170532227	2.3076004446	3.4160756266
854	3.9986572266	14.9994247473	4.0044749317
855	4.9799194336	0.7606311763	1.9651975906
856	0.9283142090	2.3340075008	3.4272050406
857	2.5671386719	7.4268738325	5.8313205858
858	3.7031555176	14.2347872963	4.9125723865
859	1.5203552246	3.6708326403	4.1783512085
860	2.2312011719	5.8543969884	5.3885445061
861	0.0085144043	0.0178579501	2.0281080742
862	1.0062255859	2.5142549318	3.5065004219
863	3.2388305664	11.5631380849	5.8288139878
864	0.7574768066	1.9225480133	3.2635853704
865	2.5526123047	7.3504848038	5.8166985363
866	0.5619812012	1.4231713050	3.0708314223
867	3.6872253418	14.1645837415	4.9557037660
868	3.4512023926	12.9059023550	5.5021581786
869	0.4850463867	1.2201036261	2.9844055816
870	3.0429077148	10.2783453127	5.9842811206
871	4.8312072754	5.6120010901	1.8682534081
872	2.2297668457	5.8485493699	5.3862778012
873	3.1008911133	10.6575433083	5.9527184684
874	0.4559326172	1.1426957437	2.9490219122
875	3.8977966309	14.8715531185	4.3337216049
876	0.6126403809	1.5551919584	3.1234304743
877	0.3647766113	0.8997384557	2.8256584218
878	2.0841064453	5.2909699250	5.1456687249
879	3.8479919434	14.7524823943	4.4899980242
880	1.9753723145	4.9187843719	4.9568088341
881	1.1959533691	2.9398424674	3.7217299522
882	2.0527954102	5.1801245780	5.0918440095
883	4.4743957520	12.5954722655	2.4613925948
884	4.4285888672	13.1093856954	2.5911016408
885	4.3786315918	13.5884756880	2.7408419158
886	0.5212097168	1.3158784960	3.0261811425
887	0.1240844727	0.2805841591	2.3600440201
888	0.3217468262	0.7854910409	2.7593352317
889	2.0970153809	5.3375666392	5.1676877847
890	0.4987792969	1.2565308090	3.0005356201
891	2.0459594727	5.1563282516	5.0800220657
892	1.3720703125	3.3307422200	3.9556192203
893	1.0955200195	2.7163463122	3.6034241587
894	3.2865905762	11.8737910376	5.7696791180
895	0.3636779785	0.8968142871	2.8240365201
896	0.4185180664	1.0429849971	2.9008950308
897	0.4638366699	1.1637319010	2.9587960105
898	3.5437316895	13.4408068979	5.3096575653
899	0.6730651855	1.7104114120	3.1831640225
900	0.8006896973	2.0288849621	3.3043311022
901	0.0472412109	0.1019342058	2.1492797626
902	0.9786987305	2.4510398400	3.4779868770
903	1.2650146484	3.0925992509	3.8093541236
904	2.3626708984	6.4213049448	5.5848703654
905	1.4815063477	3.5799877287	4.1178720328
906	0.6659240723	1.6922066152	3.1762326070
907	0.9729309082	2.4377316557	3.4720850060
908	4.0819702148	14.9723792197	3.7238510485
909	2.8533935547	9.0727763027	6.0065495081
910	1.9869689941	4.9568097907	4.9771686808
911	1.6455078125	3.9757119718	4.3820864863
912	2.3234558105	6.2457385467	5.5288838658
913	4.9855041504	0.5517462771	1.9743094968
914	1.1971740723	2.9425448024	3.7232333739
915	3.2443847656	11.5994103694	5.8223674371
916	4.7181396484	8.4667244304	1.9535249384
917	3.3465881348	12.2585506316	5.6835421932
918	3.6168518066	13.8285669705	5.1373192529
919	2.5667419434	7.4247777308	5.8309277594
920	0.6672973633	1.6957105432	3.1775677958
921	3.5866699219	13.6728238713	5.2105445584
922	1.4478149414	3.5023295500	4.0666079361
923	1.5929565430	3.8451310609	4.2950093278
924	0.4711608887	1.1832120192	2.9677392355
925	1.6972045898	4.1084439257	4.4695836135
926	4.2147827148	14.6304956973	3.2728427261
927	0.4593811035	1.1518753313	2.9533022299
928	1.0829772949	2.6881976076	3.5893677138
929	2.7962646484	8.7247075086	5.9903116438
930	4.8317260742	5.5973319340	1.8681478026
931	3.0558166504	10.3625116323	5.9782880888
932	1.4877929688	3.5945886176	4.1275614173
933	3.5386352539	13.4125178965	5.3210181451
934	4.2932739258	14.2261359765	3.0120303457
935	1.2482604980	3.0555403520	3.7876131831
936	2.7065124512	8.1964159732	5.9450695549
937	3.1509704590	10.9865902225	5.9157476755
938	3.9912109375	14.9956655733	4.0292541730
939	3.7266845703	14.3341309407	4.8475689120
940	1.4245910645	3.4493233582	4.0319388613
941	4.0920715332	14.9599509715	3.6895343222
942	0.6558227539	1.6663897404	3.1663770135
943	1.4773864746	3.5704388552	4.1115430413
944	4.2461853027	14.4883127401	3.1675612081
945	2.3378295898	6.3094458187	5.5496820795
946	0.9222106934	2.3197064868	3.4211637320
947	0.8809814453	2.2223607880	3.3808812085
948	4.5728454590	11.2276805284	2.2138419017
949	2.2916259766	6.1073025077	5.4817494066
950	4.5219116211	11.9820066271	2.3360268058
951	2.4348449707	6.7589966204	5.6812043222
952	2.1075439453	5.3759649209	5.1855643903
953	2.3192443848	6.2272135367	5.5227314344
954	1.0990905762	2.7243473359	3.6074535808
955	3.1008300781	10.6571428538	5.9527580050
956	4.9835815430	0.6238873768	1.9711237468
957	0.9093017578	2.2893678133	3.4084563566
958	3.6520996094	14.0019060034	5.0482118049
959	3.2779235840	11.8176517493	5.7810323527
960	0.5184020996	1.3084611613	3.0230162026
961	4.4580688477	12.7871278935	2.5067026158
962	3.5997924805	13.7413262812	5.1790622673
963	0.3998718262	0.9932582035	2.8756635259
964	4.5926208496	10.9064589482	2.1702384362
965	2.6799926758	8.0450354947	5.9273294409
966	4.4729309082	12.6130587398	2.4654137747
967	0.1579589844	0.3633744642	2.4417527371
968	3.6538391113	14.0102064785	5.0437164765
969	3.6425170898	13.9557422325	5.0728121955
970	2.2306823730	5.8522810662	5.3877249071
971	3.3485107422	12.2707484591	5.6805646339
972	2.3455810547	6.3441108935	5.5607667781
973	0.4264831543	1.0642244933	2.9114109261
974	0.2019653320	0.4737912487	2.5388517227
975	2.3455505371	6.3439739915	5.5607233211
976	2.7611999512	8.5154810761	5.9754282997
977	0.4111633301	1.0233708751	2.8910475239
978	4.6517639160	9.8459304465	2.0543027559
979	1.1986694336	2.9458549085	3.7250772686
980	0.3227844238	0.7882374139	2.7610051375
981	3.1844482422	11.2066715299	5.8859534222
982	4.9727478027	1.0258952205	1.9541274601
983	0.3553771973	0.8747303285	2.8116655507
984	0.2850646973	0.6887808954	2.6978631106
985	3.0780029297	10.5075355142	5.9666082306
986	3.5014648438	13.2018130362	5.4012319047
987	0.0090026855	0.0188892368	2.0297035390
988	2.8643493652	9.1404784999	6.0084969666
989	4.3274536133	13.9969189122	2.9014911941
990	3.9598999023	14.9695608075	4.1327154312
991	2.0711975098	5.2448998769	5.1235457578
992	1.9923706055	4.9746533391	4.9866391078
993	3.8574829102	14.7777640160	4.4605962362
994	3.5217590332	13.3177842776	5.3580162377
995	0.7697448730	1.9528950093	3.2751517464
996	4.6952209473	8.9664683961	1.9845100986
997	2.6919860840	8.1132186350	5.9355906248
998	4.5039978027	12.2232183229	2.3820940697
999	2.8710327148	9.1819209540	6.0094971087
1000	1.0972290039	2.7201765126	3.6053512139
