0	0.3018493652	4.6064118965	3.0952704882
1	0.2474975586	4.1923201196	2.9408163595
2	1.7765197754	7.7386948001	6.3305623683
3	2.4702758789	13.6801326786	4.9358394117
4	1.0329284668	4.9472062826	5.0989132866
5	2.2979125977	12.6114603220	5.3251725238
6	2.4826965332	13.7438779708	4.9091528188
7	1.2370910645	4.8063776991	5.6957381988
8	3.9016113281	6.3771394808	2.5446291884
9	3.2120971680	14.7833115337	3.7183673463
10	0.0898132324	2.1367684568	2.4111137609
11	1.7573852539	7.5537812147	6.3448600638
12	1.8544311523	8.5172726181	6.2465874982
13	1.1104431152	4.8469923926	5.3311677108
14	1.0955505371	4.8628976809	5.2867772018
15	1.2363281250	4.8060053327	5.6936472173
16	1.2770385742	4.8384139391	5.8026529007
17	1.3150939941	4.8934358957	5.8990898815
18	0.0635375977	1.6117080983	2.3028160157
19	0.7234191895	5.4357494765	4.2025963181
20	1.4042968750	5.1271923835	6.0984989516
21	1.0414428711	4.9343502153	5.1245083843
22	3.8460998535	8.4020614069	2.7312294934
23	0.1164855957	2.6035638390	2.5134227328
24	2.3554687500	13.0069147008	5.1918283113
25	0.7144470215	5.4441377490	4.1781516790
26	3.4320373535	13.9944701827	3.4453577166
27	1.7904968262	7.8756574058	6.3184732066
28	0.7943420410	5.3492845723	4.3991546403
29	1.9100646973	9.0863032939	6.1642168378
30	3.4189758301	14.0626736925	3.4617535753
31	2.8515014648	14.8999347997	4.2227453303
32	2.2144775391	11.9700786154	5.5212192940
33	0.9216613770	5.1371297886	4.7666174359
34	1.1113586426	4.8460759639	5.3338906683
35	1.0155334473	4.9745423311	5.0466351357
36	0.8493041992	5.2634544502	4.5555960242
37	0.9514160156	5.0840265366	4.8547933983
38	1.2428894043	4.8094915712	5.7115735232
39	2.1125488281	11.0842159216	5.7578442131
40	0.2072143555	3.8055707031	2.8195197449
41	2.9267578125	14.9755877164	4.1066265322
42	0.3242492676	4.7464284228	3.1566274550
43	0.2152404785	3.8887518584	2.8442511967
44	1.2318115234	4.8039768864	5.6812342184
45	0.9416809082	5.1013475732	4.8258687969
46	2.6157531738	14.3202184509	4.6376205561
47	0.3930664063	5.0834955648	3.3395194307
48	0.0870666504	2.0850884916	2.4001662575
49	3.3233032227	14.4721001228	3.5802394140
50	3.7250061035	11.1420766194	3.0135110383
51	0.0910644531	2.1600768803	2.4160739209
52	2.5673828125	14.1327972295	4.7332080082
53	2.3230285645	12.7888014904	5.2666826801
54	2.8295593262	14.8681869115	4.2579730059
55	1.1337585449	4.8260342751	5.4002515363
56	0.1328735352	2.8614240390	2.5730385883
57	1.4332885742	5.2370799403	6.1536378893
58	2.5245666504	13.9460240661	4.8208253681
59	1.3541564941	4.9769689681	5.9914784327
60	0.5694580078	5.4689833682	3.7942708248
61	2.3286437988	12.8274397938	5.2536648536
62	3.2954711914	14.5649759880	3.6145674855
63	1.8475952148	8.4477848726	6.2555034711
64	3.2739257813	14.6296989598	3.6412110570
65	3.4323425293	13.9928372493	3.4449735856
66	3.6155700684	12.5949036454	3.1970462804
67	0.8505859375	5.2613147120	4.5592860525
68	2.1642761230	11.5469856040	5.6388123730
69	3.1076965332	14.9458024494	3.8528103813
70	3.6687927246	11.9702259903	3.1131098599
71	3.2448120117	14.7077675538	3.6773845199
72	3.2147521973	14.7776438096	3.7150253978
73	0.4745178223	5.3336016918	3.5499812259
74	2.6972656250	14.5815988795	4.4847716176
75	3.6860351563	11.7370221081	3.0839523172
76	3.6160583496	12.5897510370	3.1963117077
77	0.8504333496	5.2615697103	4.5588466665
78	1.9739990234	9.7384349655	6.0508231571
79	3.3579101563	14.3410284086	3.5375698642
80	2.5604553223	14.1039233726	4.7471944545
81	1.8174133301	8.1431957507	6.2914269116
82	1.4005432129	5.1142141526	6.0909823596
83	3.3510131836	14.3685947981	3.5460801984
84	0.6519165039	5.4827706038	4.0102241522
85	3.9130859375	5.8594283293	2.4985187773
86	3.7296447754	11.0642102795	3.0046441205
87	2.6666564941	14.4912835734	4.5409618420
88	0.9413757324	5.1018918289	4.8249631940
89	1.9471740723	9.4659208979	6.1005624159
90	3.4129333496	14.0931339148	3.4693111488
91	0.8457946777	5.2692866373	4.5455018597
92	0.5867614746	5.4789341826	3.8391716528
93	0.9429016113	5.0991712104	4.8294919081
94	2.0734863281	10.7185835300	5.8451712391
95	1.2230529785	4.8008890250	5.6570002750
96	2.1383056641	11.3178770297	5.6989544955
97	3.7033691406	11.4847954438	3.0534609460
98	0.6035766602	5.4848211647	3.8829939447
99	0.8054809570	5.3329665418	4.4305718997
100	1.4485168457	5.3017001251	6.1804444891
101	2.0031127930	10.0311034804	5.9937583537
102	3.8873596191	6.9666897039	2.5978198158
103	0.7764587402	5.3740989392	4.3490260867
104	1.2074584961	4.7980694655	5.6133528013
105	3.4042053223	14.1359479160	3.4802005853
106	2.1483459473	11.4072454848	5.6757813654
107	3.6247863770	12.4959727710	3.1830812303
108	3.1029052734	14.9505721357	3.8591509416
109	0.6980285645	5.4577579964	4.1336547577
110	2.9222717285	14.9725136702	4.1133536253
111	2.8984069824	14.9531050936	4.1495447219
112	2.6054077148	14.2821983399	4.6577588947
113	3.9713134766	2.4264106231	2.2026057163
114	1.6546325684	6.6297609138	6.3741236633
115	3.5833435059	12.9144126324	3.2443341756
116	1.3785400391	5.0438216337	6.0452688122
117	0.2979125977	4.5800777824	3.0843663021
118	2.9233703613	14.9732833031	4.1117039789
119	3.1076965332	14.9458024494	3.8528103813
120	2.3140869141	12.7265113586	5.2874589999
121	2.0549011230	10.5402960750	5.8856542195
122	2.2865600586	12.5288856640	5.3517306704
123	0.9704895020	5.0504372291	4.9116486230
124	1.1920166016	4.7985088174	5.5695579303
125	2.8641052246	14.9161841810	4.2027986095
126	2.7549743652	14.7269922881	4.3827016973
127	0.9954833984	5.0075609529	4.9864537250
128	3.9658813477	2.8190614512	2.2357954755
129	3.1585998535	14.8808924847	3.7864437080
130	3.8898620605	6.8671408757	2.5887824092
131	0.2102966309	3.8378956293	2.8290534690
132	3.6727294922	11.9184483621	3.1065486313
133	1.3739318848	5.0302973857	6.0353482103
134	1.5254821777	5.7012630390	6.2911332312
135	2.3500976563	12.9716554103	5.2041598973
136	1.9685058594	9.6828196755	6.0612425601
137	2.7646789551	14.7483101375	4.3660229556
138	0.1168823242	2.6100534992	2.5148933300
139	3.9866333008	1.2115206893	2.1006788825
140	1.2879943848	4.8517032921	5.8310049448
141	0.8457336426	5.2693877147	4.5453264323
142	2.7124938965	14.6230939879	4.4573507177
143	2.2821350098	12.4962937692	5.3620993441
144	0.6301269531	5.4870114946	3.9526252001
145	1.4588317871	5.3481862246	6.1977214224
146	3.5516967773	13.1924265506	3.2887928762
147	3.3681640625	14.2986616108	3.5249051660
148	0.9680175781	5.0547564637	4.9042675786
149	1.4638366699	5.3715327047	6.2058423089
150	3.2876586914	14.5891490213	3.6242190796
151	1.3495178223	4.9655524671	5.9808934785
152	3.2842407227	14.5994709108	3.6284448072
153	0.0552978516	1.4320082712	2.2670857719
154	0.8348999023	5.2871272437	4.5142554495
155	0.9332580566	5.1163884579	4.8009004735
156	0.2308959961	4.0420184665	2.8916534421
157	1.7036437988	7.0540452460	6.3704420794
158	1.8418884277	8.3898980512	6.2627309105
159	0.6824340820	5.4684970932	4.0916647852
160	2.4148254395	13.3740660372	5.0575100604
161	0.7218322754	5.4372800296	4.1982660744
162	0.7888183594	5.3571382301	4.3836302533
163	0.8951110840	5.1844234276	4.6885761584
164	3.3076477051	14.5256619221	3.5995408246
165	0.4565429688	5.2903390404	3.5038004738
166	1.7101745605	7.1130168979	6.3685148234
167	0.1082458496	2.4658774494	2.4825548178
168	2.7810974121	14.7823538522	4.3381167297
169	2.1047363281	11.0121379563	5.7755210993
170	1.5423889160	5.8051216149	6.3095499419
171	0.2266235352	4.0013359225	2.8788222858
172	2.2670898438	12.3837874296	5.3974107847
173	0.1549377441	3.1776953081	2.6499394090
174	0.0966186523	2.2618029494	2.4378923608
175	2.2767028809	12.4559743020	5.3748390870
176	1.5428161621	5.8078194162	6.3099866459
177	3.4537353516	13.8737111815	3.4179092611
178	3.6561889648	12.1304640270	3.1337590645
179	3.7855224609	9.9809022663	2.8875743341
180	1.1410217285	4.8205725500	5.4216459318
181	2.8972167969	14.9520024270	4.1513677850
182	3.1994934082	14.8091297807	3.7342751268
183	3.7846984863	9.9990998882	2.8894600221
184	2.3850708008	13.1951682878	5.1243668746
185	1.7471923828	7.4566385526	6.3513872100
186	0.2474365234	4.1917895287	2.9406375425
187	1.4392395020	5.2617640841	6.1642952331
188	2.0491333008	10.4844474849	5.8980546056
189	3.5728454590	13.0103138754	3.2592783741
190	2.3362121582	12.8789321838	5.2361574283
191	0.3014831543	4.6039846236	3.0942577626
192	0.6433410645	5.4850596463	3.9875037290
193	0.8168945313	5.3156252129	4.4629172553
194	0.1149597168	2.5784854957	2.5077534064
195	1.1900024414	4.7987939820	5.5638067352
196	2.3239135742	12.7949157693	5.2646294048
197	0.9872436523	5.0215156939	4.9617609682
198	0.0683593750	1.7133867597	2.3233130445
199	2.6935424805	14.5711082963	4.4915294785
200	3.4284667969	14.0134404906	3.4498483503
201	2.4732055664	13.6953257017	4.9295253264
202	0.8642883301	5.2381398629	4.5988485064
203	0.2998352051	4.5930051451	3.0896964128
204	1.6358642578	6.4766936040	6.3704191452
205	1.9869384766	9.8689751630	6.0258321275
206	0.3265991211	4.7601831753	3.1630014933
207	2.1496276855	11.4185829145	5.6728155446
208	0.7517089844	5.4052744397	4.2802830265
209	2.6299133301	14.3704613784	4.6103271574
210	2.0325927734	10.3230199210	5.9331450684
211	0.4154968262	5.1668442188	3.3978799471
212	1.1182861328	4.8393822748	5.3544691972
213	0.5843505859	5.4777894143	3.8329044593
214	0.5357666016	5.4374244684	3.7072969208
215	1.3057556152	4.8776003539	5.8759720562
216	0.6497497559	5.4834231875	4.0044768642
217	3.4294433594	14.0082766673	3.4486208123
218	2.2135620117	11.9626053907	5.5233728816
219	2.6934814453	14.5709351841	4.4916404397
220	2.4924011230	13.7924734089	4.8884537465
221	2.0829772949	10.8085958475	5.8242121129
222	2.7398681641	14.6920288305	4.4089391984
223	0.3702087402	4.9858675690	3.2795230305
224	0.3096313477	4.6569209184	3.1167148831
225	1.3676452637	5.0125196357	6.0216271768
226	1.1827087402	4.8002531241	5.5429101953
227	2.9250793457	14.9744588432	4.1091406950
228	2.1923217773	11.7866623369	5.5732669690
229	0.2023925781	3.7540316211	2.8045126528
230	1.7269897461	7.2672146284	6.3620302501
231	0.2485351563	4.2013159586	2.9438541596
232	1.1937561035	4.7983041399	5.5745179146
233	1.4189147949	5.1804552878	6.1269566522
234	1.0220642090	4.9641216984	5.0662580956
235	1.6613769531	6.6861022249	6.3747586373
236	2.4900207520	13.7806517157	4.8935184159
237	2.2030639648	11.8762566192	5.5480521106
238	3.1543884277	14.8872699729	3.7918700580
239	2.6685485840	14.4971364796	4.5374466075
240	1.1649780273	4.8064904935	5.4916853585
241	1.1611633301	4.8083114322	5.4805919892
242	2.2453002930	12.2162410195	5.4486630403
243	1.3381652832	4.9393347086	5.9545360830
244	3.6204833984	12.5426058729	3.1896278813
245	2.0115661621	10.1153156959	5.9766492588
246	1.6734924316	6.7890137084	6.3749789903
247	3.3053283691	14.5333062802	3.6024017890
248	3.6115112305	12.6373585090	3.2031301577
249	1.9008483887	8.9918367948	6.1790040013
250	2.9227905273	14.9728784663	4.1125744477
251	2.4010620117	13.2925970194	5.0883092036
252	1.9064025879	9.0487679297	6.1701436961
253	1.3454284668	4.9558278172	5.9714723137
254	3.0548095703	14.9861146277	3.9238114187
255	0.9062194824	5.1647016478	4.7211482113
256	2.5719299316	14.1514702242	4.7240676661
257	2.7978515625	14.8144913942	4.3100378175
258	1.8065490723	8.0346675121	6.3029278168
259	2.4303894043	13.4635445597	5.0229580776
260	1.8834838867	8.8139332994	6.2056721595
261	0.8382568359	5.2816746137	4.5238686880
262	0.3130493164	4.6784684995	3.1260891060
263	3.4158325195	14.0786038827	3.4656870568
264	2.8602294922	14.9113413380	4.2089102497
265	2.9906921387	14.9996033775	4.0132303660
266	0.4551086426	5.2866149447	3.5001118969
267	2.2662963867	12.3777816083	5.3992751825
268	2.4252929688	13.4345534144	5.0342390390
269	3.1646423340	14.8714171596	3.7786766866
270	3.8319702148	8.8182124975	2.7712454203
271	3.1010437012	14.9523644123	3.8616191506
272	0.1908264160	3.6254237193	2.7680314025
273	0.7213439941	5.4377469558	4.1969342733
274	1.3588256836	4.9888770840	6.0020220144
275	2.1336364746	11.2759831940	5.7096928661
276	3.8682861328	7.6754018025	2.6629042982
277	0.1651916504	3.3135931279	2.6845002638
278	3.4895935059	13.6520205077	3.3718036946
279	2.6759643555	14.5197313753	4.5237224866
280	1.3034973145	4.8740029915	5.8703258948
281	3.4602355957	13.8356366250	3.4096266078
282	1.0645751953	4.9014508218	5.1940057542
283	0.7670898438	5.3863570443	4.3229175117
284	1.1368408203	4.8236517354	5.4093388284
285	0.9714965820	5.0486809658	4.9146567101
286	3.7830200195	10.0359374777	2.8932844355
287	1.4270629883	5.2120350608	6.1422432117
288	2.0884094238	10.8597846728	5.8121365094
289	3.0314025879	14.9954599293	3.9560008605
290	3.3008728027	14.5477847052	3.6078994016
291	0.5360412598	5.4377503868	3.7080040190
292	3.8681335449	7.6807378231	2.6633997081
293	0.1312255859	2.8364162455	2.5671451907
294	1.9534301758	9.5296682581	6.0892249459
295	1.3379516602	4.9388646181	5.9540340815
296	1.7110595703	7.1210488801	6.3682280612
297	2.7373962402	14.6861001435	4.4132647645
298	2.1029357910	10.9954494415	5.7795813550
299	3.5696716309	13.0385696883	3.2637564367
300	3.5373535156	13.3080484404	3.3084069977
301	1.7330322266	7.3234140477	6.3591702210
302	2.1112670898	11.0724280896	5.7607507884
303	0.2146301270	3.8825386717	2.8423810938
304	1.7374877930	7.3651080799	6.3568838506
305	0.4842224121	5.3544150025	3.5748921274
306	3.9375915527	4.6009363379	2.3883303791
307	3.8819580078	7.1761571571	2.6169160501
308	1.5824890137	6.0736720819	6.3442623454
309	3.5315551758	13.3530820865	3.3162526120
310	3.3610534668	14.3282183653	3.5336892581
311	1.8102722168	8.0717828030	6.2990742896
312	1.2589721680	4.8208130068	5.7549522612
313	2.9064331055	14.9602067347	4.1372961105
314	1.8283081055	8.2526689254	6.2791216485
315	1.4965820313	5.5370142898	6.2546151292
316	0.5294189453	5.4295643816	3.6909620501
317	0.0725097656	1.7989228276	2.3407223956
318	1.9263916016	9.2535523201	6.1369969372
319	2.9503173828	14.9887467614	4.0716814007
320	1.0172729492	4.9717492625	5.0518611029
321	1.4921264648	5.5132030156	6.2484323468
322	0.4801940918	5.3459867167	3.5645528166
323	1.5720520020	6.0008329834	6.3364582349
324	2.1170043945	11.1250768700	5.7477214355
325	1.8175964355	8.1450305742	6.2912264335
326	1.2751464844	4.8363214827	5.7977112955
327	0.6575317383	5.4808498396	4.0251394994
328	2.5294799805	13.9684714399	4.8106298638
329	3.7078247070	11.4168611759	3.0454145768
330	2.4049987793	13.3161247347	5.0794769231
331	1.5265808105	5.7078392610	6.2923968885
332	3.4219055176	14.0476591564	3.4580833217
333	2.2695312500	12.4022214697	5.3916753740
334	0.2442626953	4.1639794642	2.9313200558
335	1.2769470215	4.8383113292	5.8024140913
336	1.2131347656	4.7987068469	5.6293110591
337	3.1236877441	14.9282360210	3.8317704354
338	2.0460815430	10.4548031177	5.9045823508
339	1.1632080078	4.8073148959	5.4865410415
340	1.9837036133	9.8364051292	6.0321373641
341	2.0970153809	10.9403758444	5.7928940499
342	2.1647644043	11.5512282949	5.6376757721
343	0.6007690430	5.4840888366	3.8756629559
344	3.5111083984	13.5044620673	3.3435721847
345	1.5382995605	5.7794815177	6.3052981575
346	0.9035034180	5.1695353239	4.7131732668
347	3.7946777344	9.7735257368	2.8662454996
348	1.9298706055	9.2891548105	6.1310336082
349	0.2598266602	4.2963069013	2.9766648593
350	2.9869384766	14.9992193230	4.0185911649
351	3.9935607910	0.6031339286	2.0500137053
352	2.0167236328	10.1665025726	5.9661003168
353	3.1037902832	14.9497081297	3.8579784534
354	2.6589355469	14.4670278733	4.5553637228
355	3.3685607910	14.2969886489	3.5244148104
356	0.1007690430	2.3360021664	2.4539886279
357	2.1337280273	11.2768066531	5.7094825568
358	3.4051513672	14.1313738937	3.4790217084
359	0.5171508789	5.4125570710	3.6594244542
360	1.5986633301	6.1905109619	6.3546256017
361	0.4508056641	5.2751954050	3.4890421085
362	0.3006896973	4.5987098175	3.0920623940
363	3.5921325684	12.8311427725	3.2316582555
364	2.1746520996	11.6366154458	5.6146211366
365	0.6354675293	5.4864572082	3.9667027947
366	3.9828491211	1.5275166986	2.1270881132
367	2.0555419922	10.5464867634	5.8842714235
368	3.5259704590	13.3955597048	3.3237665688
369	3.8135375977	9.3141753662	2.8199558988
370	0.2487182617	4.2028987220	2.9443898336
371	3.0574645996	14.9847294669	3.9201913238
372	0.7926940918	5.3516447012	4.3945192235
373	1.3478698730	4.9615953809	5.9771069218
374	3.2777404785	14.6186801753	3.6364872723
375	3.4400939941	13.9507436326	3.4351991903
376	0.5931091309	5.4815834630	3.8556911249
377	0.1546325684	3.1735469575	2.6488999193
378	2.4795837402	13.7280661974	4.9158205085
379	1.3664245605	5.0091572110	6.0189382169
380	1.6838684082	6.8788257181	6.3742324463
381	0.6447448730	5.4847390582	3.9912183765
382	0.9665832520	5.0572679560	4.8999863740
383	1.5744018555	6.0170549485	6.3382913978
384	1.2449951172	4.8107476627	5.7172992520
385	1.2902832031	4.8547353314	5.8368703296
386	3.6515502930	12.1873946351	3.1412282652
387	1.2556152344	4.8181182578	5.7459662644
388	0.7901306152	5.3552872843	4.3873150512
389	3.8158874512	9.2536737453	2.8139479429
390	3.9703369141	2.4983680042	2.2086782751
391	3.5593261719	13.1283781361	3.2782315121
392	3.7018127441	11.5082178360	3.0562508016
393	1.0151977539	4.9750827675	5.0456266824
394	1.2295227051	4.8030630132	5.6749217381
395	1.7213745117	7.2153553520	6.3644380360
396	2.3913269043	13.2336401314	5.1102264027
397	2.1921691895	11.7853807595	5.5736247889
398	1.5790405273	6.0493809073	6.3417803849
399	0.8179931641	5.3139248920	4.4660388582
400	3.0841979980	14.9670446343	3.8840767633
401	0.2276000977	4.0107091581	2.8817618820
402	0.6099548340	5.4861208870	3.8996700694
403	1.1448364258	4.8179191331	5.4328548983
404	1.2301330566	4.8032992592	5.6766065013
405	0.2704467773	4.3809469217	3.0071326780
406	3.5769042969	12.9736848293	3.2535250018
407	3.2207946777	14.7644441720	3.7074307642
408	3.5382080078	13.3013303523	3.3072468730
409	3.0542602539	14.9863929003	3.9245611788
410	1.2460021973	4.8113722015	5.7200328516
411	3.4169311523	14.0730570208	3.4643127537
412	2.6371154785	14.3952251906	4.5965651225
413	0.8385925293	5.2811271139	4.5248307254
414	1.3673095703	5.0115920730	6.0208885070
415	2.2103881836	11.9366269707	5.5308371727
416	2.3602600098	13.0380817555	5.1808505165
417	3.9754028320	2.1183008012	2.1766515243
418	2.7725219727	14.7648888452	4.3526437382
419	3.0632934570	14.9814544513	3.9122653469
420	2.6558227539	14.4570793667	4.5611961546
421	0.1004638672	2.3305982942	2.4528109977
422	2.0977172852	10.9469210518	5.7913188480
423	3.9266967773	5.1884775441	2.4394707307
424	3.1221313477	14.9300578375	3.8338101528
425	2.9497985840	14.9885110279	4.0724440944
426	3.1308898926	14.9194882056	3.8223537136
427	3.3693847656	14.2935059112	3.5233962861
428	1.1676025391	4.8053340862	5.4993033624
429	1.8009948730	7.9794571358	6.3085042925
430	1.7847595215	7.8192578454	6.3236008433
431	1.3319091797	4.9259202619	5.9397444462
432	2.7960205078	14.8111064110	4.3130871939
433	0.5397338867	5.4420191796	3.7175131588
434	2.6942443848	14.5730964524	4.4902538347
435	3.5053710938	13.5449473527	3.3511486684
436	1.0167236328	4.9726299406	5.0502107364
437	3.3511047363	14.3682336974	3.5459672639
438	0.4392395020	5.2426276141	3.4592517358
439	3.3354492188	14.4281321264	3.5652697691
440	0.8795776367	5.2117225043	4.6432335169
441	2.0360107422	10.3565265591	5.9259534495
442	3.3922424316	14.1924181623	3.4950803471
443	1.6512451172	6.6017249540	6.3736660807
444	2.1353454590	11.2913411963	5.7057654443
445	1.9526977539	9.5222104394	6.0905607788
446	0.1910400391	3.6278643988	2.7687116108
447	0.9190979004	5.1417139638	4.7590544559
448	2.5207214355	13.9282713184	4.8288296373
449	2.5829772949	14.1959187173	4.7019940668
450	0.8362731934	5.2849015789	4.5181865680
451	2.1217041016	11.1679798946	5.7370131401
452	2.6685180664	14.4970423620	4.5375032609
453	2.7237548828	14.6523272348	4.4372994534
454	2.4142150879	13.3704998797	5.0588711007
455	3.2618103027	14.6634671669	3.6562362639
456	1.6428222656	6.5327894246	6.3721256122
457	0.3034362793	4.6168773334	3.0996551880
458	0.4443359375	5.2573183864	3.4723853194
459	2.4912414551	13.7867220627	4.8909201334
460	2.0991821289	10.9605669264	5.7880287477
461	0.8232421875	5.3057295177	4.4809728187
462	3.8519592285	8.2193375586	2.7138757146
463	3.8648071289	7.7958342568	2.6741068409
464	3.0696716309	14.9775009919	3.9036259228
465	1.4237365723	5.1989789065	6.1360532937
466	3.5660400391	13.0704914108	3.2688585299
467	2.7191467285	14.6405130948	4.4454816002
468	2.3731689453	13.1207135309	5.1513840085
469	3.5761108398	12.9808894309	3.2546521063
470	0.7416381836	5.4167933501	4.2525199488
471	3.6766662598	11.8658175209	3.0999318222
472	3.6504211426	12.2010917009	3.1430362349
473	2.3987426758	13.2786511913	5.0935210954
474	3.6077270508	12.6763435617	3.2087672209
475	0.2744445801	4.4116691776	3.0185094829
476	0.0242004395	0.6794573228	2.1233205596
477	2.5984191895	14.2558835213	4.6714570659
478	2.9396972656	14.9834359895	4.0873549365
479	3.2181091309	14.7703624348	3.7108042686
480	0.3845825195	5.0488078342	3.3173208740
481	1.0368347168	4.9412623147	5.1106559614
482	3.1572570801	14.8829460262	3.7881726776
483	0.2608642578	4.3047738252	2.9796578505
484	1.2989196777	4.8669854063	5.8588161618
485	0.9221191406	5.1363110472	4.7679685672
486	1.0467834473	4.9264807512	5.1405608929
487	3.7072448730	11.4257767171	3.0464667812
488	2.5471191406	14.0468827779	4.7743271378
489	2.6249389648	14.3530468879	4.6198795077
490	0.1092224121	2.4824891499	2.4862461749
491	0.5420532227	5.4445935556	3.7234884137
492	1.2817687988	4.8439049125	5.8149493418
493	3.1202392578	14.9322398887	3.8362921138
494	0.5326232910	5.4336110266	3.6992063922
495	2.1843261719	11.7191737404	5.5920014380
496	2.8133239746	14.8418528972	4.2844580796
497	2.0534362793	10.5261348018	5.8888111959
498	1.7898254395	7.8690450615	6.3190850389
499	1.8662719727	8.6379586683	6.2304919461
500	2.0202026367	10.2009452747	5.9589386400
501	3.4318542480	13.9954490673	3.4455881710
502	2.8611145020	14.9124592197	4.2075129570
503	3.6369934082	12.3593000018	3.1642434888
504	1.3839416504	5.0602086893	6.0567473611
505	2.9412536621	14.9842780706	4.0850499219
506	2.0819091797	10.7985021013	5.8265798549
507	3.9916076660	0.7787400785	2.0646145209
508	0.6494445801	5.4835110986	4.0036677452
509	3.8870239258	6.9799211062	2.5990228203
510	1.6153259277	6.3157634999	6.3630888247
511	1.1250305176	4.8332850801	5.3744579608
512	0.1100769043	2.4969589105	2.4894687402
513	0.7608337402	5.3942380744	4.3055420242
514	1.5499267578	5.8532433563	6.3170451838
515	3.8109130859	9.3808572674	2.8266003180
516	2.5177307129	13.9143509097	4.8350704053
517	2.4318237305	13.4716496533	5.0197891079
518	2.6224060059	14.3440815277	4.6247584159
519	0.9055786133	5.1658427575	4.7192658569
520	0.6181945801	5.4870661009	3.9212603768
521	0.9631652832	5.0632674757	4.8897893030
522	1.5650634766	5.9532040784	6.3307459754
523	3.4768676758	13.7340213003	3.3882883955
524	2.3110961914	12.7054681816	5.2944202083
525	2.0533447266	10.5252492101	5.8890083351
526	2.0786743164	10.7678759867	5.8337369980
527	0.5580444336	5.4601503859	3.7647473781
528	3.4352111816	13.9773981906	3.4413602549
529	3.1026611328	14.9508091274	3.8594744911
530	2.4300231934	13.4614713688	5.0237675942
531	0.5267639160	5.4260885711	3.6841333711
532	0.1784973145	3.4802347295	2.7283421849
533	3.9046630859	6.2434150989	2.5326687838
534	2.6745910645	14.5155885051	4.5262575854
535	0.1090087891	2.4788621746	2.4854394603
536	0.1133728027	2.5522038441	2.5018349309
537	3.9623718262	3.0631977669	2.2565003896
538	2.5042419434	13.8503365068	4.8633818826
539	2.0078125000	10.0779688607	5.9842746761
540	3.8567810059	8.0641891207	2.6992359324
541	0.4299011230	5.2142861508	3.4351533345
542	3.7197875977	11.2277610379	3.0233538436
543	0.1574096680	3.2110729637	2.6583356653
544	2.3553771973	13.0063165279	5.1920382872
545	3.6787719727	11.8373094522	3.0963692591
546	1.3287658691	4.9194544258	5.9322429292
547	3.6019287109	12.7349852694	3.2173409133
548	1.7956848145	7.9268599814	6.3136407990
549	0.4892578125	5.3645352832	3.5878151161
550	2.2679748535	12.3904776916	5.3953314861
551	0.9994201660	5.0009669488	4.9982605544
552	1.1392517090	4.8218545108	5.4164383843
553	2.8668823242	14.9195702739	4.1984313856
554	1.7512817383	7.4954916836	6.3488606945
555	3.7507629395	10.6881030562	2.9627668615
556	2.2828369141	12.5014786667	5.3604540846
557	1.4838256836	5.4699274054	6.2365282756
558	3.2420654297	14.7145954880	3.6808100865
559	3.7534790039	10.6369991398	2.9571885168
560	2.8434753418	14.8888325458	4.2355564671
561	1.7452697754	7.4384289641	6.3525321126
562	2.0510864258	10.5033856611	5.8938646498
563	3.7807617188	10.0850159453	2.8983948765
564	0.5687561035	5.4684932183	3.7924531955
565	0.4808044434	5.3472828714	3.5661194568
566	1.5590515137	5.9129742106	6.3255211977
567	1.4852905273	5.4774614979	6.2386652179
568	3.3718872070	14.2828612340	3.5203021914
569	3.2609252930	14.6658615406	3.6573352816
570	1.0641784668	4.9019877758	5.1928148563
571	1.0281677246	4.9545511809	5.0846025471
572	0.9918518066	5.0136867783	4.9755672434
573	2.3383789063	12.8935501590	5.2311536728
574	3.2550964355	14.6813885373	3.6645790484
575	3.3328247070	14.4378150861	3.5685045039
576	3.2786865234	14.6159185302	3.6353162506
577	3.2144775391	14.7782338529	3.7153709752
578	0.3081970215	4.6477638012	3.1127731076
579	2.9639282227	14.9940605493	4.0517791408
580	2.1034240723	10.9999779563	5.7784807908
581	3.8307189941	8.8534904752	2.7746715608
582	3.6105041504	12.6477893569	3.2046336155
583	1.6313171387	6.4404588653	6.3690915938
584	0.8934936523	5.1872831075	4.6838435094
585	1.3849792480	5.0634227436	6.0589334958
586	3.1073303223	14.9461749984	3.8532944024
587	2.3188171387	12.7595801648	5.2764611647
588	0.7926940918	5.3516447012	4.3945192235
589	1.7730712891	7.7051379762	6.3333334404
590	2.2747497559	12.4413940298	5.3794224805
591	2.0382690430	10.3786232118	5.9211844348
592	0.4463806152	5.2630608685	3.4776512928
593	2.6550598145	14.4546261041	4.5626279667
594	3.7174987793	11.2647178334	3.0276278658
595	3.2083129883	14.7912512466	3.7231359324
596	3.4116821289	14.0993568602	3.4708741189
597	1.1466674805	4.8166992300	5.4382281223
598	2.3913879395	13.2340132133	5.1100886589
599	2.6584472656	14.4654737772	4.5562776199
600	3.1926879883	14.8223326911	3.7428957317
601	0.1357727051	2.9049358356	2.5833538844
602	2.4512023926	13.5788335173	4.9772347648
603	1.2577209473	4.8197878662	5.7516072729
604	3.9004211426	6.4285457976	2.5492367819
605	3.2237243652	14.7578929447	3.7037539422
606	1.7231750488	7.2319449965	6.3636923112
607	2.1688537598	11.5866649463	5.6281494951
608	2.5382080078	14.0076943827	4.7926080900
609	3.2918090820	14.5764081655	3.6190904959
610	0.8026733398	5.3371381057	4.4226390455
611	2.7270507813	14.6606512476	4.4314668991
612	2.9117431641	14.9645852380	4.1292355684
613	2.6925354004	14.5682472566	4.4933610666
614	3.7769470215	10.1666780863	2.9069376261
615	3.9438476563	4.2408588407	2.3572181884
616	2.1641540527	11.5459245507	5.6390964936
617	0.0662841797	1.6699340251	2.3145278337
618	3.5726623535	13.0119531797	3.2595372155
619	2.6361389160	14.3918984898	4.5984264235
620	0.9363708496	5.1108257744	4.8101214558
621	1.7823791504	7.7959300098	6.3256609630
622	0.9287109375	5.1245197002	4.7874446053
623	2.1799621582	11.6820528804	5.6022122955
624	0.1520996094	3.1388789583	2.6402471329
625	0.0058593750	0.1729322101	2.0308968796
626	3.9936523438	0.5948211662	2.0493229902
627	3.8895263672	6.8805894135	2.5900019260
628	0.4280090332	5.2083154378	3.4302647967
629	2.3885498047	13.2166188569	5.1164981003
630	1.5486145020	5.8447860898	6.3157723301
631	3.0209960938	14.9979736287	3.9704754248
632	1.1089782715	4.8484738503	5.3268094365
633	1.3857116699	5.0657043752	6.0604729774
634	1.8547363281	8.5203781999	6.2461829703
635	1.4015502930	5.1176681999	6.0930072570
636	0.9281616211	5.1255022633	4.7858202103
637	1.1973266602	4.7980059232	5.5846783438
638	2.1259765625	11.2068050386	5.7272520749
639	1.6831054688	6.8721706749	6.3743166050
640	3.2921752930	14.5752730010	3.6186381052
641	3.3345336914	14.4315214281	3.5663981834
642	3.6266479492	12.4755530210	3.1802342169
643	2.2213439941	12.0258332908	5.5050623365
644	0.1912536621	3.6303025761	2.7693915717
645	1.8110656738	8.0797032403	6.2982411560
646	1.3941955566	5.0929131204	6.0780814612
647	0.5796203613	5.4753184594	3.8206188970
648	2.7344055176	14.6788488860	4.4185103209
649	3.9595642090	3.2533739590	2.2726676379
650	1.5867614746	6.1040718106	6.3472047767
651	2.6577758789	14.4633329756	4.5575348324
652	3.3096008301	14.5191670108	3.5971319701
653	1.8731079102	8.7077857581	6.2208325248
654	0.4558410645	5.2885217317	3.5019955058
655	1.4461364746	5.2912842293	6.1763555321
656	2.3688354492	13.0931922013	5.1612574060
657	2.4714965820	13.6864749274	4.9332070925
658	1.9440612793	9.4341668007	6.1061413249
659	3.4044189453	14.1349164765	3.4799344168
660	3.8384094238	8.6326961669	2.7533179531
661	3.1927795410	14.8221584709	3.7427796082
662	2.9076538086	14.9612358345	4.1354400893
663	1.4656066895	5.3799131154	6.2086728680
664	2.1539916992	11.4570617139	5.6627056700
665	2.3095703125	12.6946915540	5.2979740803
666	3.9642639160	2.9324795594	2.2454075516
667	1.6647644043	6.7146585003	6.3749391447
668	0.9207763672	5.1387125836	4.7640057620
669	0.8704833984	5.2274993260	4.6168027980
670	1.9654541016	9.6518760694	6.0669805041
671	1.3931274414	5.0894083582	6.0758874308
672	2.1987609863	11.8405173084	5.5581577957
673	3.2665405273	14.6505035436	3.6503656908
674	0.0946044922	2.2252385671	2.4300174582
675	2.2768859863	12.4573389432	5.3744094672
676	0.4126892090	5.1570551130	3.3905980175
677	0.4226074219	5.1908389484	3.4162967747
678	2.5892639160	14.2206346954	4.6895172899
679	2.6811523438	14.5352129805	4.5141716779
680	3.8874511719	6.9630761401	2.5974913436
681	2.6137084961	14.3127923393	4.6415874676
682	2.0890502930	10.8658076686	5.8107081898
683	2.8388061523	14.8821030509	4.2430487927
684	0.0080566406	0.2363409688	2.0423049286
685	1.9065246582	9.0500191535	6.1699472138
686	2.6081848145	14.2925136739	4.6523366440
687	1.6044006348	6.2330874036	6.3577937449
688	3.0048217773	14.9998933723	3.9931808918
689	1.2258300781	4.8017486078	5.6647069452
690	1.1331481934	4.8265172417	5.3984506892
691	3.8331298828	8.7852952184	2.7680535462
692	0.3635864258	4.9550434049	3.2620198884
693	0.0457153320	1.2131281462	2.2243535360
694	1.8454895020	8.4264118121	6.2581933278
695	3.3847656250	14.2264496035	3.5043572025
696	1.8608703613	8.5828574159	6.2379357304
697	0.7061767578	5.4512852656	4.1557002039
698	3.9691772461	2.5830272655	2.2158283074
699	2.7523803711	14.7211429485	4.3871832034
700	2.2239990234	12.0472519058	5.4988130533
701	2.3545227051	13.0007288352	5.1939984366
702	2.2435913086	12.2028715661	5.4526860957
703	1.3164978027	4.8959512235	5.9025324904
704	0.4161682129	5.1691584996	3.3996204066
705	0.5116577148	5.4041462371	3.6453142515
706	0.0209655762	0.5937647520	2.1074668703
707	3.2237854004	14.7577554038	3.7036773785
708	2.5467834473	14.0454221482	4.7750136165
709	0.2634887695	4.3259974152	2.9872123832
710	1.9890747070	9.8904585404	6.0216478001
711	0.8910827637	5.1915390189	4.6767939941
712	0.4065246582	5.1349251715	3.3745877613
713	2.0775146484	10.7568762819	5.8362976658
714	1.5189819336	5.6628487608	6.2834680525
715	3.1343078613	14.9151531791	3.8178971988
716	2.6274414063	14.3618393491	4.6150692077
717	2.2440185547	12.2062170284	5.4516803069
718	2.6376037598	14.3968848881	4.5956350292
719	1.9222717285	9.2113717029	6.1439857756
720	2.4682006836	13.6693120622	4.9403190950
721	0.9426269531	5.0996607976	4.8286766108
722	0.6253967285	5.4872310891	3.9401771869
723	0.7557067871	5.4005074930	4.2913374686
724	3.2242736816	14.7566535204	3.7030649225
725	2.9336242676	14.9799408541	4.0963756635
726	3.2390136719	14.7220759437	3.6846192593
727	1.6710815430	6.7683643336	6.3750291307
728	3.2628784180	14.6605643917	3.6549101417
729	2.8743896484	14.9283733146	4.1866752246
730	1.5589904785	5.9125693355	6.3254666854
731	2.8695373535	14.9227420189	4.1942654407
732	2.6834716797	14.5420477671	4.5099153059
733	1.2608032227	4.8223578349	5.7598379836
734	1.4623107910	5.3643601000	6.2033847426
735	1.9707946777	9.7060060377	6.0569152594
736	0.6026000977	5.4845776398	3.8804433740
737	1.9936523438	9.9364246347	6.0126274038
738	1.7201843262	7.2044098500	6.3649172879
739	3.8920898438	6.7771388498	2.5806319820
740	3.0642089844	14.9809107630	3.9110231003
741	0.5700378418	5.4693830967	3.7957725529
742	1.7205810547	7.2080565264	6.3647587487
743	2.3519592285	12.9839143174	5.1998829084
744	2.5747680664	14.1630132742	4.7183788007
745	2.8998107910	14.9543892153	4.1473966843
746	2.8160095215	14.8463765052	4.2800521019
747	0.9993896484	5.0010178717	4.9981690077
748	0.2634582520	4.3257522089	2.9871246702
749	3.7469177246	10.7593481527	2.9705861523
750	0.2960815430	4.5676470603	3.0792813373
751	1.1673889160	4.8054252483	5.4986837346
752	3.6672363281	11.9904648851	3.1156888294
753	3.7958068848	9.7472730400	2.8635656522
754	1.9852294922	9.8517739865	6.0291678830
755	1.2522583008	4.8155999959	5.7369435398
756	1.1411132813	4.8205071118	5.4219151757
757	0.3428955078	4.8509395716	3.2069151520
758	3.4652404785	13.8057018168	3.4032283895
759	0.7171630859	5.4416669465	4.1855418942
760	2.8932189941	14.9482048299	4.1575042200
761	0.6130065918	5.4865664145	3.9076601844
762	1.9231262207	9.2201218622	6.1425428016
763	3.7213134766	11.2029133471	3.0204900570
764	0.6449584961	5.4846883998	3.9917838090
765	0.7006225586	5.4557599267	4.1406650073
766	3.6235656738	12.5092819879	3.1849432465
767	2.3736267090	13.1236078576	5.1503421573
768	2.9162902832	14.9681322194	4.1223601635
769	2.1364135742	11.3009257150	5.7033090560
770	1.0067138672	4.9888877058	5.0201486816
771	0.6118774414	5.4864147498	3.9047029895
772	2.9356689453	14.9811548220	4.0933337806
773	0.0786132813	1.9214765358	2.3659454356
774	1.4107360840	5.1501197854	6.1111957780
775	1.7063903809	7.0787817930	6.3696721418
776	3.1754455566	14.8535125519	3.7648429733
777	2.1294555664	11.2382934525	5.7192861039
778	2.4196166992	13.4019102457	5.0468416068
779	1.3890686035	5.0762985486	6.0674898412
780	3.5118408203	13.4992325332	3.3426023020
781	0.7764892578	5.3740581452	4.3491113030
782	1.8356018066	8.3262743470	6.2704615003
783	2.6073303223	14.2893482882	4.6540037485
784	2.0101318359	10.1010539940	5.9795682930
785	2.4591064453	13.6213149988	4.9600205027
786	0.2770996094	4.4317361825	3.0260383113
787	2.9028015137	14.9570655563	4.1428284971
788	1.3348693848	4.9321767630	5.9467665928
789	3.2598571777	14.6687383149	3.6586619646
790	2.4010925293	13.2927800992	5.0882406673
791	2.4155578613	13.3783397188	5.0558774065
792	0.7850341797	5.3624229315	4.3730159046
793	2.2208557129	12.0218857247	5.5062115300
794	0.7510375977	5.4060643478	4.2784284184
795	0.5127258301	5.4058208938	3.6480574619
796	1.9541625977	9.5371246093	6.0878868764
797	3.2853088379	14.5962617916	3.6271240445
798	3.2293395996	14.7450576722	3.6967162155
799	2.0425415039	10.4203352041	5.9121248611
800	2.0154113770	10.1534929180	5.9687921325
801	3.8637390137	7.8323000716	2.6775077920
802	3.1950378418	14.8178317767	3.7399165451
803	2.2132263184	11.9598629002	5.5241624847
804	3.6318969727	12.4171635235	3.1721572618
805	0.0255126953	0.7137943224	2.1296998422
806	2.1865234375	11.7377878822	5.5868562818
807	0.0969238281	2.2673110809	2.4390818771
808	2.4917602539	13.7892968977	4.8898165109
809	3.3152160645	14.5001987051	3.5902081525
810	3.2692260742	14.6430182926	3.6470352340
811	2.7584838867	14.7348044870	4.3766541905
812	1.4682617188	5.3926049277	6.2128778289
813	2.1941223145	11.8017661346	5.5690439027
814	0.0080871582	0.2372162192	2.0424627034
815	3.0096130371	14.9995759097	3.9864280347
816	3.4050292969	14.1319649934	3.4791738405
817	1.1063842773	4.8511426404	5.3190871203
818	1.0654602051	4.9002566549	5.1966621946
819	3.7874755859	9.9374648633	2.8830826054
820	3.5262145996	13.3937208791	3.3234389393
821	1.1707763672	4.8040420655	5.5084998638
822	2.4235534668	13.4245894978	5.0380968730
823	1.1588745117	4.8094826779	5.4739245218
824	0.4715881348	5.3269734264	3.5424587632
825	0.4967956543	5.3788379347	3.6071602738
826	1.2322082520	4.8041430595	5.6823268826
827	2.9489135742	14.9881032735	4.0737458596
828	0.9567260742	5.0746209892	4.8705985077
829	3.1261901855	14.9252558014	3.8284944495
830	1.2815246582	4.8436123763	5.8143167215
831	3.9951171875	0.4608110009	2.0381934906
832	1.0581665039	4.9102464937	5.1747626639
833	1.5994567871	6.1963643046	6.3550796281
834	0.0995483398	2.3143374766	2.4492725079
835	3.0262451172	14.9968312973	3.9631615823
836	2.1235656738	11.1849174825	5.7327631083
837	1.1470642090	4.8164395563	5.4393917022
838	2.6748657227	14.5164185814	4.5257503329
839	3.1661071777	14.8690621184	3.7767970124
840	3.3068542480	14.5282854301	3.6005195184
841	3.5059814453	13.5406805170	3.3503443965
842	3.8042907715	9.5450525202	2.8430669274
843	0.0627136230	1.5940796253	2.2992834820
844	1.7284240723	7.2805183742	6.3613765266
845	3.3611145020	14.3279680844	3.5336138925
846	1.0655212402	4.9001744852	5.1968453882
847	0.6418762207	5.4853713069	3.9836295139
848	3.2601928711	14.6678357148	3.6582449736
849	1.4114990234	5.1528920292	6.1126834380
850	0.4147644043	5.1643078701	3.3959808846
851	1.4863586426	5.4829828969	6.2402136500
852	0.9358825684	5.1116980885	4.8086745207
853	0.0620422363	1.5796603625	2.2963985756
854	1.4095153809	5.1457087819	6.1088081258
855	0.8396301270	5.2794323143	4.5278051135
856	2.9860534668	14.9991100383	4.0198572312
857	3.7395935059	10.8915779736	2.9852350697
858	0.0560302734	1.4482932431	2.2702988189
859	0.2349243164	4.0796119416	2.9036823340
860	1.4984130859	5.5469174418	6.2571137619
861	3.8346252441	8.7425326660	2.7639141220
862	1.2821350098	4.8443455879	5.8158978533
863	1.7489318848	7.4731455673	6.3503276551
864	2.7027587891	14.5968283957	4.4748396408
865	3.2673950195	14.6481317515	3.6493058078
866	2.0347595215	10.3442694852	5.9285898045
867	1.8809509277	8.7880059969	6.2094277099
868	0.8813781738	5.2085790541	4.6484767308
869	2.6795959473	14.5305965697	4.5170325678
870	0.0027160645	0.0808651100	2.0144091764
871	2.0566101074	10.5567979571	5.8819645896
872	2.9039916992	14.9581081459	4.1410135902
873	0.2505798340	4.2189098256	2.9498289509
874	2.9642639160	14.9941703920	4.0512908639
875	2.7567749023	14.7310148714	4.3795968098
876	3.3880310059	14.2117044305	3.5003076524
877	1.1387939453	4.8221912395	5.4150909405
878	1.7597961426	7.5769017430	6.3432045079
879	1.2716674805	4.8326277918	5.7885913651
880	1.4837951660	5.4697709140	6.2364835917
881	1.5482482910	5.8424319112	6.3154147041
882	2.8894958496	14.9445381335	4.1632369099
883	3.0794677734	14.9706721198	3.8904234661
884	3.2845153809	14.5986471356	3.6281051627
885	3.4199523926	14.0576868261	3.4605306044
886	2.7359924316	14.6827071738	4.4157253053
887	0.8504638672	5.2615187164	4.5589345416
888	3.8616638184	7.9024774546	2.6840647833
889	2.7481384277	14.7114397438	4.3945331095
890	1.4120178223	5.1547839105	6.1136930111
891	2.0758361816	10.7409366196	5.8399990520
892	0.9248962402	5.1313434870	4.7761692774
893	3.5218811035	13.4261169484	3.3292430984
894	0.2330932617	4.0626150962	2.8982228404
895	2.3215942383	12.7788726420	5.2700116101
896	1.1074218750	4.8500682052	5.3221767320
897	1.2914123535	4.8562640515	5.8397563938
898	3.8151245117	9.2734006794	2.8159047471
899	3.1074829102	14.9460199305	3.8530927147
900	0.8760375977	5.2178844248	4.6329346812
901	3.3594665527	14.3347050188	3.5356485724
902	0.7970581055	5.3453637031	4.4068015986
903	1.4109191895	5.1507840456	6.1115531411
904	0.0663452148	1.6712186449	2.3147869999
905	1.5977783203	6.1839955096	6.3541131786
906	2.1886291504	11.7555784062	5.5819231322
907	0.7958068848	5.3471747082	4.4032777443
908	0.0428161621	1.1447149641	2.2111622867
909	0.8884887695	5.1961087092	4.6692155592
910	3.3429260254	14.3999866071	3.5560531733
911	3.1665649414	14.8683215099	3.7762098701
912	1.4840393066	5.4710233809	6.2368408755
913	1.1904907227	4.7987201238	5.5652017513
914	2.5540771484	14.0768827621	4.7601370107
915	1.1469421387	4.8165192793	5.4390337012
916	0.7928771973	5.3513831738	4.3950341090
917	2.2308349609	12.1020377113	5.4827198340
918	1.2799072266	4.8416994839	5.8101199915
919	3.0839233398	14.9672611641	3.8844447848
920	2.1315612793	11.2572966598	5.7144571588
921	1.8212280273	8.1814580496	6.2872053014
922	1.9896240234	9.8959795373	6.0205692214
923	0.6767272949	5.4718635121	4.0763632955
924	2.0818786621	10.7982135719	5.8266474719
925	3.7993774414	9.6632473655	2.8550176898
926	1.6363830566	6.4808492226	6.3705599392
927	0.2306518555	4.0397163716	2.8909222843
928	2.9303283691	14.9779044990	4.1012892136
929	3.5953063965	12.8003824077	3.2270420349
930	2.7550354004	14.7271291504	4.3825963691
931	1.5359191895	5.7647086096	6.3027634268
932	2.5782775879	14.1771682880	4.7113614052
933	0.4229736328	5.1920441247	3.4172443459
934	2.1848144531	11.7233146310	5.5908582949
935	1.3716735840	5.0238221087	6.0304439407
936	0.0771179199	1.8918007340	2.3598066585
937	3.0964660645	14.9566272011	3.8676998010
938	1.4168090820	5.1725147878	6.1229383972
939	2.6348571777	14.3875174027	4.6008716363
940	2.7884216309	14.7967252253	4.3257927394
941	2.4715576172	13.6867915964	4.9330755308
942	3.5668334961	13.0635538967	3.2677457491
943	1.0941772461	4.8644558628	5.2826754515
944	0.1691589355	3.3643994881	2.6976873964
945	2.5119934082	13.8873696749	4.8470796194
946	0.9729614258	5.0461300757	4.9190331163
947	3.7688293457	10.3354351091	2.9247546003
948	3.1816406250	14.8426813903	3.7569394128
949	2.9810180664	14.9983523320	4.0270763462
950	3.4182434082	14.0664020895	3.4626705147
951	3.9325866699	4.8768184468	2.4122827642
952	3.3290100098	14.4517090640	3.5732059643
953	1.7577209473	7.5569973131	6.3446320904
954	2.9782409668	14.9978356163	4.0310692470
955	2.7427062988	14.6987637455	4.4039839969
956	1.3150634766	4.8933816084	5.8990149462
957	0.7783508301	5.3715593315	4.3543116175
958	0.4938964844	5.3734559030	3.5997196708
959	2.4936828613	13.7988126194	4.8857299903
960	2.3296813965	12.8345389951	5.2512619895
961	2.6029052734	14.2728342699	4.6626551733
962	0.6690063477	5.4759186787	4.0557150125
963	0.4962768555	5.3778856808	3.6058287711
964	3.9587402344	3.3083458823	2.2773474291
965	2.6064453125	14.2860618305	4.6557315923
966	3.7929382324	9.8136732906	2.8703523214
967	1.5814208984	6.0661247212	6.3435038046
968	2.7195129395	14.6414594818	4.4448301940
969	0.7954406738	5.3477032237	4.4022467272
970	2.0882568359	10.8583501210	5.8124764730
971	0.2290344238	4.0243959803	2.8860721195
972	3.2206420898	14.7647826634	3.7076223609
973	1.2492980957	4.8135244826	5.7289572193
974	1.6834716797	6.8753640945	6.3742767873
975	3.3220214844	14.4766155100	3.5818192002
976	0.9472961426	5.0913461149	4.8425442289
977	2.1866455078	11.7388205020	5.5865703644
978	1.2106323242	4.7983717536	5.6222854157
979	2.5252075195	13.9489670307	4.8194934697
980	1.6715393066	6.7722786570	6.3750231956
981	1.6568603516	6.6482950179	6.3743740290
982	3.0278930664	14.9964199691	3.9608708034
983	3.2890625000	14.5848651300	3.6224840976
984	2.4871826172	13.7664734833	4.8995676705
985	1.8563842773	8.5371531395	6.2439890082
986	2.0673828125	10.6603216924	5.8585509455
987	1.4788208008	5.4445188002	6.2291108158
988	0.4701843262	5.3237398380	3.5388537626
989	1.0701599121	4.8940010435	5.2107643900
990	1.3076477051	4.8806836259	5.8806861433
991	0.6282653809	5.4871285875	3.9477240099
992	0.9636840820	5.0623555512	4.8913366164
993	0.2380676270	4.1084395025	2.9130231834
994	3.8714599609	7.5632691458	2.6525133492
995	2.8186950684	14.8508335855	4.2756560718
996	1.4881896973	5.4925026501	6.2428489165
997	0.1462097168	3.0566073944	2.6199507051
998	2.7483825684	14.7120028459	4.3941093742
999	1.1827392578	4.8002456430	5.5429978521
1000	3.2767639160	14.6215187975	3.6376962644
