0	0.6693725586	3.4997734715	11.4964323061
1	0.8031311035	-1.8873547889	8.3373969561
2	0.3577270508	11.6849554489	4.7114287710
3	0.0711364746	3.0730885729	-2.9722701791
4	0.0877990723	3.8219710502	-3.2208737911
5	0.4807128906	10.4788678319	9.4517525931
6	0.1147155762	5.0198004340	-3.3274873169
7	0.8920288086	-3.3327212969	4.7222403332
8	0.2515258789	10.0404724178	0.0611892410
9	0.2637023926	10.3476063820	0.5597969969
10	0.8998718262	-3.3125702856	4.3737145716
11	0.1806640625	7.7428300370	-2.3413430463
12	0.0517578125	2.2060660616	-2.4871077045
13	0.1184387207	5.1830535390	-3.3159738682
14	0.9179687500	-3.1515605748	3.5628788173
15	0.3501586914	11.6488943014	4.3750751035
16	0.3398437500	11.5790002048	3.9137093723
17	0.9020080566	-3.3020346759	4.2784026843
18	0.6405029297	4.7897522194	11.6915236957
19	0.4642333984	10.8298480394	8.9320568984
20	0.0716857910	3.0977730125	-2.9828668326
21	0.6630249023	3.7849828435	11.5553281004
22	0.5126953125	9.6466395044	10.3232863330
23	0.6003417969	6.5138849628	11.6499191441
24	0.5773620605	7.4354505153	11.4626530405
25	0.0673828125	2.9045034171	-2.8953235626
26	0.7855834961	-1.3241677815	8.9380774056
27	0.3380737305	11.5646110470	3.8342981535
28	0.9555969238	-2.2437024606	1.8803796521
29	0.9490661621	-2.4615133823	2.1694563432
30	0.4729919434	10.6501463417	9.2139194542
31	0.3722534180	11.7178950580	5.3494844205
32	0.5933227539	6.8014160941	11.6052407094
33	0.9859924316	-0.8594268899	0.5725122408
34	0.4336547852	11.3313648983	7.8552533663
35	0.2514953613	10.0396672433	0.0599624579
36	0.8102722168	-2.0958256239	8.0798554773
37	0.5006713867	9.9820543155	10.0178615427
38	0.5780944824	7.4070018960	11.4704348608
39	0.2412414551	9.7593519285	-0.3450113972
40	0.6283874512	5.3215862755	11.7174495479
41	0.3860473633	11.7049214975	5.9431164816
42	0.2008361816	8.4772924798	-1.7661411069
43	0.3121337891	11.2741706547	2.6691452545
44	0.6664428711	3.6314559378	11.5247279898
45	0.1563415527	6.7877788945	-2.8822288747
46	0.4372863770	11.2822737524	7.9901664083
47	0.2533569336	10.0884624475	0.1350165323
48	0.1595153809	6.9162369259	-2.8221842369
49	0.1226806641	5.3680687999	-3.2955951842
50	0.8458251953	-2.9212837208	6.6994761447
51	0.9107360840	-3.2357433531	3.8877013415
52	0.1035766602	4.5272491494	-3.3249805237
53	0.6940612793	2.3922342139	11.1830640199
54	0.1148681641	5.0265061034	-3.3271343792
55	0.5503234863	8.4366400340	11.0933717042
56	0.5249633789	9.2778895351	10.6059510371
57	0.8029785156	-1.8827624478	8.3428202431
58	0.8948974609	-3.3286840155	4.5950437174
59	0.3463134766	11.6256305832	4.2034173094
60	0.8750000000	-3.2812500000	5.4687500000
61	0.4562988281	10.9789929649	8.6660686338
62	0.7553710938	-0.2128707456	9.8540949983
63	0.9945983887	-0.3489093664	0.2179593615
64	0.5494079590	8.4687506771	11.0781112497
65	0.4109802246	11.5723888543	6.9751611592
66	0.2669067383	10.4236701139	0.6937963874
67	0.4509887695	11.0714431742	8.4826265970
68	0.5328674316	9.0267463605	10.7721015122
69	0.9749145508	-1.4373763695	1.0404029865
70	0.2082519531	8.7324575290	-1.5297964912
71	0.7943725586	-1.6148565436	8.6431116167
72	0.1687316895	7.2829792932	-2.6293675901
73	0.9326782227	-2.8940065275	2.9017637840
74	0.8982849121	-3.3189814545	4.4444202368
75	0.2151794434	8.9631048175	-1.2981671815
76	0.0531921387	2.2698596505	-2.5306664169
77	0.5962829590	6.6807590778	11.6254326596
78	0.6531066895	4.2293305573	11.6293513909
79	0.1285095215	5.6204095171	-3.2553261410
80	0.0552062988	2.3595745609	-2.5897162042
81	0.9809875488	-1.1313645240	0.7824249437
82	0.3680419922	11.7132635945	5.1656948967
83	0.4125061035	11.5597452656	7.0362908813
84	0.4607543945	10.8968542701	8.8166506227
85	0.1061706543	4.6424445390	-3.3306313178
86	0.2246398926	9.2655325010	-0.9662211958
87	0.7715759277	-0.8287420747	9.3823109280
88	0.2424926758	9.7945902382	-0.2963995674
89	0.4208679199	11.4812561117	7.3665886029
90	0.5227661133	9.3458452906	10.5575207545
91	0.2247314453	9.2683864839	-0.9629256883
92	0.4542236328	11.0158303196	8.5948877004
93	0.3548278809	11.6726683593	4.5828474573
94	0.6375732422	4.9190693233	11.7008388706
95	0.7188110352	1.3029020451	10.7378812802
96	0.7504577637	-0.0182965463	9.9877734212
97	0.9941101074	-0.3793544326	0.2378432981
98	0.1016235352	4.4403434384	-3.3186441511
99	0.8668518066	-3.2134373588	5.8195108077
100	0.0310058594	1.2949839029	-1.7110305206
101	0.8819885254	-3.3176005382	5.1643592398
102	0.8117675781	-2.1378384507	8.0250182120
103	0.8112182617	-2.1224727700	8.0451983762
104	0.2103881836	8.8043910151	-1.4594514987
105	0.9445800781	-2.5958348068	2.3690983744
106	0.3613586426	11.6976675690	4.8719705525
107	0.2120666504	8.8604070218	-1.4034961920
108	0.1124572754	4.9204141692	-3.3315081889
109	0.5417785645	8.7314247473	10.9440580876
110	0.4971313477	10.0757268367	9.9227370811
111	0.3604431152	11.6947439179	4.8315558674
112	0.4898681641	10.2604925492	9.7203498484
113	0.6429748535	4.6803310586	11.6821547960
114	0.7012939453	2.0706205460	11.0662911908
115	0.4167785645	11.5215824485	7.2060660201
116	0.1686706543	7.2805825113	-2.6307321227
117	0.1278076172	5.5901459462	-3.2609128874
118	0.8986206055	-3.3177252223	4.4294705306
119	0.7739257813	-0.9144157086	9.3100819822
120	0.3178100586	11.3503539822	2.9236824539
121	0.2120361328	8.8593925277	-1.4045188683
122	0.2883300781	10.8794641830	1.6135893445
123	0.5455932617	8.6011948159	11.0126163928
124	0.8436279297	-2.8816674967	6.7890191261
125	0.9981689453	-0.1207771833	0.0734637428
126	0.3013000488	11.1094532937	2.1857238487
127	0.1796569824	7.7047102173	-2.3672399479
128	0.9094238281	-3.2481379447	3.9465526945
129	0.1514282227	6.5868574735	-2.9684870096
130	0.6819458008	2.9346431333	11.3534733149
131	0.1963500977	8.3189324709	-1.9029264564
132	0.5800476074	7.3308224963	11.4906064428
133	0.7003479004	2.1125651583	11.0821980944
134	0.6953430176	2.3350921565	11.1631840588
135	0.0515136719	2.1952158069	-2.4795677749
136	0.5913085938	6.8829901747	11.5903789781
137	0.9627685547	-1.9732217028	1.5655647251
138	0.4591979980	10.9260174267	8.7644018154
139	0.1250000000	5.4687500000	-3.2812500000
140	0.2445983887	9.8532507996	-0.2140686776
141	0.5963439941	6.6782618625	11.6258282977
142	0.4009704590	11.6424077087	6.5680146633
143	0.8339233398	-2.6876627835	7.1783171150
144	0.4263610840	11.4212656447	7.5790452726
145	0.7745971680	-0.9387117422	9.2892724069
146	0.8397216797	-2.8072549360	6.9469557128
147	0.8708190918	-3.2497958633	5.6493244967
148	0.7526855469	-0.1069348552	9.9277143586
149	0.4875488281	10.3173608524	9.6537101553
150	0.6934509277	2.4194645273	11.1924068823
151	0.5671081543	7.8266858740	11.3413134384
152	0.8388061523	-2.7890892296	6.9837347442
153	0.9674987793	-1.7763730516	1.3597225909
154	0.3107604980	11.2546888073	2.6076683907
155	0.3811950684	11.7144007087	5.7358732587
156	0.6936035156	2.4126557839	11.1900786609
157	0.2398681641	9.7203498484	-0.3980947590
158	0.4281616211	11.4001560275	7.6478670420
159	0.5119323730	9.6686999890	10.3047307756
160	0.2391662598	9.7002843052	-0.4251151110
161	0.7989196777	-1.7585601609	8.4858254006
162	0.2520446777	10.0541336322	0.0820630915
163	0.6367492676	4.9553636393	11.7031089327
164	0.9553833008	-2.2512519534	1.8898021397
165	0.4085693359	11.5913055439	6.8780585434
166	0.6655883789	3.6698500859	11.5326217791
167	0.7750244141	-0.9541301538	9.2759901840
168	0.6493835449	4.3954793392	11.6514422565
169	0.0282592773	1.1765246671	-1.5870648844
170	0.5609741211	8.0541539915	11.2577461060
171	0.2763061523	10.6350698336	1.0926571496
172	0.3500061035	11.6480345010	4.3682721348
173	0.8635253906	-3.1781824140	5.9612755736
174	0.2962646484	11.0243662645	1.9625695982
175	0.9336547852	-2.8726449910	2.8579378417
176	0.3276062012	11.4652601494	3.3639329617
177	0.5419311523	8.7262586678	10.9468589517
178	0.2774963379	10.6605756375	1.1437263571
179	0.2218933105	9.1792578070	-1.0643634636
180	0.2382202148	9.6730996163	-0.4614133365
181	0.4138793945	11.5479219613	7.0910866293
182	0.6657714844	3.6616233819	11.5309439217
183	0.6608886719	3.8808561247	11.5731309391
184	0.3933715820	11.6805225992	6.2523028765
185	0.9782714844	-1.2714351235	0.8973806365
186	0.2091369629	8.7623451072	-1.5007730512
187	0.3037719727	11.1492521920	2.2956712737
188	0.1545410156	6.7144344397	-2.9147945974
189	0.4333801270	11.3349609882	7.8449779605
190	0.1997985840	8.4409286344	-1.7982041997
191	0.3503723145	11.6500892175	4.3845979565
192	0.4526062012	11.0439130675	8.5389541181
193	0.3526000977	11.6619380710	4.4838137986
194	0.5560302734	8.2337148338	11.1844705443
195	0.8853149414	-3.3275566755	5.0184591513
196	0.4324340820	11.3472216381	7.8095084177
197	0.4851684570	10.3746391598	9.5843195483
198	0.0291748047	1.2159448977	-1.6289577577
199	0.7415161133	0.3439595917	10.2194551584
200	0.2224426270	9.1966138395	-1.0448478984
201	0.6820983887	2.9277926057	11.3515252569
202	0.5357971191	8.9310529573	10.8304466957
203	0.4882202148	10.3010061095	9.6730996163
204	0.8291015625	-2.5801914308	7.3677790788
205	0.9468078613	-2.5306664169	2.2698596505
206	0.6146545410	5.9132518337	11.7066225446
207	0.5444641113	8.6399757571	10.9926413018
208	0.1564331055	6.7914992979	-2.8805438035
209	0.6109619141	6.0699162365	11.6964239279
210	0.0087280273	0.3539881318	-0.5527661866
211	0.4172973633	11.5166719090	7.2265394727
212	0.1506042480	6.5529255968	-2.9821391488
213	0.6353454590	5.0171178190	11.7066225446
214	0.3722229004	11.7178759540	5.3481565227
215	0.0650329590	2.7990728566	-2.8430804933
216	0.0694274902	2.9963124309	-2.9382226661
217	0.0354003906	1.4857002379	-1.8987855563
218	0.1026611328	4.4865295471	-3.3222344931
219	0.3855895996	11.7060435258	5.9236440089
220	0.8768615723	-3.2929415334	5.3879677323
221	0.4322814941	11.3491808777	7.8037764597
222	0.2978820801	11.0522823547	2.0341215571
223	0.8297424316	-2.5948848402	7.3427556574
224	0.7625732422	-0.4917492106	9.6501761576
225	0.7284851074	0.8883138938	10.5295107585
226	0.8380432129	-2.7737435916	7.0143137713
227	0.1393432617	6.0828132220	-3.1443608865
228	0.7865600586	-1.3572743909	8.9059059161
229	0.9085998535	-3.2554761995	3.9834888546
230	0.5926818848	6.8274179666	11.6006105267
231	0.2107849121	8.8176713032	-1.4462795844
232	0.6484375000	4.4376254082	11.6565585136
233	0.9652404785	-1.8722084911	1.4578014377
234	0.7528076172	-0.1117720778	9.9243968623
235	0.0830078125	3.6067703710	-3.1645169511
236	0.5822448730	7.2445783098	11.5122894388
237	0.9497070313	-2.4413171663	2.1410018699
238	0.2878112793	10.8695325990	1.5909013610
239	0.0510864258	2.1762337877	-2.4662846264
240	0.3757934570	11.7186786484	5.5031120457
241	0.1477355957	6.4342787695	-3.0278091198
242	0.5275573730	9.1966138395	10.6618759088
243	0.9042663574	-3.2884931327	4.1774947010
244	0.5152893066	9.5708601778	10.3855273965
245	0.3804016113	11.7154434091	5.7018138033
246	0.8694763184	-3.2381915459	5.7070567473
247	0.2893371582	10.8985837028	1.6576792992
248	0.4548339844	11.0050897852	8.6158915695
249	0.4298706055	11.3794617151	7.7128072052
250	0.6104736328	6.0905476381	11.6948444269
251	0.1989135742	8.4097863886	-1.8253512996
252	0.0109252930	0.4445549258	-0.6828920097
253	0.5900573730	6.9334472082	11.5806894925
254	0.9040222168	-3.2900771142	4.1884106065
255	0.5848083496	7.1432487086	11.5362315492
256	0.8820190430	-3.3177137184	5.1630235292
257	0.3425903320	11.5999415611	4.0368159804
258	0.8422241211	-2.8555074082	6.8459642562
259	0.0960693359	4.1925036517	-3.2906635787
260	0.2931518555	10.9690905545	1.8252400199
261	0.1574401855	6.8323658070	-2.8618228830
262	0.6628112793	3.7945733436	11.5571542025
263	0.9425354004	-2.6530085366	2.4603328940
264	0.7652282715	-0.5925293092	9.5726568964
265	0.4187622070	11.5024842949	7.2841775196
266	0.0811462402	3.5230963425	-3.1393839364
267	0.8829650879	-3.3210226456	5.1215900988
268	0.0098266602	0.3992022993	-0.6182769749
269	0.4757385254	10.5905855010	9.2996867525
270	0.7473449707	0.1066651388	10.0701408720
271	0.3383178711	11.5666373516	3.8452545720
272	0.9485473633	-2.4776770640	2.1925036262
273	0.8182067871	-2.3119710287	7.7854136232
274	0.8281555176	-2.5582752226	7.4046282403
275	0.6300659180	5.2483993130	11.7158416077
276	0.8576354980	-3.1053858610	6.2100633020
277	0.3776245117	11.7179693631	5.5822453926
278	0.7141418457	1.5056452222	10.8316434320
279	0.3435363770	11.6067636524	4.0791815989
280	0.6374816895	4.9231037208	11.7010986864
281	0.9526977539	-2.3436948192	2.0084562660
282	0.8516540527	-3.0183358149	6.4595887917
283	0.8160400391	-2.2546250811	7.8666587213
284	0.2071228027	8.6941483709	-1.5665783573
285	0.7602539063	-0.4027993862	9.7168665494
286	0.6998596191	2.1342295968	11.0903338458
287	0.7503356934	-0.0134202096	9.9910376634
288	0.0238342285	0.9869767007	-1.3764468951
289	0.1109619141	4.8544624763	-3.3329212432
290	0.8127441406	-2.1649600014	7.9890401188
291	0.9527587891	-2.3416443365	2.0057555942
292	0.7276000977	0.9259036086	10.5493550565
293	0.2101745605	8.7972298327	-1.4665301640
294	0.0461730957	1.9585233307	-2.3053816619
295	0.1965942383	8.3276265084	-1.8956067651
296	0.9107055664	-3.2360415125	3.8890703357
297	0.0836791992	3.6369412501	-3.1731336783
298	0.8899841309	-3.3332963535	4.8126819951
299	0.2103271484	8.8023456951	-1.4614749692
300	0.0122375488	0.4989041246	-0.7589029534
301	0.6284179688	5.3202571514	11.7174260113
302	0.9248962402	-3.0450427877	3.2514150589
303	0.7908630371	-1.5007730512	8.7623451072
304	0.3375854492	11.5605185338	3.8123824929
305	0.7884521484	-1.4208550611	8.8431405404
306	0.4046325684	11.6193977231	6.7181718730
307	0.0419616699	1.7728703454	-2.1553531617
308	0.2030639648	8.5548245081	-1.6964520719
309	0.8554992676	-3.0757873997	6.2995546184
310	0.9628601074	-1.9695524238	1.5615662048
311	0.7373962402	0.5141053979	10.3210656351
312	0.2052612305	8.6305604789	-1.6266038414
313	0.8949279785	-3.3286205938	4.5936887265
314	0.4454040527	11.1622286188	8.2851615845
315	0.8092041016	-2.0654623258	8.1188351252
316	0.6158447266	5.8625223377	11.7092520085
317	0.2963562012	11.0259611605	1.9666162845
318	0.8670349121	-3.2152526853	5.8116821102
319	0.9611206055	-2.0383282158	1.6376305392
320	0.9008483887	-3.3080265857	4.3301614204
321	0.4495849609	11.0948879632	8.4334221365
322	0.4936828613	10.1647058985	9.8278456159
323	0.4067077637	11.6050223112	6.8026552555
324	0.3652954102	11.7080782649	5.0452753436
325	0.5453186035	8.6106459218	11.0077822688
326	0.0494384766	2.1030902772	-2.4139933553
327	0.7327270508	0.7091781677	10.4322348204
328	0.9227905273	-3.0801567101	3.3460942471
329	0.5009460449	9.9746886925	10.0251442410
330	0.0484313965	2.0584507083	-2.3812076780
331	0.8873596191	-3.3312664731	4.9284822617
332	0.9898986816	-0.6345145473	0.4105275722
333	0.0112915039	0.4597028085	-0.7042320197
334	0.2521057129	10.0557375095	0.0845211338
335	0.2935485840	10.9762486410	1.8427141113
336	0.5058288574	9.8414141185	10.1522442660
337	0.7244567871	1.0599833187	10.6185696048
338	0.2510986328	10.0291840811	0.0440253547
339	0.0872497559	3.7973133647	-3.2150148670
340	0.0769042969	3.3323721916	-3.0752171340
341	0.5425720215	8.7045216764	10.9585694242
342	0.1723022461	7.4224196530	-2.5475744044
343	0.4806823730	10.4795682247	9.4508326587
344	0.2460937500	9.8944155872	-0.1552136242
345	0.0475158691	2.0179100299	-2.3508530986
346	0.5108337402	9.7002843052	10.2778125193
347	0.2506713867	10.0178615427	0.0268854226
348	0.8875122070	-3.3314689406	4.9217589684
349	0.0518798828	2.2114921028	-2.4908639300
350	0.0872192383	3.7959433610	-3.2146848311
351	0.3518981934	11.6583255035	4.4525729405
352	0.7260131836	0.9934847098	10.5845459759
353	0.2744750977	10.5952724434	1.0143241937
354	0.1292724609	5.6532649433	-3.2490276541
355	0.6551513672	4.1379111992	11.6158944204
356	0.9816589355	-1.0959314721	0.7541186814
357	0.1414184570	6.1703022669	-3.1179562308
358	0.4791870117	10.5136611904	9.4055585152
359	0.8106384277	-2.1061681816	8.0664545168
360	0.1393127441	6.0815238770	-3.1447371269
361	0.7116394043	1.6149244664	10.8800466557
362	0.9256286621	-3.0322616013	3.2184861529
363	0.2363281250	9.6182508301	-0.5335884262
364	0.8431396484	-2.8726429967	6.8088495990
365	0.7278442383	0.9155268122	10.5438963760
366	0.6606445313	3.8918082746	11.5751006784
367	0.2311096191	9.4636970402	-0.7296411936
368	0.9161376953	-3.1754427066	3.6451689549
369	0.7922668457	-1.5467309604	8.7148805668
370	0.8617858887	-3.1580472577	6.0350553356
371	0.2131652832	8.8968301853	-1.3665501494
372	0.5046081543	9.8751444781	10.1208918316
373	0.6672973633	3.5930550558	11.5166719090
374	0.3990783691	11.6531146837	6.4899140042
375	0.0831909180	3.6149991872	-3.1668904171
376	0.3478393555	11.6352600272	4.2715892502
377	0.7015380859	2.0598027405	11.0621554036
378	0.6670837402	3.6026558566	11.5187011368
379	0.7127380371	1.5668976870	10.8589560182
380	0.1724853516	7.4295290957	-2.5432765819
381	0.3803405762	11.7155177081	5.6991919204
382	0.5420227051	8.7231572839	10.9485371344
383	0.5574340820	8.1830782649	11.2058119625
384	0.2121887207	8.8644635197	-1.3994035329
385	0.0016784668	0.0673249771	-0.1108109697
386	0.4635620117	10.8429740770	8.9099357047
387	0.3953552246	11.6718286379	6.3352359556
388	0.8520507813	-3.0245085394	6.4431412929
389	0.4769592285	10.5636274353	9.3373957443
390	0.6421203613	4.7181863045	11.6855495603
391	0.1901550293	8.0954664024	-2.0837155227
392	0.3982238770	11.6576858991	6.4545296146
393	0.2567443848	10.1755725509	0.2727101108
394	0.3907470703	11.6906598257	6.1420374655
395	0.0795288086	3.4503798307	-3.1160550509
396	0.9724121094	-1.5559786931	1.1476596351
397	0.3816223145	11.7137801714	5.7541935783
398	0.5821228027	7.2493845401	11.5111129230
399	0.4883422852	10.2980231268	9.6766163213
400	0.5314025879	9.0740701324	10.7422685694
401	0.6578369141	4.0176764484	11.5967949007
402	0.2307434082	9.4526723661	-0.7432282383
403	0.3669738770	11.7114501048	5.1189152317
404	0.0115356445	0.4698097458	-0.7184037335
405	0.9582519531	-2.1474407193	1.7634791649
406	0.1998291016	8.4420004398	-1.7972647849
407	0.5546569824	8.2829783807	11.1631840588
408	0.5983886719	6.5943888123	11.6385985366
409	0.6479797363	4.4580074113	11.6589617507
410	0.0333251953	1.3954656660	-1.8117353173
411	0.2676086426	10.4400625980	0.7232900262
412	0.1211547852	5.3016433430	-3.3038047546
413	0.1352539063	5.9093535434	-3.1916187962
414	0.9130859375	-3.2113581459	3.7822425802
415	0.7125244141	1.5762301219	10.8630765578
416	0.5722656250	7.6315736305	11.4052295219
417	0.5471496582	8.5474222583	11.0397095339
418	0.7407226563	0.3765777532	10.2392791245
419	0.8245849609	-2.4731643540	7.5427210557
420	0.7518615723	-0.0742297936	9.9500353215
421	0.5304565430	9.1044464834	10.7227684508
422	0.3448486328	11.6158944204	4.1379111992
423	0.1310119629	5.7280175245	-3.2337929835
424	0.0374145508	1.5735634086	-1.9805437236
425	0.1772766113	7.6140906709	-2.4273134457
426	0.8128662109	-2.1683325435	7.9845336903
427	0.7391967773	0.4395089846	10.2770614559
428	0.2781066895	10.6735444144	1.1699612024
429	0.0760803223	3.2953231452	-3.0616277401
430	0.9481811523	-2.4889869616	2.2087790064
431	0.4499511719	11.0888122470	8.4462862816
432	0.8145141602	-2.2134749412	7.9234988127
433	0.4872436523	10.3247658932	9.6448701823
434	0.8521728516	-3.0263965758	6.4380775223
435	0.9959411621	-0.2642547862	0.1634304541
436	0.6230773926	5.5519382611	11.7183310754
437	0.6439208984	4.6383834499	11.6782039633
438	0.6311950684	5.1990687783	11.7144007087
439	0.4048461914	11.6179625007	6.7268892133
440	0.5856323242	7.1105185491	11.5436168353
441	0.1778869629	7.6373953724	-2.4120635106
442	0.2286682129	9.3897610434	-0.8197847512
443	0.4876098633	10.3158776729	9.6554761579
444	0.8839111328	-3.3239432438	5.0801062722
445	0.6701660156	3.4641007560	11.4884412980
446	0.3820495605	11.7131182791	5.7725002019
447	0.4518737793	11.0564480969	8.5134958959
448	0.5191345215	9.4563498430	10.4753631018
449	0.3269653320	11.4583884136	3.3351165980
450	0.7049255371	1.9100012717	11.0034719441
451	0.6401062012	4.8072878827	11.6928987469
452	0.9565124512	-2.2110182437	1.8400252278
453	0.7804260254	-1.1461286497	9.1054239136
454	0.8940124512	-3.3303350539	4.6343220126
455	0.3929748535	11.6821547960	6.2356737908
456	0.8947143555	-3.3290554485	4.6031728751
457	0.0142822266	0.5839644773	-0.8748202918
458	0.0611877441	2.6267894414	-2.7507135486
459	0.0375976563	1.5815642742	-1.9878437104
460	0.1605529785	6.9579990217	-2.8018338505
461	0.4147949219	11.5398062944	7.1274993654
462	0.1904907227	8.1077143078	-2.0741674722
463	0.0007629395	0.0305562412	-0.0506377974
464	0.7283935547	0.8921991208	10.5315708603
465	0.9464721680	-2.5406793568	2.2848016669
466	0.7201843262	1.2435787869	10.7094550434
467	0.0473632813	2.0111571175	-2.3457429636
468	0.8646545410	-3.1906310325	5.9132518337
469	0.4528503418	11.0397095339	8.5474222583
470	0.2498168945	9.9951140589	-0.0073219816
471	0.6435241699	4.6559789751	11.6798853676
472	0.3974914551	11.6614731628	6.4241448945
473	0.0822143555	3.5711090299	-3.1540281772
474	0.3722534180	11.7178950580	5.3494844205
475	0.4450073242	11.1684247271	8.2709611743
476	0.1111755371	4.8638908499	-3.3327807494
477	0.8385620117	-2.7841990958	6.9935269997
478	0.6305541992	5.2270764856	11.7152539684
479	0.9103088379	-3.2398745592	3.9068657451
480	0.2657165527	10.3956527242	0.6439001742
481	0.2571411133	10.1856318182	0.2889282533
482	0.6002807617	6.5164063348	11.6495783684
483	0.0392150879	1.6523316908	-2.0513728717
484	0.2413330078	9.7619399589	-0.3414623686
485	0.2053833008	8.6347464722	-1.6226914134
486	0.0962829590	4.2020531925	-3.2920160422
487	0.2358398438	9.6039929949	-0.5521217770
488	0.3080749512	11.2154139902	2.4875931963
489	0.8087463379	-2.0523599263	8.1354919301
490	0.5048217773	9.8692613872	10.1263989299
491	0.2969970703	11.0370759339	1.9949547119
492	0.5202026367	9.4240844170	10.4997993063
493	0.5012512207	9.9664882057	10.0332195587
494	0.2406311035	9.7420596758	-0.3686393104
495	0.5255126953	9.2607727190	10.6179071564
496	0.7358703613	0.5776011300	10.3578642770
497	0.2015686035	8.5028645446	-1.7433565678
498	0.3289184570	11.4790476733	3.4229371375
499	0.9684753418	-1.7338712514	1.3174252442
500	0.7616271973	-0.4555682022	9.6774950812
501	0.6134948730	5.9625720868	11.7037520373
502	0.1123657227	4.9163794912	-3.3316234423
503	0.7804870605	-1.1482663769	9.1034688997
504	0.6218261719	5.6059399805	11.7176083940
505	0.6520385742	4.2770400536	11.6360077805
506	0.0832214355	3.6163706285	-3.1672842836
507	0.7120056152	1.5989069179	10.8730442353
508	0.9533081055	-2.3230846557	1.9814576982
509	0.9939575195	-0.3888316039	0.2440630093
510	0.8402709961	-2.8180232334	6.9248445321
511	0.7225646973	1.1411045558	10.6592746124
512	0.5248718262	9.2807373805	10.6039524501
513	0.7536315918	-0.1443690777	9.9019317752
514	0.1709594727	7.3701596951	-2.5787855964
515	0.7191467285	1.2883874038	10.7309681487
516	0.8817749023	-3.3167970328	5.1737077100
517	0.2838745117	10.7923566640	1.4193216730
518	0.2582702637	10.2140972808	0.3351903500
519	0.4193420410	11.4967368668	7.3069229467
520	0.1153564453	5.0479558613	-3.3259362539
521	0.1016845703	4.4430613370	-3.3188694619
522	0.0129394531	0.5280528059	-0.7990402794
523	0.3396911621	11.5777873260	3.9068657451
524	0.7574157715	-0.2928334672	9.7971574976
525	0.9389953613	-2.7460998891	2.6185941295
526	0.5303039551	9.1093320991	10.7196061787
527	0.9089660645	-3.2522569410	3.9670744759
528	0.7999267578	-1.7897415554	8.4505699148
529	0.9184875488	-3.1444728320	3.5395586487
530	0.6725158691	3.3584441263	11.4639582407
531	0.7065429688	1.8386808624	10.9745997031
532	0.8393859863	-2.8006258280	6.9604519751
533	0.8544311523	-3.0603630938	6.3441458613
534	0.7754516602	-0.9695151638	9.2626771032
535	0.8254699707	-2.4946098320	7.5086392890
536	0.3465270996	11.6270101924	4.2129653992
537	0.6783752441	3.0950301603	11.3976042584
538	0.4807128906	10.4788678319	9.4517525931
539	0.3609313965	11.6963267887	4.8531153859
540	0.0606994629	2.6049371984	-2.7383666648
541	0.9898986816	-0.6345145473	0.4105275722
542	0.6928100586	2.4480695589	11.2021308172
543	0.0234375000	0.9700655937	-1.3568997383
544	0.5094909668	9.7385931537	10.2445956642
545	0.7325134277	0.7181571297	10.4372187028
546	0.6610412598	3.8740105020	11.5718930910
547	0.8771667480	-3.2947203840	5.3747032662
548	0.6532287598	4.2238759283	11.6285743385
549	0.9943847656	-0.3622512432	0.2266549872
550	0.1866149902	7.9653587294	-2.1826218848
551	0.2032470703	8.5611638098	-1.6906733150
552	0.6544494629	4.1693067142	11.6206197626
553	0.9341125488	-2.8624440529	2.8373999944
554	0.9546203613	-2.2779778296	1.9234734223
555	0.4878845215	10.3091944144	9.6634149455
556	0.7725830078	-0.8655798526	9.3514711657
557	0.8314819336	-2.6341384590	7.2745886392
558	0.9911193848	-0.5619186277	0.3602595055
559	0.5359191895	8.9270356983	10.8328393996
560	0.3833618164	11.7108267793	5.8286410277
561	0.2633056641	10.3380493279	0.5432821561
562	0.2451477051	9.8684202618	-0.1924854688
563	0.7088317871	1.7380021251	10.9328059998
564	0.1233215332	5.3959235409	-3.2918555276
565	0.4041442871	11.6226397719	6.6982290029
566	0.2957153320	11.0147597951	1.9382983234
567	0.2882385254	10.8777156058	1.6095843340
568	0.1594848633	6.9150068660	-2.8227774445
569	0.4521789551	11.0512389498	8.5241132832
570	0.1838989258	7.8643786421	-2.2562580016
571	0.9640197754	-1.9225967212	1.5109662902
572	0.5837707520	7.1843543149	11.5267166571
573	0.1798400879	7.7116508534	-2.3625525544
574	0.3698425293	11.7157355405	5.2444023701
575	0.4476623535	11.1263176510	8.3655609984
576	0.9324951172	-2.8979512705	2.9099828570
577	0.6097717285	6.1201698546	11.6924794440
578	0.8147277832	-2.2192736875	7.9155600041
579	0.2105712891	8.8105234584	-1.4533763194
580	0.8310241699	-2.6238980553	7.2925620317
581	0.8154296875	-2.2382403753	7.8894321778
582	0.1879577637	8.0149125760	-2.1454917020
583	0.3473205566	11.6320447112	4.2484183776
584	0.7632751465	-0.5185019684	9.6298041750
585	0.8470764160	-2.9431092977	6.6482659335
586	0.1990661621	8.4151639892	-1.8206840279
587	0.5639038086	7.9461472135	11.2986780664
588	0.9661254883	-1.8350575172	1.4193216730
589	0.7822875977	-1.2110017665	9.0455206159
590	0.0547485352	2.3391718094	-2.5765119879
591	0.2911071777	10.9316765138	1.7353214723
592	0.4490966797	11.1029445995	8.4162390975
593	0.9020080566	-3.3020346759	4.2784026843
594	0.0409240723	1.7272808283	-2.1166456574
595	0.9226379395	-3.0826075806	3.3529552898
596	0.1388549805	6.0621742821	-3.1503385355
597	0.9911804199	-0.5582597338	0.3577506302
598	0.2298278809	9.4250090248	-0.7770951518
599	0.1785583496	7.6629758040	-2.3951659304
600	0.1486206055	6.4709667527	-3.0140296532
601	0.7645263672	-0.5659966071	9.5932719060
602	0.3118896484	11.2707370393	2.6582126181
603	0.5935363770	6.7927392379	11.6067636524
604	0.1728515625	7.4437357363	-2.5346510235
605	0.4173583984	11.5160902680	7.2289460604
606	0.5529479980	8.3439044939	11.1361306918
607	0.1300048828	5.6847666825	-3.2427607077
608	0.0067138672	0.2714633455	-0.4303227258
609	0.3014221191	11.1114492328	2.1911475935
610	0.8761291504	-3.2885135587	5.4197779579
611	0.9165954590	-3.1696372219	3.6245991045
612	0.1906127930	8.1121641955	-2.0706882785
613	0.7255554199	1.0130211100	10.5946034411
614	0.0689697266	2.9757532054	-2.9288239257
615	0.1113281250	4.8706240486	-3.3326678444
616	0.7796630859	-1.1193461959	9.1298097210
617	0.8815307617	-3.3158546699	5.1843884410
618	0.1153869629	5.0492960447	-3.3258578985
619	0.8900146484	-3.3333017265	4.8113335325
620	0.2384033203	9.6783736745	-0.4543987393
621	0.8948974609	-3.3286840155	4.5950437174
622	0.6528015137	4.2429652551	11.6312793761
623	0.5592956543	8.1155002459	11.2334589784
624	0.4600524902	10.9100687091	8.7931345087
625	0.0006408691	0.0256620623	-0.0425659406
626	0.5539855957	8.3069640637	11.1526303893
627	0.7951965332	-1.6412456395	8.6148427240
628	0.9113464355	-3.2296806915	3.8603180598
629	0.8439941406	-2.8883833877	6.7741299448
630	0.6343688965	5.0600156934	11.7088036719
631	0.0062255859	0.2515304063	-0.4001810346
632	0.9017944336	-3.3031872660	4.2879403084
633	0.9064025879	-3.2733819761	4.0819141444
634	0.4838256836	10.4064615673	9.5447340446
635	0.8217468262	-2.4028625358	7.6513554625
636	0.9783935547	-1.2652518995	0.8921991208
637	0.0559387207	2.3922342139	-2.6105796007
638	0.4238281250	11.4497549366	7.4815399479
639	0.7052307129	1.8965339632	10.9980664106
640	0.4450988770	11.1669978463	8.2742402020
641	0.2235107422	9.2302172352	-1.0067387170
642	0.5894165039	6.9592255491	11.5755910326
643	0.6925048828	2.4616956339	11.2067302469
644	0.0073547363	0.2976689137	-0.4696116789
645	0.2032470703	8.5611638098	-1.6906733150
646	0.1362609863	5.9521978702	-3.1805752474
647	0.2550659180	10.1326821564	0.2043061579
648	0.5415649414	8.7386511771	10.9401287056
649	0.5785522461	7.3891885012	11.4752382921
650	0.5727539063	7.6129241961	11.4109787273
651	0.2884216309	10.8812110215	1.6175948874
652	0.9898071289	-0.6399146417	0.4143045795
653	0.7728271484	-0.8744831151	9.3439687264
654	0.2168884277	9.0188250203	-1.2394978305
655	0.2252502441	9.2845323020	-0.9442221421
656	0.3790893555	11.7168548058	5.6453834468
657	0.2251586914	9.2816863473	-0.9475263438
658	0.7785034180	-1.0784225300	9.1666916122
659	0.2737731934	10.5798381077	0.9843740771
660	0.9661865234	-1.8324761229	1.4166699388
661	0.6911621094	2.5216844899	11.2267297261
662	0.0660400391	2.8442455332	-2.8658577074
663	0.7809753418	-1.1653421041	9.0878067057
664	0.5068969727	9.8116765051	10.1794450571
665	0.6688232422	3.5244682311	11.5018828128
666	0.8188781738	-2.3294781242	7.7601137083
667	0.7209472656	1.2106849873	10.6934967978
668	0.6507568359	4.3342458398	11.6436569043
669	0.9491271973	-2.4596008630	2.1667456401
670	0.6640930176	3.7370208467	11.5460450034
671	0.3081054688	11.2158690257	2.4889565124
672	0.4605102539	10.9014622184	8.8084798969
673	0.2919921875	10.9479779348	1.7742121563
674	0.1986694336	8.4011750959	-1.8328074001
675	0.7355651855	0.5903303026	10.3651695323
676	0.0566406250	2.4235501420	-2.6302704681
677	0.2270202637	9.3392745337	-0.8800422533
678	0.1964721680	8.3232805705	-1.8992684246
679	0.0382690430	1.6109192783	-2.0144221138
680	0.3868713379	11.7027823218	5.9781243476
681	0.9791564941	-1.2263683848	0.8598461906
682	0.9402465820	-2.7140449809	2.5626164355
683	0.0814514160	3.5368149864	-3.1436296178
684	0.1207275391	5.2830182707	-3.3059272491
685	0.5196228027	9.4416244382	10.4865620034
686	0.6787414551	3.0785737599	11.3932065075
687	0.6737670898	3.3021839988	11.4504239818
688	0.6691284180	3.5107491150	11.4988630120
689	0.7416381836	0.3389479402	10.2163945861
690	0.2085876465	8.7438085645	-1.5188076155
691	0.8056335449	-1.9618576409	8.2479742876
692	0.3287658691	11.4774640361	3.4160763200
693	0.7611999512	-0.4391825253	9.6897802180
694	0.5814819336	7.2745886392	11.5048819615
695	0.0125732422	0.5128380628	-0.7781441503
696	0.5518188477	8.3839262254	11.1179141312
697	0.3428039551	11.6014995603	4.0463842138
698	0.9361572266	-2.8154085021	2.7457123258
699	0.8633728027	-3.1764625088	5.9677573845
700	0.3403625488	11.5830850642	3.9369744512
701	0.4504089355	11.0811775684	8.4623385041
702	0.4553833008	10.9953563024	8.6347464722
703	0.5734252930	7.5872319815	11.4187983591
704	0.7658691406	-0.6166846319	9.5537586217
705	0.9229431152	-3.0776932312	3.3392332126
706	0.4480895996	11.1194012718	8.3806881671
707	0.7430419922	0.2814406075	10.1809928147
708	0.6138610840	5.9470089558	11.7046913999
709	0.2753906250	10.6152554881	1.0534545314
710	0.5562438965	8.2260273551	11.1877454425
711	0.2207336426	9.1424523083	-1.1053749707
712	0.1534118652	6.6682692321	-2.9346557847
713	0.6242980957	5.4991493568	11.7186941642
714	0.0870666504	3.7890931386	-3.2130274737
715	0.0913391113	3.9807533163	-3.2549443375
716	0.0315551758	1.3187459571	-1.7352091618
717	0.7387695313	0.4571771160	10.2875599548
718	0.4699096680	10.7151710298	9.1161655096
719	0.7895812988	-1.4584394654	8.8054134554
720	0.2929992676	10.9663286621	1.8185215252
721	0.2160644531	8.9920189835	-1.2678583014
722	0.8383483887	-2.7799044126	7.0020898499
723	0.3380737305	11.5646110470	3.8342981535
724	0.5245056152	9.2921145771	10.5959412587
725	0.7825622559	-1.2205154482	9.0366343832
726	0.7372741699	0.5191757581	10.3240262036
727	0.7108154297	1.6509949329	10.8957003471
728	0.1244812012	5.4462597755	-3.2846529745
729	0.7193908691	1.2778367141	10.7259259782
730	0.9548034668	-2.2715972928	1.9153895536
731	0.3212890625	11.3935741101	3.0799450789
732	0.6975402832	2.2372740118	11.1282866143
733	0.4132690430	11.5532286675	7.0667590048
734	0.4793701172	10.5095103988	9.4111230306
735	0.6359252930	4.9916231438	11.7052253431
736	0.5740356445	7.5638261789	11.4258211191
737	0.0323486328	1.3531089599	-1.7697744640
738	0.5817871094	7.2625926899	11.5078604518
739	0.9122314453	-3.2205523536	3.8206012993
740	0.4544372559	11.0120800520	8.6022455060
741	0.3268737793	11.4573993340	3.3309999896
742	0.0222473145	0.9194174693	-1.2975966915
743	0.0621643066	2.6705119348	-2.7749877133
744	0.1791381836	7.6850216184	-2.3804696761
745	0.5550537109	8.2687744865	11.1693749838
746	0.3823242188	11.7126709401	5.7842614680
747	0.6403503418	4.7964975706	11.6920567723
748	0.6227111816	5.5677549538	11.7181562877
749	0.5337829590	8.9969913760	10.7905238880
750	0.5220947266	9.3664454725	10.5425298468
751	0.9574584961	-2.1766818317	1.7983738196
752	0.7136535645	1.5269355224	10.8411896431
753	0.8144531250	-2.2118159104	7.9257659148
754	0.1620178223	7.0167573219	-2.7725078242
755	0.3183288574	11.3569670063	2.9469749314
756	0.5787658691	7.3808669293	11.4774640361
757	0.9838256836	-0.9793745831	0.6630737956
758	0.5901184082	6.9309898044	11.5811702725
759	0.3854064941	11.7064790550	5.9158503232
760	0.8127441406	-2.1649600014	7.9890401188
761	0.0895690918	3.9013905367	-3.2387036660
762	0.4939575195	10.1577018175	9.8354832582
763	0.6669616699	3.6081418602	11.5198561443
764	0.8727416992	-3.2651455859	5.5664372517
765	0.1913146973	8.1377106192	-2.0506088984
766	0.9176635742	-3.1556634181	3.5765957044
767	0.1303710938	5.7005028960	-3.2395465883
768	0.5978698730	6.6157095721	11.6354472795
769	0.0362548828	1.5229423696	-1.9337980319
770	0.3439025879	11.6093506147	4.0955755273
771	0.9403686523	-2.7108682050	2.5571574719
772	0.8537292480	-3.0500022123	6.3733916725
773	0.8600158691	-3.1363788110	6.1098712351
774	0.9010925293	-3.3068190520	4.3192683322
775	0.3223876953	11.4066717318	3.1293180932
776	0.3019104004	11.1194012718	2.2128487078
777	0.3124084473	11.2780180434	2.6814461734
778	0.6951904297	2.3418917452	11.1655691711
779	0.5507812500	8.4205381572	11.1009351909
780	0.2945556641	10.9942708891	1.8871097540
781	0.5081787109	9.7757171627	10.2117983680
782	0.2669067383	10.4236701139	0.6937963874
783	0.0621643066	2.6705119348	-2.7749877133
784	0.8939514160	-3.3304355323	4.6370296761
785	0.2028503418	8.5474222583	-1.7031842463
786	0.1736450195	7.4744605690	-2.5158259634
787	0.6936645508	2.4099325026	11.1891459731
788	0.0169372559	0.6950776832	-1.0208008825
789	0.0934448242	4.0750826141	-3.2722162652
790	0.6966247559	2.2780093081	11.1429525294
791	0.0461730957	1.9585233307	-2.3053816619
792	0.7044982910	1.9288636276	11.0110067823
793	0.2443542480	9.8464910718	-0.2236473079
794	0.6727905273	3.3460942471	11.4610169124
795	0.9726867676	-1.5431724127	1.1358618765
796	0.5163269043	9.5402156204	10.4100553745
797	0.6379699707	4.9015820880	11.6996910877
798	0.4519042969	11.0559280685	8.5145582634
799	0.1915588379	8.1465801470	-2.0435952988
800	0.0503540039	2.1437110613	-2.4432515542
801	0.8506469727	-3.0024160278	6.5012727060
802	0.9786071777	-1.2544059618	0.8831348066
803	0.0247192383	1.0247518054	-1.4196561926
804	0.5871276855	7.0509236790	11.5566334974
805	0.8533020020	-3.0436086889	6.3911711277
806	0.9994201660	-0.0385257027	0.0232157108
807	0.2611389160	10.2853132489	0.4533893604
808	0.8596191406	-3.1313601883	6.1266039031
809	0.9373779297	-2.7861742436	2.6910147811
810	0.3947448730	11.6745982901	6.3097560726
811	0.1448669434	6.3148547680	-3.0705457469
812	0.9475097656	-2.5095078780	2.2386313265
813	0.7655029297	-0.6028898268	9.5645664925
814	0.6359863281	4.9889384649	11.7050738419
815	0.4884948730	10.2942903379	9.6810084545
816	0.2967834473	11.0333806373	1.9855063227
817	0.5472412109	8.5442477583	11.0412873342
818	0.3674316406	11.7122589594	5.1389716083
819	0.9113464355	-3.2296806915	3.8603180598
820	0.8644104004	-3.1879811376	5.9236440089
821	0.3400268555	11.5804487902	3.9219211557
822	0.1134338379	4.9634243418	-3.3300466965
823	0.2028503418	8.5474222583	-1.7031842463
824	0.3876342773	11.7006646065	6.0104897160
825	0.4747619629	10.6119366853	9.2693374971
826	0.1103820801	4.8288601283	-3.3331990447
827	0.8106994629	-2.1078885650	8.0642192170
828	0.7787170410	-1.0859804090	9.1599143521
829	0.1068115234	4.6708623272	-3.3315462493
830	0.2637329102	10.3483402695	0.5610680716
831	0.4541931152	11.0163652877	8.5938360189
832	0.6442871094	4.6221356227	11.6766203608
833	0.8915405273	-3.3330316805	4.7438555473
834	0.2300109863	9.4305532927	-0.7703333271
835	0.8625793457	-3.1673751104	6.0014322261
836	0.9300537109	-2.9487318395	3.0196160124
837	0.7852478027	-1.3127421557	8.9491010090
838	0.6238708496	5.5176370441	11.7186055025
839	0.6381835938	4.8921626432	11.6990583016
840	0.6901855469	2.5653460725	11.2410308431
841	0.9710083008	-1.6206249999	1.2080554774
842	0.3501892090	11.6490656326	4.3764356044
843	0.2448730469	9.8608424452	-0.2032824762
844	0.9819030762	-1.0829668116	0.7438365279
845	0.9092407227	-3.2497982143	3.9547619070
846	0.0609741211	2.6172283278	-2.7453290308
847	0.1211853027	5.3029732755	-3.3036501894
848	0.8850708008	-3.3269903381	5.0291880230
849	0.5136413574	9.6191405410	10.3461380623
850	0.7374877930	0.5103036988	10.3188433083
851	0.9186706543	-3.1419372693	3.5313275943
852	0.6466064453	4.5191077476	11.6658881325
853	0.4519958496	11.0543668015	8.5177445279
854	0.3972167969	11.6628622200	6.4127375773
855	0.8652343750	-3.1968319882	5.8885514271
856	0.9500732422	-2.4296624001	2.1247501174
857	0.5718383789	7.6478670420	11.4001560275
858	0.9259338379	-3.0268491702	3.2047664849
859	0.2532653809	10.0860779468	0.1313149644
860	0.3102416992	11.2472228881	2.5844563951
861	0.4513244629	11.0657749076	8.4943494266
862	0.0348205566	1.4604572403	-1.8747513984
863	0.0531005859	2.2657853044	-2.5279236824
864	0.5926208496	6.8298920831	11.6001647582
865	0.0749511719	3.2445546920	-3.0424042949
866	0.3422546387	11.5974726262	4.0217781167
867	0.6511840820	4.3151829386	11.6411482480
868	0.6578674316	4.0163091849	11.5965685751
869	0.6343994141	5.0586759144	11.7087387802
870	0.5811157227	7.2889693282	11.5012805046
871	0.7133178711	1.5415818726	10.8477241008
872	0.1314392090	5.7463436841	-3.2298663845
873	0.4542846680	11.0147597951	8.5969906388
874	0.9306335449	-2.9369763291	2.9935710477
875	0.1730651855	7.4520153874	-2.5296010652
876	0.2981872559	11.0574875625	2.0476360091
877	0.0429077148	1.8144910483	-2.1900413515
878	0.4735412598	10.6383557959	9.2311745218
879	0.3450012207	11.6169310725	4.1447374073
880	0.1216735840	5.3242443495	-3.3011236007
881	0.2680664063	10.4507010335	0.7425516749
882	0.7779541016	-1.0589481890	9.1840839770
883	0.1628723145	7.0509236790	-2.7550813433
884	0.3888854980	11.6969064642	6.0634648034
885	0.6579284668	4.0135745968	11.5961152984
886	0.6045532227	6.3390549995	11.6714059406
887	0.5430297852	8.6889563201	10.9668814308
888	0.9796752930	-1.1996923654	0.8378775441
889	0.8265686035	-2.5209125584	7.4661960872
890	0.7385864258	0.4647554445	10.2920484998
891	0.8726806641	-3.2646813516	5.5690725912
892	0.2613525391	10.2905530393	0.4622289181
893	0.0250244141	1.0377936457	-1.4344294804
894	0.9467468262	-2.5324920642	2.2725760603
895	0.6230468750	5.5532566737	11.7183176707
896	0.6082153320	6.1857029269	11.6868380898
897	0.8168945313	-2.2773937644	7.8346925466
898	0.0594787598	2.5503343534	-2.7068848373
899	0.0877990723	3.8219710502	-3.2208737911
900	0.0459594727	1.9490836767	-2.2980428507
901	0.8792419434	-3.3057782087	5.2843490044
902	0.1777648926	7.6327382156	-2.4151220110
903	0.2462463379	9.8985929629	-0.1491901856
904	0.0213317871	0.8805457849	-1.2513012058
905	0.9282226563	-2.9846165855	3.1018873523
906	0.0052490234	0.2117516368	-0.3393583303
907	0.7517395020	-0.0693766674	9.9533314304
908	0.2967224121	11.0323230695	1.9828071939
909	0.7700195313	-0.7714607004	9.4296296504
910	0.3052978516	11.1731680327	2.3636559998
911	0.0447082520	1.8938410867	-2.2544785685
912	0.9694824219	-1.6893670207	1.2738813868
913	0.4765625000	10.5724215508	9.3251681328
914	0.4829711914	10.4265279493	9.5193782684
915	0.5912170410	6.8866878532	11.5896818656
916	0.6166381836	5.8286410277	11.7108267793
917	0.6862792969	2.7402411026	11.2961743303
918	0.2921447754	10.9507719858	1.7809220095
919	0.2460632324	9.8935795975	-0.1564179186
920	0.5643310547	7.9302986127	11.3044918059
921	0.0299682617	1.2501630456	-1.6648023285
922	0.6674194336	3.5875687201	11.5155077998
923	0.7411499023	0.3590050136	10.2286197127
924	0.2824401855	10.7634455961	1.3570769324
925	0.6814270020	2.9579374232	11.3600586759
926	0.6812133789	2.9675302748	11.3627532027
927	0.2987365723	11.0668072768	2.0719729645
928	0.9039611816	-3.2904685465	4.1911393289
929	0.0334167480	1.3994401622	-1.8156363670
930	0.6258544922	5.4316977999	11.7186672490
931	0.3696899414	11.7155545411	5.2377396814
932	0.8697204590	-3.2403551479	5.6965697639
933	0.4982910156	10.0452997942	9.9541550257
934	0.2204589844	9.1337025234	-1.1150505791
935	0.4967956543	10.0844874008	9.9135959823
936	0.6977539063	2.2277738455	11.1248388442
937	0.4338378906	11.3289583742	7.8620980668
938	0.9431152344	-2.6370500895	2.4344464549
939	0.3031311035	11.1390591075	2.2671433839
940	0.8778991699	-3.2988303155	5.3428443441
941	0.1940917969	8.2381047541	-1.9699407974
942	0.4878845215	10.3091944144	9.6634149455
943	0.6051025391	6.3161292299	11.6739137575
944	0.8913879395	-3.3331063466	4.7506081190
945	0.3051147461	11.1703244429	2.3554934165
946	0.3467102051	11.6281845571	4.2211484545
947	0.6509704590	4.3247151125	11.6424077087
948	0.3552551270	11.6745982901	4.6018181094
949	0.7656555176	-0.6086403361	9.5600660816
950	0.5166320801	9.5311665136	10.4172292661
951	0.4840698242	10.4007019678	9.5519550159
952	0.2919311523	10.9468589517	1.7715285877
953	0.4730834961	10.6481854831	9.2167988125
954	0.3316345215	11.5063737893	3.5450459042
955	0.4309997559	11.3654377548	7.7555073979
956	0.5238342285	9.3129137234	10.5811841465
957	0.7740783691	-0.9199447104	9.3053592494
958	0.4198608398	11.4915312678	7.3272403849
959	0.7149963379	1.4684262020	10.8148192275
960	0.1927490234	8.1896988997	-2.0091875518
961	0.1405029297	6.1317497045	-3.1298041290
962	0.7854919434	-1.3210539882	8.9410856396
963	0.1941223145	8.2392019016	-1.9690435945
964	0.4045410156	11.6200096834	6.7144344397
965	0.9700622559	-1.6634316141	1.2488460482
966	0.0158386230	0.6490110206	-0.9610139099
967	0.2247314453	9.2683864839	-0.9629256883
968	0.9985351563	-0.0968282287	0.0587357963
969	0.5121765137	9.6616519339	10.3106808484
970	0.6134338379	5.9651648868	11.7035925258
971	0.6495056152	4.3900388994	11.6507674143
972	0.4421386719	11.2122231305	8.1676116821
973	0.9186706543	-3.1419372693	3.5313275943
974	0.4529418945	11.0381299637	8.5505954942
975	0.9108886719	-3.2342454568	3.8808561247
976	0.8503112793	-2.9970298610	6.5151456938
977	0.4197387695	11.4927614797	7.3224626858
978	0.3632812500	11.7031900585	4.9567072093
979	0.2894287109	10.9003113931	1.6616906097
980	0.1301574707	5.6913246316	-3.2414280130
981	0.6244812012	5.4912222810	11.7187194961
982	0.8345947266	-2.7020568778	7.1517216980
983	0.2668457031	10.4222400967	0.6912340797
984	0.2503967285	10.0105647304	0.0158796135
985	0.9468688965	-2.5288384958	2.2671433839
986	0.8503417969	-2.9975211516	6.5138849628
987	0.0144653320	0.5916037645	-0.8850520392
988	0.6359863281	4.9889384649	11.7050738419
989	0.1564636230	6.7927392379	-2.8799814882
990	0.8442687988	-2.8933907040	6.7629539121
991	0.0065612793	0.2652312040	-0.4209227235
992	0.6875000000	2.6855468750	11.2792968750
993	0.0541687012	2.3133391404	-2.5596043730
994	0.7825317383	-1.2194591114	9.0376223503
995	0.7583923340	-0.3308077367	9.7696949490
996	0.4258422852	11.4272158375	7.5591394117
997	0.2731018066	10.5649824264	0.9557672231
998	0.3705749512	11.7165308953	5.2763637487
999	0.6897583008	2.5844563951	11.2472228881
1000	0.2616271973	10.2972769299	0.4736015625
