0	1.3229064941	6.4751409448	5.8271308851
1	3.2515258789	14.6612362920	3.3199016355
2	3.7683410645	7.2949582973	2.1667727874
3	3.6222839355	10.5604868305	2.4154324960
4	0.0567626953	0.2857331643	2.0824078882
5	0.0398254395	0.2000863669	2.0563964392
6	1.5315551758	7.4721081863	6.0913204493
7	2.6467285156	13.7713094986	4.8847926509
8	1.9413146973	9.6604241046	6.0536876301
9	1.3722534180	6.7055588233	5.9091787879
10	3.3811950684	13.8201808175	2.9769888783
11	2.6562194824	13.8190489592	4.8629242626
12	2.0568847656	10.3341720907	5.9386351610
13	3.5732116699	11.4279950871	2.5174342386
14	0.6517944336	3.3435353136	3.7434630897
15	0.3882141113	1.9993465227	2.8444311077
16	2.5791625977	13.4173353923	5.0367758529
17	2.0753173828	10.4433831356	5.9168863475
18	1.9001770020	9.4258956301	6.0851146670
19	1.8306579590	9.0367143106	6.1257687621
20	1.1893005371	5.8618640702	5.5435863683
21	1.1104736328	5.5035743514	5.3358716058
22	2.1281433105	10.7584818745	5.8497546855
23	0.2260742188	1.1557331868	2.4115266013
24	3.1091003418	15.0266343565	3.7061677660
25	3.0265197754	15.0270856959	3.9290757583
26	1.6300354004	7.9676603603	6.1438713542
27	2.7004699707	14.0341230070	4.7593558337
28	1.7611389160	8.6570325225	6.1496085268
29	1.2285156250	6.0407066535	5.6359849168
30	1.4654846191	7.1494183283	6.0308415632
31	1.5170898438	7.4008232252	6.0798582294
32	1.0540466309	5.2469208377	5.1703473433
33	2.7452087402	14.2374424845	4.6520606843
34	0.5570678711	2.8678091098	3.4000596978
35	1.9554443359	9.7416636346	6.0416915612
36	0.2924499512	1.5009696922	2.5752461848
37	1.4203491211	6.9329987070	5.9773408125
38	2.4128723145	12.4705728898	5.3806499539
39	2.8152160645	14.5215562924	4.4793322025
40	3.7123718262	8.6697824908	2.2511738119
41	3.7291870117	8.2730092879	2.2242788787
42	0.4742736816	2.4445315612	3.1163645478
43	0.5450744629	2.8068815318	3.3578389589
44	3.6411743164	10.1964454470	2.3783702171
45	2.2198486328	11.3107508551	5.7173505941
46	2.0885314941	10.5219246907	5.9007530252
47	2.9966735840	14.9957488724	4.0088670423
48	3.2828674316	14.5071364622	3.2357230373
49	3.5798034668	11.3179287280	2.5032801712
50	1.1063537598	5.4848559411	5.3242426249
51	0.8035888672	4.0829145910	4.3092623790
52	2.1281738281	10.7586647047	5.8497139034
53	1.3270874023	6.4945605006	5.8345599397
54	2.1047668457	10.6186888045	5.8803232279
55	0.3850402832	1.9828600365	2.8349183964
56	3.9896850586	0.3760719326	2.0003539112
57	3.1269226074	15.0079834717	3.6577948347
58	1.2345275879	6.0681893647	5.6494857454
59	1.5750122070	7.6885315781	6.1199052711
60	3.6621093750	9.7730736683	2.3388500396
61	2.7330017090	14.1835025387	4.6815852045
62	2.6930541992	13.9989907825	4.7768938367
63	3.8760681152	4.2147401469	2.0495916347
64	2.2073364258	11.2351540841	5.7365422470
65	1.5539245605	7.5830795512	6.1071207678
66	0.8217773438	4.1695631241	4.3764410747
67	0.3381652832	1.7390389397	2.6990522046
68	3.8646240234	4.5686696532	2.0589592647
69	3.8446350098	5.1718355431	2.0771460881
70	1.8290100098	9.0276022101	6.1265338863
71	2.0627746582	10.3690232901	5.9317823406
72	3.5857849121	11.2163343848	2.4905536752
73	1.5227355957	7.4286016435	6.0844490712
74	3.1376037598	14.9933832162	3.6287821437
75	3.3315734863	14.2071961779	3.1063298407
76	2.1952514648	11.1621877951	5.7547492471
77	1.6099853516	7.8652700912	6.1366859136
78	2.3574218750	12.1405253325	5.4847763351
79	0.3605041504	1.8553000443	2.7627049645
80	2.1753234863	11.0420086852	5.7840535859
81	0.2987365723	1.5337079922	2.5917465316
82	0.8832397461	4.4595047420	4.5998322306
83	3.6785888672	9.4249205465	2.3089477752
84	2.0763244629	10.4493618526	5.9156725928
85	1.6431579590	8.0351021240	6.1476328777
86	0.1171569824	0.5935036707	2.1852526997
87	1.1318664551	5.6007560108	5.3950518946
88	0.5516967773	2.8405412206	3.3811095694
89	3.8758544922	4.2214037990	2.0497594303
90	3.3164978027	14.3081972133	3.1461595633
91	0.5122680664	2.6395195398	3.2441979687
92	0.0181884766	0.0911461307	2.0249347874
93	3.3491516113	14.0798410962	3.0601813462
94	2.0662841797	10.3898102082	5.9276557099
95	1.8116455078	8.9319145577	6.1340172173
96	3.9410095215	2.0907941677	2.0114447987
97	0.1015319824	0.5135486830	2.1571167256
98	2.3769226074	12.2570881606	5.4488004939
99	3.1004943848	15.0331513904	3.7295034036
100	0.7439880371	3.7960987676	4.0871945690
101	1.0490417480	5.2241124709	5.1550369169
102	2.4069519043	12.4355579989	5.3920337413
103	3.0319824219	15.0311191578	3.9144186967
104	2.3447265625	12.0644094971	5.5078133136
105	3.8017272949	6.4010797909	2.1237433081
106	1.8105773926	8.9260482492	6.1344427382
107	2.9708557129	14.9565719531	4.0774456801
108	0.3147583008	1.6171497713	2.6345607793
109	0.1049804688	0.5311764663	2.1632340127
110	1.7104797363	8.3865223761	6.1555902908
111	3.7472839355	7.8303863433	2.1967879205
112	3.6647644043	9.7178719674	2.3339591588
113	1.9059448242	9.4585945729	6.0810286696
114	1.2952880859	6.3472831947	5.7758353734
115	2.0357666016	10.2095846756	5.9624471867
116	0.2545166016	1.3035377198	2.4793141866
117	1.0450134277	5.2057473299	5.1426426331
118	0.0423278809	0.2127205553	2.0601626503
119	1.3591308594	6.6440154376	5.8885616207
120	0.8283691406	4.2008675192	4.4006873954
121	0.5721435547	2.9441872225	3.4535980984
122	0.5653991699	2.9100472200	3.4295846252
123	3.7173461914	8.5538591440	2.2430849409
124	2.6750793457	13.9122785442	4.8191030445
125	0.6882934570	3.5239912654	3.8790262020
126	0.0871276855	0.4400359503	2.1321284463
127	0.8414611816	4.2628891796	4.4486625591
128	1.9132385254	9.5000310009	6.0757104365
129	3.3118286133	14.3379702882	3.1585385531
130	2.5369873047	13.1856873396	5.1282096511
131	2.0725097656	10.4267215583	5.9202562901
132	3.4011840820	13.6395529526	2.9257915911
133	0.2699279785	1.3837188636	2.5175330534
134	2.2736206055	11.6358412475	5.6310380799
135	0.8654479980	4.3760109863	4.5358492389
136	3.2723999023	14.5618743054	3.2637710031
137	1.1150207520	5.5242322400	5.3486203007
138	0.4327087402	2.2300265555	2.9817662081
139	2.9179687500	14.8443802521	4.2164158343
140	3.0954589844	15.0362299739	3.7431489246
141	0.5661315918	2.9137570351	3.4321876366
142	2.8996276855	14.7962551318	4.2640774235
143	1.9245300293	9.5643688646	6.0671472074
144	3.6593322754	9.8304488425	2.3439954269
145	3.5752868652	11.3935582068	2.5129639050
146	0.9069519043	4.5702652955	4.6840576014
147	1.9551696777	9.7400812263	6.0419304723
148	0.3834228516	1.9744569178	2.8300855192
149	2.0189819336	10.1109986248	5.9805115392
150	3.2572326660	14.6353473909	3.3045319923
151	2.4594116211	12.7434118057	5.2890229080
152	2.3528747559	12.1132819553	5.4930626524
153	0.0146179199	0.0732215905	2.0199316032
154	2.1706237793	11.0136971943	5.7908323107
155	2.8952941895	14.7842365731	4.2752952486
156	3.9785156250	0.7783982736	2.0015316614
157	2.8617553711	14.6832615942	4.3615258358
158	0.7575683594	3.8618463654	4.1379599096
159	3.9830627441	0.6152310105	2.0009528716
160	2.2822265625	11.6878438243	5.6166622832
161	3.6086425781	10.8128829157	2.4429839016
162	0.1163635254	0.5894383483	2.1837979834
163	2.5843200684	13.4451481160	5.0254094278
164	0.8069763184	4.0990826600	4.3218021563
165	2.2435913086	11.4542871056	5.6799967320
166	3.0559692383	15.0422963591	3.8498878769
167	1.2057189941	5.9366615339	5.5831805459
168	2.1520080566	10.9016923117	5.8171788513
169	0.5114135742	2.6351473153	3.2412765807
170	2.4434204102	12.6501848903	5.3209296835
171	1.1280212402	5.5832888998	5.3845650408
172	1.1330261230	5.6060239295	5.3982015278
173	3.3547363281	14.0371731183	3.0455913165
174	1.1768188477	5.8050618761	5.5126212061
175	1.1598815918	5.7280466300	5.4694238752
176	1.5672912598	7.6498258951	6.1154598941
177	0.9805297852	4.9106376673	4.9360788084
178	2.7826843262	14.3951590264	4.5602996661
179	1.0168762207	5.0772639235	5.0543473034
180	3.6837768555	9.3125845310	2.2997621399
181	2.5514221191	13.2657744306	5.0972232387
182	3.6387634277	10.2438515403	2.3830278060
183	3.3253173828	14.2500192632	3.1228317541
184	2.1584167480	10.9402249704	5.8082002127
185	1.5021362305	7.3275146155	6.0669689063
186	3.8216857910	5.8404889768	2.1008141324
187	2.2511901855	11.5002356186	5.6677866587
188	2.7741394043	14.3602903564	4.5813680216
189	0.4808959961	2.4785988960	3.1383312546
190	2.5795288086	13.4193141928	5.0359700812
191	2.7540588379	14.2757845395	4.6305415880
192	0.7061767578	3.6117959785	3.9457815337
193	3.9158325195	2.9371445133	2.0231430942
194	1.4295959473	6.9770892591	5.9891209544
195	2.4659729004	12.7814865062	5.2758055097
196	0.4320373535	2.2265530148	2.9796404433
197	1.2063903809	5.9397223910	5.5847719166
198	3.8809509277	4.0618397013	2.0458301355
199	2.1953735352	11.1629245409	5.7545669709
200	3.2667846680	14.5898735866	3.2788459066
201	3.5397338867	11.9567341348	2.5913062910
202	2.7821960449	14.3931846030	4.5615058437
203	1.0560302734	5.2559581253	5.1763881382
204	2.5231933594	13.1084391247	5.1575154345
205	3.3322143555	14.2027359130	3.1046416122
206	3.2940368652	14.4450170838	3.2058781177
207	0.2208862305	1.1288038741	2.3995485648
208	1.2968139648	6.3543288641	5.7787699323
209	2.2955932617	11.7685651422	5.5940349130
210	1.4869689941	7.2535464372	6.0528047257
211	1.3009643555	6.3735034951	5.7866924925
212	0.8762207031	4.4266063238	4.5746657978
213	3.1286315918	15.0058222239	3.6531536972
214	2.5639343262	13.3345333470	5.0701036778
215	1.3493957520	6.5984894330	5.8727046018
216	1.7781982422	8.7493016843	6.1453903244
217	2.8334960938	14.5878911840	4.4333275924
218	3.7080078125	8.7704787907	2.2583605412
219	2.4901123047	12.9205949730	5.2265572327
220	3.4077148438	13.5773413680	2.9091938340
221	2.6569824219	13.8228631424	4.8611609638
222	3.5549621582	11.7224437537	2.5573028322
223	2.1719665527	11.0217848625	5.7889007289
224	2.3433227539	12.0559829064	5.5103418632
225	3.6571655273	9.8749555612	2.3480308697
226	0.2910461426	1.4936596022	2.5715848156
227	2.0475463867	10.2790070253	5.9493119863
228	2.2470703125	11.4753237558	5.6744217651
229	0.8945922852	4.5126046455	4.6403146086
230	1.3755187988	6.7209055299	5.9141741339
231	0.4770202637	2.4586648069	3.1254584593
232	3.3999023438	13.6515761594	2.9290568139
233	2.2488403320	11.4860266566	5.6715755254
234	1.8884277344	9.3594766107	6.0931078673
235	1.6571350098	8.1073119341	6.1508323273
236	0.8616027832	4.3579205947	4.5219405202
237	0.8598022461	4.3494440440	4.5154183969
238	3.5032043457	12.4773862657	2.6753921001
239	3.3751220703	13.8721833002	2.9926549955
240	3.2561035156	14.6405452264	3.3075716961
241	1.1942138672	5.8842373420	5.5555713396
242	3.0842285156	15.0411782313	3.7735573889
243	1.3875427246	6.7775309346	5.9321053369
244	3.1815185547	14.9049792652	3.5094554550
245	1.7369384766	8.5271543062	6.1537062341
246	0.9096679688	4.5829160393	4.6936217997
247	2.4242248535	12.5375371123	5.3586472222
248	2.2454528809	11.4655435299	5.6770168329
249	3.3075256348	14.3647849483	3.1699636337
250	0.5190429688	2.6741623871	3.2674320928
251	2.8171386719	14.5286973481	4.4745104801
252	3.7249450684	8.3744185293	2.2309428358
253	0.0014343262	0.0071729152	2.0019166655
254	2.1858520508	11.1054784085	5.7686836223
255	1.7544250488	8.6208811956	6.1509690906
256	1.8518371582	9.1542959161	6.1151011629
257	3.7565307617	7.5979671140	2.1833412421
258	1.0151977539	5.0695868061	5.0489875088
259	2.1591186523	10.9444469634	5.8072109757
260	2.7228088379	14.1375576302	4.7060965832
261	0.5445861816	2.8043980015	3.3561273468
262	2.6666564941	13.8709175174	4.8387333277
263	1.1931762695	5.8795118593	5.5530500062
264	1.8345642090	9.0583347369	6.1239174369
265	1.1875305176	5.8538061118	5.5392404450
266	2.7016296387	14.0395819594	4.7566067904
267	1.3863830566	6.7720615880	5.9304076220
268	1.2440185547	6.1116178431	5.6704357109
269	0.7988891602	4.0604598712	4.2918454149
270	1.5562744141	7.5947896191	6.1086461416
271	3.3901977539	13.7406396091	2.9538589640
272	3.3533935547	14.0475303671	3.0490959955
273	3.8502502441	5.0043384766	2.0718055412
274	0.1389160156	0.7051884207	2.2262316231
275	1.3566589355	6.6324452108	5.8845806007
276	0.3203735352	1.6463937964	2.6498232428
277	2.8627014160	14.6862965285	4.3591082391
278	3.0529479980	15.0414866817	3.8580301293
279	0.9423828125	4.7347477453	4.8073367346
280	1.0933227539	5.4256365324	5.2869768281
281	1.7230529785	8.4531729680	6.1550378079
282	0.4442749023	2.2898257037	3.0186346246
283	3.9373779297	2.2146235737	2.0128852970
284	1.0714721680	5.3262641464	5.2228739959
285	3.6254882813	10.4999275894	2.4090550778
286	3.4740905762	12.8517221968	2.7447163670
287	1.5189819336	7.4101265457	6.0814135455
288	3.3899230957	13.7431099224	2.9545629219
289	0.6377258301	3.2735389298	3.6915659928
290	0.4165344238	2.1462790376	2.9310017715
291	2.1307983398	10.7743911628	5.8461981913
292	0.8299255371	4.2082512905	4.4064036622
293	3.8926696777	3.6903001015	2.0373838805
294	0.3812866211	1.9633571026	2.8237179979
295	3.9864807129	0.4920189560	2.0006075391
296	1.3540039063	6.6200258101	5.8802702974
297	1.4046325684	6.8583364535	5.9563416672
298	0.6612548828	3.3904682862	3.7784863786
299	2.1988830566	11.1841086275	5.7493122331
300	0.2661132813	1.3638672525	2.5079761046
301	1.5107727051	7.3698071516	6.0745427474
302	1.7052001953	8.3586315942	6.1556350904
303	3.5336303711	12.0477602259	2.6051145284
304	2.9968261719	14.9959479427	4.0084604468
305	2.9375610352	14.8906986107	4.1651885665
306	2.7155151367	14.1041917055	4.7235559406
307	2.7883911133	14.4180702760	4.5461822124
308	0.5134277344	2.6454522573	3.2481659719
309	0.4922180176	2.5367659334	3.1762011872
310	1.8706665039	9.2595623970	6.1043383056
311	2.7964477539	14.4498909537	4.5261886832
312	2.3550720215	12.1264493264	5.4890633986
313	3.3789367676	13.8396731881	2.9828086431
314	2.1731262207	11.0287705302	5.7872291961
315	3.0558776855	15.0422744036	3.8501346686
316	1.2930603027	6.3370001587	5.7715298284
317	2.1405029297	10.8325935141	5.8330538044
318	2.9216918945	14.8535947610	4.2067054726
319	2.9832458496	14.9767211513	4.0445894978
320	2.6157836914	13.6121036651	4.9552172863
321	1.2246093750	6.0228602935	5.6271174165
322	2.8094787598	14.5000223403	4.4936969566
323	3.7926025391	6.6508500462	2.1349325378
324	1.0391235352	5.1788830256	5.1244075415
325	3.1752014160	14.9206027256	3.5266158706
326	1.6463623047	8.0516223553	6.1484395403
327	2.9994812012	14.9993492315	4.0013833812
328	0.2413635254	1.2351537294	2.4475214118
329	1.4489746094	7.0698975219	6.0124354790
330	2.7066955566	14.0633162800	4.7445774002
331	3.5496520996	11.8053104056	2.5690857724
332	1.0236206055	5.1080966090	5.0757805615
333	2.8567810059	14.6671317623	4.3742231905
334	3.7019653320	8.9083583637	2.2684492150
335	0.5730590820	2.9488179207	3.4568653727
336	3.0946655273	15.0366661492	3.7452985228
337	1.6299438477	7.9671910323	6.1438425112
338	3.3784179688	13.8441252388	2.9841465966
339	3.7628173828	7.4375352144	2.1744363734
340	1.4814453125	7.2267032940	6.0473714752
341	2.1118164063	10.6607902326	5.8712467371
342	1.7398376465	8.5426505725	6.1533336662
343	1.3790283203	6.7374143979	5.9194830630
344	2.5639038086	13.3343664202	5.0701701143
345	1.0739746094	5.3376507117	5.2303160606
346	3.8950500488	3.6140456635	2.0357693171
347	0.8777160645	4.4336195282	4.5800358178
348	3.7353820801	8.1233106983	2.2146955058
349	1.6578369141	8.1109484852	6.1509712413
350	0.5305786133	2.7330539770	3.3072787399
351	2.1647338867	10.9782348303	5.7992556192
352	1.6876525879	8.2663382061	6.1549785102
353	2.9409790039	14.8982204694	4.1562198963
354	2.0085144043	10.0497223294	5.9913832491
355	0.4746704102	2.4465733710	3.1176766409
356	0.3211059570	1.6502081408	2.6518237691
357	3.1284484863	15.0060569503	3.6536509801
358	1.0888671875	5.4053819637	5.2740681782
359	0.8747863770	4.4198771124	4.5695107274
360	0.2799072266	1.4356629015	2.5428339305
361	1.3694152832	6.6922307205	5.9047933716
362	1.2774658203	6.2651355389	5.7406910287
363	0.3938293457	2.0285059269	2.8613559327
364	0.1121826172	0.5680261116	2.1761786444
365	3.1982421875	14.8587052047	3.4640527076
366	0.7984619141	4.0584171833	4.2902609780
367	0.7760620117	3.9510039382	4.2069729087
368	2.0551147461	10.3237072892	5.9406766629
369	0.6012573242	3.0909983010	3.5583191018
370	2.1921386719	11.1434029535	5.7593859657
371	0.8600463867	4.3505936190	4.5163030961
372	1.4450988770	7.0512908487	6.0079208001
373	0.7078247070	3.6198666926	3.9519399115
374	3.5373840332	11.9919730177	2.5966105389
375	3.5826721191	11.2694095927	2.4971626177
376	0.7529602051	3.8395628981	4.1207399585
377	3.1069946289	15.0283765728	3.7118790968
378	1.2994995117	6.3667342266	5.7839062225
379	1.6080017090	7.8551827981	6.1358794970
380	0.2441406250	1.2495878759	2.4541704687
381	0.7887878418	4.0121043574	4.2543401577
382	0.8027343750	4.0788339362	4.3060973059
383	3.5810852051	11.2962965281	2.5005436159
384	1.2637023926	6.2018680634	5.7124582157
385	3.7106628418	8.7093276553	2.2539781852
386	0.3280334473	1.6862838647	2.6708564425
387	1.0070800781	5.0324349562	5.0229229848
388	1.1465759277	5.6675806969	5.4345501915
389	0.9888000488	4.9486266611	4.9633856220
390	2.8356933594	14.5956253165	4.4277740430
391	3.7549438477	7.6381551595	2.1856195635
392	3.7528381348	7.6912891071	2.1886615708
393	2.7147216797	14.1005378286	4.7254512144
394	3.3129577637	14.3308349933	3.1555431577
395	1.1864624023	5.8489440368	5.5366106542
396	2.6275634766	13.6733265710	4.9285685370
397	0.3965148926	2.0424474742	2.8694928876
398	3.7467041016	7.8448194477	2.1976447977
399	1.9101562500	9.4825084124	6.0779784210
400	0.7863159180	4.0002518043	4.2451488214
401	3.0252685547	15.0260859967	3.9324307821
402	3.7211303711	8.4648552332	2.2370056505
403	1.1601257324	5.7291563450	5.4700560892
404	0.1250915527	0.6341859034	2.1999529226
405	3.7665710449	7.3408103803	2.1692120597
406	0.6402893066	3.2863110397	3.7010043446
407	2.7999877930	14.4636750773	4.5173805548
408	0.4555053711	2.3478118159	3.0548721001
409	1.2768249512	6.2621864066	5.7393975129
410	2.5759277344	13.3998301902	5.0438847669
411	3.9517517090	1.7211102023	2.0076767063
412	3.1650390625	14.9436480395	3.5542287651
413	0.6447143555	3.3083394355	3.7173160500
414	2.7400512695	14.2147997258	4.6645571542
415	0.2498474121	1.2792565445	2.4679407965
416	0.5021362305	2.5876372046	3.2096917684
417	1.9574890137	9.7534477802	6.0399059118
418	0.5825500488	2.9967700712	3.4908387337
419	3.7198486328	8.4950808095	2.2390575441
420	1.4862670898	7.2501326454	6.0521224777
421	0.4925537109	2.5384890315	3.1773299487
422	2.5138549805	13.0557684081	5.1771838283
423	2.2825317383	11.6896874936	5.6161497216
424	1.4432983398	7.0426545455	6.0057982675
425	2.5337829590	13.1678032381	5.1350441442
426	3.2527160645	14.6559152892	3.3166948173
427	3.8826293945	4.0090202568	2.0445698887
428	2.1654357910	10.9824597686	5.7982560311
429	2.8128967285	14.5128913376	4.4851435495
430	0.7986450195	4.0592926486	4.2909400438
431	2.2429809570	11.4505964980	5.6809721436
432	0.6965332031	3.5644979017	3.9097647368
433	3.5758666992	11.3839010867	2.5117172005
434	3.0297851563	15.0295617621	3.9203161182
435	3.2431335449	14.6975951523	3.3425334211
436	0.7421264648	3.7870678056	4.0802322626
437	1.2744140625	6.2510949144	5.7345129554
438	3.9254455566	2.6173552602	2.0182062515
439	2.9234924316	14.8579823688	4.2020053067
440	2.7047119141	14.0540446723	4.7492916532
441	0.8823242188	4.4552166161	4.5965554420
442	1.4138183594	6.9019322368	5.9687645879
443	0.1141052246	0.5778707511	2.1796728497
444	0.3438110352	1.7684300758	2.7149474106
445	3.8368835449	5.4005477981	2.0848116583
446	2.8445434570	14.6262415425	4.4053549272
447	1.6886291504	8.2714581095	6.1550478396
448	0.0611572266	0.3080057720	2.0893572508
449	3.6052856445	10.8736559200	2.4498617635
450	3.0864868164	15.0403937239	3.7674456265
451	1.4431152344	7.0417765513	6.0055815217
452	2.8108520508	14.5052071178	4.4902618537
453	1.8760681152	9.2898856101	6.1010325421
454	0.2503051758	1.2816367900	2.4690515903
455	1.6001281738	7.8152191182	6.1325074926
456	0.6345520020	3.2577148820	3.6798921969
457	3.3754272461	13.8696016761	2.9918665707
458	1.0361022949	5.1650969689	5.1150021515
459	0.9374389648	4.7118652523	4.7903365401
460	0.8215332031	4.1684027050	4.3755419687
461	0.3087158203	1.5856799177	2.6182856526
462	0.7061767578	3.6117959785	3.9457815337
463	0.5420837402	2.7916662603	3.3473645090
464	2.6939392090	14.0032036642	4.7748045999
465	3.4268493652	13.3858003835	2.8609600413
466	0.6826171875	3.4960366603	3.8578740335
467	1.1891784668	5.8613083162	5.5432871309
468	3.0169372559	15.0187173634	3.9547489331
469	0.7176513672	3.6679199780	3.9886783684
470	0.7698669434	3.9211858832	4.1838746630
471	1.3458251953	6.5818187657	5.8667686078
472	3.0338134766	15.0323497753	3.9095023144
473	3.7222900391	8.4374384471	2.2351555723
474	2.0025939941	10.0151367611	5.9973964834
475	2.8001403809	14.4642664747	4.5170005793
476	3.1261291504	15.0089644585	3.6599495160
477	3.4766845703	12.8197967801	2.7384630911
478	1.1181640625	5.5385117363	5.3573799423
479	2.9149475098	14.8367634418	4.2242869322
480	0.0989990234	0.5006077032	2.1526567585
481	1.0779113770	5.3555602897	5.2419714790
482	0.6543273926	3.3561120435	3.7528310931
483	3.5069274902	12.4269484161	2.6666683366
484	2.0910644531	10.5370026075	5.8976095135
485	2.8756103516	14.7266457141	4.3260328185
486	0.6719360352	3.4433238373	3.8181329914
487	1.3503112793	6.6027662666	5.8742162665
488	2.1097717285	10.6485738772	5.8738920258
489	0.2884216309	1.4799933929	2.5647624001
490	1.1026306152	5.4679384793	5.3136699590
491	2.3059387207	11.8309877703	5.5762750952
492	1.1914978027	5.8718684898	5.5489604278
493	2.2453002930	11.4646208690	5.6772613640
494	1.7213134766	8.4439326866	6.1551514567
495	1.0750427246	5.3425103053	5.2334847094
496	2.1867370605	11.1108161607	5.7673801423
497	3.2520751953	14.6587855552	3.3184214767
498	1.7440490723	8.5651914626	6.1527347228
499	3.5782775879	11.3435833959	2.5065446429
500	0.1701965332	0.8663652487	2.2888313654
501	0.0826110840	0.4170258664	2.1244797862
502	3.0504760742	15.0406941439	3.8646890517
503	1.9595336914	9.7652389498	6.0381077853
504	1.4759521484	7.2000579218	6.0418219542
505	3.0955505371	15.0361787918	3.7429008831
506	2.0317077637	10.1857084189	5.9668861256
507	0.2148742676	1.0976114218	2.3858179203
508	1.3576965332	6.6373009836	5.8862554059
509	0.1754150391	0.8933178704	2.2996997942
510	2.0628051758	10.3692039800	5.9317465960
511	0.4464416504	2.3010193700	3.0255927817
512	1.2738342285	6.2484280097	5.7333338357
513	3.2991638184	14.4151999717	3.1922101475
514	3.6004638672	10.9600282883	2.4598070978
515	1.7413635254	8.5508133850	6.1531245461
516	0.7975463867	4.0540392356	4.2868651692
517	0.7275695801	3.7162955866	4.0257775129
518	2.9057617188	14.8128486114	4.2481700382
519	0.6756896973	3.4618649610	3.8320892300
520	2.1521606445	10.9026094140	5.8169661985
521	2.8216552734	14.5453230282	4.4631675789
522	0.3917236328	2.0175725342	2.8549950044
523	1.4432067871	7.0422155421	6.0056899153
524	3.3710937500	13.9059492869	3.0030737116
525	1.4840087891	7.2391546505	6.0499112990
526	1.5959777832	7.7942010959	6.1306194990
527	3.6094665527	10.7978853807	2.4413015351
528	0.0831604004	0.4198233323	2.1254052830
529	0.2253112793	1.1517723247	2.4097576215
530	3.7785339355	7.0278964811	2.1530311149
531	1.4905700684	7.2710734964	6.0562676378
532	3.9226074219	2.7122046416	2.0196037442
533	3.8556518555	4.8417791464	2.0668381757
534	1.1442565918	5.6570429773	5.4283877607
535	0.1571960449	0.7992962137	2.2622844784
536	2.5643920898	13.3370367835	5.0691069589
537	2.8009338379	14.4673380665	4.5150242887
538	0.6906433105	3.5355519383	3.8877885584
539	3.0634460449	15.0435406253	3.8297215991
540	1.3842468262	6.7619909967	5.9272625542
541	0.0444030762	0.2232029945	2.0633060228
542	1.6804809570	8.2287980935	6.1543499604
543	2.3006591797	11.7991386153	5.5853651010
544	1.7438659668	8.5642106722	6.1527621824
545	2.6928710938	13.9981184761	4.7773259643
546	0.7394104004	3.7738835263	4.0700731810
547	3.4765319824	12.8216823935	2.7388305307
548	1.9010620117	9.4309089617	6.0844946112
549	1.1682434082	5.7660607616	5.4909186071
550	3.5787048340	11.3364108137	2.5056298621
551	1.2188110352	5.9963839804	5.6138165965
552	0.5449218750	2.8061054536	3.3573040176
553	3.0239257813	15.0249819067	3.9360303756
554	1.3428344727	6.5678661967	5.8617469523
555	3.3043212891	14.3843676267	3.1784819362
556	0.9559936523	4.7976378863	4.8537777351
557	3.3861389160	13.7768651038	2.9642728892
558	0.5821228027	2.9946135391	3.4893054409
559	1.4128723145	6.8974369163	5.9675046108
560	1.7913513184	8.8208453128	6.1414025028
561	1.0204467773	5.0935901300	5.0657150374
562	3.8505249023	4.9961066511	2.0715489289
563	0.5061035156	2.6079629705	3.2231683760
564	1.4948730469	7.2920451410	6.0603237566
565	3.0230712891	15.0242625096	3.9383205265
566	0.9281005859	4.6685837750	4.7580411026
567	1.8314208984	9.0409346890	6.1254113380
568	2.3323059082	11.9897901854	5.5300542990
569	2.1372985840	10.8133670728	5.8374189852
570	0.6688232422	3.4279348974	3.8065683404
571	2.5509033203	13.2629099122	5.0983425144
572	3.0514526367	15.0410211852	3.8620586843
573	1.6950073242	8.3049450494	6.1554052638
574	2.4731140137	12.8228019220	5.2613376567
575	0.9952087402	4.9780328047	4.9843888953
576	2.1672973633	10.9936665606	5.7955994046
577	0.1828918457	0.9319629735	2.3154835701
578	0.3855895996	1.9857137206	2.8365620499
579	2.5424804688	13.2162576356	5.1164559869
580	3.8722839355	4.3324617682	2.0526039492
581	3.4339904785	13.3107208180	2.8431185134
582	2.8177185059	14.5308435387	4.4730555255
583	1.1222534180	5.5570882823	5.3687105033
584	0.5712890625	2.9398644372	3.4505502479
585	1.4440612793	7.0463133987	6.0066995961
586	0.8954162598	4.5164534864	4.6432417738
587	2.3443908691	12.0623946141	5.5084183091
588	0.0419006348	0.2105630021	2.0595177569
589	2.8130187988	14.5133487548	4.4848378350
590	0.4317321777	2.2249740501	2.9786747123
591	3.2528991699	14.6550930210	3.3162015243
592	0.2195739746	1.1219940691	2.3965377945
593	1.8112792969	8.9299029955	6.1341635675
594	2.5245056152	13.1158168376	5.1547404405
595	3.7049865723	8.8396428562	2.2633849841
596	1.6077270508	7.8537866976	6.1357664746
597	3.0711975098	15.0436722896	3.8087914009
598	3.7790222168	7.0149741054	2.1523859864
599	1.3747558594	6.7173186727	5.9130118082
600	3.3128967285	14.3312217385	3.1557050422
601	2.9034423828	14.8066325818	4.2541886865
602	2.1557006836	10.9238909088	5.8120172413
603	1.3823242188	6.7529324469	5.9244123695
604	3.7050170898	8.8389464725	2.2633340328
605	2.2385253906	11.4236556359	5.6880685836
606	2.4426574707	12.6457224855	5.3224409934
607	3.5476074219	11.8368838482	2.5736441918
608	3.7023620605	8.8993606850	2.2677819555
609	0.1929931641	0.9842242329	2.3372044802
610	2.3534545898	12.1167571772	5.4920081801
611	1.2692871094	6.2275227148	5.7240285808
612	0.6819152832	3.4925770809	3.8552599135
613	1.2610778809	6.1898195366	5.7069668737
614	3.2497863770	14.6689392646	3.3245897991
615	1.0285949707	5.1308222907	5.0914815031
616	3.0144348145	15.0162645837	3.9614451038
617	3.1309204102	15.0028238841	3.6469373101
618	2.4889526367	12.9139490523	5.2289452338
619	1.5184631348	7.4075750143	6.0809887711
620	1.2245483398	6.0225815072	5.6269782667
621	1.1260070801	5.5741395099	5.3790454347
622	3.3967285156	13.6810858676	2.9371528247
623	2.3971252441	12.3773093815	5.4107898778
624	1.7760314941	8.7375496274	6.1459861597
625	3.2716369629	14.5657341128	3.2658180872
626	3.8648986816	4.5602483916	2.0587254491
627	2.6672363281	13.8737792771	4.8373850391
628	3.4818420410	12.7554990654	2.7260733542
629	3.9863586426	0.4964276647	2.0006185439
630	3.5739440918	11.4158632734	2.5158549697
631	2.6797790527	13.9351579475	4.8081084781
632	3.5393981934	11.9617831483	2.5920631206
633	2.3981933594	12.3836483853	5.4087595889
634	3.8407287598	5.2874561111	2.0809667355
635	0.7627868652	3.8870486311	4.1574508720
636	2.1906433105	11.1343803926	5.7616056454
637	0.2862854004	1.4688702451	2.5592311907
638	0.0910644531	0.4601080300	2.1388677475
639	1.4754943848	7.1978396842	6.0413528949
640	1.0072326660	5.0331336522	5.0234150801
641	3.6470642090	10.0794615777	2.3670827737
642	2.9574890137	14.9321351799	4.1127707853
643	0.4870300293	2.5101249128	3.1587998558
644	3.8006896973	6.4296884688	2.1249935951
645	0.8858947754	4.4719353082	4.6093248978
646	2.0018005371	10.0105056058	5.9981948735
647	2.0804443359	10.4738326400	5.9106799878
648	0.1575622559	0.8011839381	2.2630219534
649	2.6332702637	13.7027180020	4.9155873735
650	1.0628662109	5.2870913220	5.1970854922
651	0.2816162109	1.4445600510	2.5472101851
652	1.5996093750	7.8125900538	6.1322756755
653	1.1863708496	5.8485273043	5.5363849898
654	0.2290649414	1.1712619224	2.4184859365
655	1.6130676270	7.8809593597	6.1379046587
656	1.3688659668	6.6896522200	5.9039398888
657	0.5753784180	2.9605450397	3.4651503712
658	2.4361572266	12.6076516306	5.3352765528
659	1.4729919434	7.1857192954	6.0387707304
660	3.8379211426	5.3701016738	2.0837659598
661	0.2548828125	1.3054423698	2.4802102743
662	1.6898498535	8.2778607075	6.1551290378
663	3.1390686035	14.9911765605	3.6248023618
664	1.5449829102	7.5386127344	6.1010835720
665	3.4204101563	13.4518149205	2.8771237967
666	2.9133911133	14.8327912264	4.2283387001
667	3.3973999023	13.6748745052	2.9354389444
668	2.8540344238	14.6581029147	4.3812234720
669	1.9496154785	9.7081088226	6.0467132344
670	0.4203186035	2.1658848853	2.9427944206
671	0.7964172363	4.0486383396	4.2826759163
672	2.2401123047	11.4332508733	5.6855459442
673	3.9689025879	1.1205056178	2.0032020421
674	0.0121154785	0.0606682457	2.0164567257
675	0.5257873535	2.7086084774	3.2906857244
676	1.1992797852	5.9073144111	5.5678069518
677	2.0447387695	10.2624438228	5.9524765362
678	0.7007751465	3.5853176700	3.9256027461
679	3.9203491211	2.7874160320	2.0207517294
680	3.7839050293	6.8851020825	2.1460014961
681	1.0000000000	5.0000000000	5.0000000000
682	3.0566101074	15.0424455198	3.8481602365
683	0.5889282227	3.0289403407	3.5137714272
684	3.7627868652	7.4383187365	2.1744791326
685	1.3554992676	6.6270196458	5.8827023216
686	3.1806945801	14.9070741440	3.5116935223
687	0.1683654785	0.8569122341	2.2850467116
688	3.4063415527	13.5905555963	2.9126784969
689	2.3963012695	12.3724180562	5.4123546921
690	0.3027648926	1.5546871092	2.6024084940
691	1.7023010254	8.3433399735	6.1556122543
692	1.8966674805	9.4060293909	6.0875488044
693	0.8631286621	4.3651012847	4.5274631205
694	2.0036315918	10.0211943286	5.9963497521
695	0.6452331543	3.3109205190	3.7192300157
696	1.3628540039	6.6614557010	5.8944994684
697	3.2688598633	14.5796360900	3.2732725122
698	3.0630798340	15.0435050748	3.8307098583
699	3.4912109375	12.6358786960	2.7037172035
700	2.5409240723	13.2076074859	5.1197909750
701	3.8398437500	5.3135486915	2.0818443150
702	2.9323425293	14.8788902046	4.1788638559
703	0.0279846191	0.1404015020	2.0389351124
704	0.0592041016	0.2981043070	2.0862584074
705	2.0823669434	10.4852590887	5.9083351630
706	1.8317871094	9.0429608780	6.1252390559
707	0.2156677246	1.1017273072	2.3876208684
708	0.3483886719	1.7922570898	2.7279311802
709	1.9739685059	9.8486784842	6.0250612516
710	0.4736633301	2.4413900919	3.1143469167
711	0.6908874512	3.5367526458	3.8886991161
712	0.1766052246	0.8994673058	2.3021955972
713	3.7799377441	6.9907128765	2.1511796359
714	0.4096374512	2.1105280378	2.9096433004
715	0.8955078125	4.5168810926	4.6435669197
716	3.8097839355	6.1771396514	2.1142297931
717	0.4946899414	2.5494520896	3.1845208649
718	1.0036010742	5.0165009056	5.0116809900
719	3.8305664063	5.5847818044	2.0913078966
720	3.7966308594	6.5410894836	2.1299389493
721	0.9082336426	4.5762362104	4.6885732712
722	0.0291137695	0.1460861468	2.0405747330
723	0.4352722168	2.2432868464	2.9898973517
724	2.3788146973	12.2683722438	5.4452723084
725	1.2973937988	6.3570067545	5.7798819847
726	1.8923034668	9.3813579378	6.0905203670
727	1.5908203125	7.7681291469	6.1281665612
728	0.5262145996	2.7107891903	3.2921629019
729	1.7424316406	8.5565301779	6.1529728252
730	2.4793090820	12.8585351011	5.2487173747
731	3.7492980957	7.7801209820	2.1938238885
732	3.5969848633	11.0216760192	2.4670307868
733	1.0683288574	5.3119589638	5.2134896991
734	3.6290893555	10.4312905919	2.4019317571
735	3.1877136230	14.8886762912	3.4926313371
736	1.6227416992	7.9303222518	6.1414599229
737	2.4112548828	12.4610130759	5.3837661616
738	0.2309570313	1.1810879597	2.4229092905
739	3.8867187500	3.8797778687	2.0415699694
740	2.2187194824	11.3039269786	5.7190966382
741	0.4098510742	2.1116357030	2.9103022196
742	2.9473571777	14.9118015210	4.1394592623
743	2.0346679688	10.2031196779	5.9636531242
744	0.1189270020	0.6025743857	2.1885078575
745	3.0218505859	15.0232122022	3.9415914919
746	2.5614318848	13.3208325288	5.0755467632
747	0.1564025879	0.7952064601	2.2606886680
748	1.3363342285	6.5375743632	5.8506764785
749	1.9653015137	9.7985382181	6.0329684875
750	0.9497070313	4.7686091875	4.8323944926
751	3.8672485352	4.4880526562	2.0567430329
752	1.9479370117	9.6984571580	6.0481403132
753	2.7850036621	14.4045072852	4.5545665848
754	2.6797180176	13.9348617396	4.8082514539
755	1.2519226074	6.1478270427	5.6875417832
756	1.5050354004	7.3416975448	6.0695509768
757	3.5440063477	11.8920395147	2.5817009109
758	2.2327880859	11.3889670448	5.6971438656
759	3.8684082031	4.4523265631	2.0557766006
760	1.0682983398	5.3118200642	5.2133983919
761	2.1399230957	10.8291138241	5.8338455181
762	0.8515319824	4.3104625892	4.4853871376
763	3.3767700195	13.8582029359	2.9883989761
764	3.8679199219	4.4673769385	2.0561825594
765	3.2463684082	14.6838203832	3.3338059321
766	2.0125122070	10.0731061676	5.9872671306
767	3.7932434082	6.6334416696	2.1341324360
768	1.5888977051	7.7584230257	6.1272217630
769	3.8793945313	4.1106990152	2.0470137301
770	1.5241088867	7.4353669976	6.0855430373
771	0.3690490723	1.8997433900	2.7875845922
772	3.2809753418	14.5172779989	3.2407875266
773	0.5887756348	3.0281712378	3.5132218740
774	2.2488708496	11.4862111892	5.6715263942
775	0.0942077637	0.4761451113	2.1442973567
776	2.8940429688	14.7807213410	4.2785310483
777	2.2746276855	11.6419276684	5.6293636559
778	3.4514160156	13.1191466756	2.7999718652
779	0.8266906738	4.1929014068	4.3945190682
780	2.4381103516	12.6191002755	5.3314275478
781	1.6286315918	7.9604658123	6.1434251182
782	2.7709655762	14.3471702576	4.5891717998
783	3.0460205078	15.0389722189	3.8766847299
784	1.7684936523	8.6967398331	6.1479231941
785	1.2004699707	5.9127375272	5.5706636267
786	2.8190307617	14.5356878914	4.4697613949
787	1.2323913574	6.0584216503	5.6447089106
788	2.9960327148	14.9949085231	4.0105745848
789	0.0893249512	0.4512371504	2.1358815736
790	2.4020690918	12.4066344805	5.4013752629
791	1.8705749512	9.2590489223	6.1043935033
792	0.5222778320	2.6906891750	3.2785701592
793	3.2601928711	14.6215430296	3.2965663014
794	3.3691406250	13.9221129102	3.0081328210
795	3.0786437988	15.0426688978	3.7886646772
796	0.6994628906	3.5788794699	3.9207023485
797	2.4853210449	12.8931118586	5.2364091183
798	3.0845947266	15.0410581549	3.7725663993
799	3.8621215820	4.6452306700	2.0611098268
800	2.1158752441	10.6850527331	5.8659649995
801	3.9106140137	3.1089836180	2.0260637892
802	0.5256652832	2.7079853859	3.2902637625
803	0.9926757813	4.9664136116	4.9761041897
804	1.5058898926	7.3458805096	6.0703043611
805	3.2470397949	14.6809238597	3.3319951782
806	1.0051269531	5.0234904206	5.0166169209
807	2.5121459961	13.0460979213	5.1807681678
808	2.2851867676	11.7057261341	5.6116824296
809	2.5870666504	13.4599104444	5.0193401155
810	2.5190429688	13.0850661432	5.1662741294
811	1.8614501953	9.2079529648	6.1097549132
812	1.7108154297	8.3882976973	6.1555836824
813	2.8459777832	14.6311217622	4.4017139086
814	3.7193298340	8.5072919346	2.2398901785
815	3.6343994141	10.3289574062	2.3915131730
816	0.6664428711	3.4161587248	3.7977304538
817	3.8284301758	5.6466436112	2.0935548886
818	0.5114440918	2.6353034771	3.2413808808
819	2.9567565918	14.9307170084	4.1147026530
820	2.0725402832	10.4269026118	5.9202197701
821	2.9196166992	14.8484823088	4.2121192454
822	0.2770385742	1.4207293371	2.5355165522
823	3.4899291992	12.6524595468	2.7067640228
824	1.9213562012	9.5462616265	6.0695944286
825	1.4020080566	6.8459017241	5.9527147918
826	1.7216491699	8.4457154185	6.1551304513
827	0.0600585938	0.3024357020	2.0876121344
828	0.9372558594	4.7110173426	4.7897055916
829	1.3964538574	6.8196169246	5.9449255759
830	2.3472595215	12.0796091821	5.5032414210
831	3.9119567871	3.0648867048	2.0252961598
832	2.8618774414	14.6836537887	4.3612139373
833	0.4287414551	2.2094974917	2.9692279843
834	2.5500793457	13.2583582133	5.1001193334
835	1.5877380371	7.7525719466	6.1266438860
836	2.3641357422	12.1807083417	5.4724703789
837	3.6210021973	10.5845746970	2.4179936353
838	2.3430786133	12.0545172212	5.5107812267
839	0.4310607910	2.2215001467	2.9765512617
840	1.5755310059	7.6911363599	6.1201942743
841	2.5079956055	13.0225730273	5.1894534342
842	3.7037658691	8.8674606805	2.2654263632
843	1.7157897949	8.4146316308	6.1554332691
844	2.2501525879	11.4939615462	5.6694611031
845	3.4787597656	12.7940573513	2.7334709084
846	1.5467834473	7.5475551000	6.1023289779
847	3.4000244141	13.6504337194	2.9287457326
848	1.5500488281	7.5637876421	6.1045493158
849	2.8427124023	14.6199781268	4.4099999807
850	1.3214721680	6.4684828227	5.8245618562
851	2.5050354004	13.0057606254	5.1956310934
852	0.4552001953	2.3462371669	3.0538817717
853	0.5212707520	2.6855450517	3.2750996144
854	0.2347106934	1.2005853925	2.4317316591
855	1.1189880371	5.5422548227	5.3596689334
856	1.7987365723	8.8611688680	6.1388866508
857	3.3642578125	13.9619316576	3.0208018892
858	2.0984802246	10.5811866542	5.8883127891
859	1.0260925293	5.1193913045	5.0835943445
860	3.9270629883	2.5631388495	2.0174324258
861	0.0911560059	0.4605749979	2.1390252807
862	0.8024597168	4.0775221066	4.3050798029
863	3.9602661133	1.4245239241	2.0052170542
864	0.9851379395	4.9318107965	4.9513219113
865	1.8576354980	9.1866391384	6.1119137240
866	2.4118041992	12.4642603264	5.3827083491
867	2.4842834473	12.8871514960	5.2385376589
868	0.8264465332	4.1917424205	4.3936215387
869	3.4469299316	13.1696108340	2.8110252058
870	1.8897094727	9.3667098560	6.0922575437
871	2.4934692383	12.9398110843	5.2196321459
872	1.5482788086	7.5549862854	6.1033518880
873	2.0862731934	10.5084877551	5.9035419050
874	2.4450683594	12.6598192958	5.3176618310
875	2.3447570801	12.0645926630	5.5077583034
876	2.6518554688	13.7971644981	4.8729949483
877	0.8882141113	4.4827881422	4.6176050024
878	2.5052185059	13.0068013704	5.1952493813
879	0.6104736328	3.1372760811	3.5917960950
880	0.8275146484	4.1968124621	4.3975476353
881	1.9171447754	9.5222625249	6.0727931786
882	0.3135375977	1.6107922556	2.6312604310
883	0.4573669434	2.3574158557	3.0609198200
884	0.3647766113	1.8775240354	2.7751084439
885	2.8806152344	14.7417470201	4.3131663304
886	2.1520080566	10.9016923117	5.8171788513
887	0.6503906250	3.3365616886	3.7382742173
888	3.1876220703	14.8889243561	3.4928799297
889	1.4457397461	7.0543659693	6.0086724238
890	0.1890869141	0.9640077363	2.3287507910
891	2.1817626953	11.0808194214	5.7746834728
892	3.5145874023	12.3213198447	2.6488265670
893	3.1807250977	14.9069968622	3.5116106295
894	3.9521789551	1.7063025525	2.0075421408
895	0.5246887207	2.7030001629	3.2868894923
896	1.1438293457	5.6551018735	5.4272498878
897	3.1210937500	15.0148598933	3.6736213369
898	0.4253234863	2.1918040927	2.9584706621
899	3.5123901367	12.3518764332	2.6539297239
900	2.3634643555	12.1766923833	5.4737047770
901	0.9612121582	4.8217101995	4.8714382871
902	3.7719116211	7.2019916740	2.1618997102
903	1.8420104980	9.0996316908	6.1202422180
904	0.4866333008	2.5080867912	3.1574725243
905	2.8706970215	14.7115236699	4.3386407664
906	0.6823730469	3.4948333988	3.8569647361
907	0.2034301758	1.0382794335	2.3601259869
908	0.0115966797	0.0580666724	2.0157395805
909	1.9357299805	9.6284091002	6.0582620675
910	1.3466491699	6.5856645796	5.8681441755
911	0.0332641602	0.1669937317	2.0466475809
912	2.4069824219	12.4357386442	5.3919752224
913	1.2255859375	6.0273211357	5.6293413237
914	1.0520935059	5.2380211547	5.1643842745
915	1.8937988281	9.3898078138	6.0895090527
916	2.5219421387	13.1013990432	5.1601588108
917	1.4839172363	7.2387097736	6.0498211376
918	3.4059143066	13.5946522817	2.9137632186
919	3.4767150879	12.8194195426	2.7383896092
920	3.6212463379	10.5799925104	2.4175053529
921	0.4453125000	2.2951864083	3.0219646958
922	1.1829528809	5.8329711343	5.5279315557
923	0.2322082520	1.1875865436	2.4258431373
924	2.0454711914	10.2667636474	5.9516530377
925	3.7764892578	7.0818808697	2.1557457203
926	2.7983093262	14.4571547002	4.5215585699
927	1.6227722168	7.9304782605	6.1414704930
928	3.4961547852	12.5712794807	2.6920005126
929	0.6429443359	3.2995309253	3.7107884877
930	0.4050598145	2.0867874205	2.8955642486
931	1.0021667480	5.0099294689	5.0070337961
932	1.9459533691	9.6870568590	6.0498158924
933	0.9001464844	4.5385353310	4.6600159360
934	2.6166992188	13.6168880950	4.9531532631
935	0.1192321777	0.6041385687	2.1890704908
936	1.1737976074	5.7913192362	5.5050147017
937	3.9100952148	3.1259989324	2.0263633557
938	0.8551330566	4.3274455533	4.4984781175
939	1.2468872070	6.1247548326	5.6766799872
940	3.9250793457	2.6296143139	2.0183837368
941	3.9826049805	0.6316960364	2.0010049747
942	2.3230285645	11.9339706579	5.5464723674
943	2.9360351563	14.8872862091	4.1691894456
944	2.6967163086	14.0163881006	4.7682420640
945	1.4418029785	7.0354857349	6.0040233392
946	1.6015930176	7.8226451574	6.1331555956
947	3.3944091797	13.7024153446	2.9430786660
948	3.1474304199	14.9776227512	3.6020815549
949	3.3175659180	14.3012868849	3.1433305340
950	2.8733215332	14.7196376439	4.3319089603
951	2.4904785156	12.9226928754	5.2258026677
952	1.1327819824	5.6049148907	5.3975389515
953	3.6617431641	9.7806609495	2.3395268221
954	0.7695007324	3.9194217212	4.1825085518
955	1.3824768066	6.7536512077	5.9246392540
956	3.3654785156	13.9520558016	3.0176318011
957	2.4898071289	12.9188464238	5.2271858685
958	2.8428649902	14.6205015023	4.4096130241
959	2.7721252441	14.3519746289	4.5863217843
960	0.7003173828	3.5830720354	3.9238932200
961	2.3470153809	12.0781444259	5.5036826176
962	3.6654663086	9.7032214199	2.3326708208
963	2.7836303711	14.3989781768	4.5579619175
964	3.0445861816	15.0383381179	3.8805444422
965	1.5000610352	7.3173713905	6.0650960461
966	0.5510253906	2.8371306985	3.3787455604
967	0.4677124023	2.4107467508	3.0947372783
968	1.8930053711	9.3853236888	6.0900465674
969	0.7532958984	3.8411871115	4.1219946333
970	2.9028015137	14.8049024964	4.2558508970
971	3.9302368164	2.4564101856	2.0159617778
972	2.4880065918	12.9085245076	5.2308917009
973	1.8901672363	9.3692939007	6.0919525659
974	1.1862487793	5.8479716650	5.5360840416
975	3.0863342285	15.0404500468	3.7678586326
976	0.6048889160	3.1092451565	3.5714930213
977	1.7396850586	8.5418345523	6.1533540844
978	3.5265197754	12.1517483531	2.6213265464
979	0.0392761230	0.1973139499	2.0555732657
980	1.9618835449	9.7787986340	6.0360259130
981	2.8678588867	14.7026560893	4.3459130455
982	3.9312438965	2.4224499628	2.0155083915
983	1.0843200684	5.3847071530	5.2608077544
984	1.2554626465	6.1640574131	5.6951023927
985	2.8939208984	14.7803773156	4.2788466601
986	2.1381835938	10.8186763930	5.8362158256
987	3.3376464844	14.1643774922	3.0903488417
988	3.8202819824	5.8805574189	2.1023564782
989	3.4319763184	13.3320971869	2.8481416153
990	1.0877685547	5.4003871004	5.2708723000
991	0.9902648926	4.9553504645	4.9681985772
992	3.9145507813	2.9794658754	2.0238448275
993	0.6571655273	3.3701946694	3.7633359049
994	0.0209960938	0.1052513444	2.0289062702
995	0.1869506836	0.9529553781	2.3241565156
996	3.6300659180	10.4125712014	2.4000080351
997	2.4973144531	12.9617813268	5.2116770942
998	0.2017822266	1.0297407382	2.3564744683
999	3.5300292969	12.1006995383	2.6133082280
1000	3.4274291992	13.3797777405	2.8595080325
