0	0.2775878906	17.5843355240	9.0817940874
1	3.8306579590	18.7333770175	13.4467042312
2	0.4126586914	15.6875103857	8.2004210848
3	2.2676086426	10.3889604741	5.9367956503
4	2.0950927734	10.1291630748	5.9841954843
5	1.9780883789	9.9708540012	6.0027624930
6	1.9893188477	9.9857762594	6.0013862426
7	0.9700622559	3.7920283023	4.6901566139
8	0.4219665527	15.6510465947	8.1759435633
9	3.4775695801	7.9807832588	8.8632216501
10	1.1448364258	7.6068390050	5.6465768828
11	3.0760498047	18.9696321193	1.9801260607
12	2.6229553223	11.2298194725	5.6895241433
13	2.5262145996	10.9295638635	5.7900287353
14	0.8795776367	-8.0249923313	1.5974949979
15	3.6276855469	9.9816157705	8.9422306283
16	0.4287414551	15.6297278833	8.1600056621
17	2.8636779785	12.6506569586	5.1137676807
18	1.3273010254	8.7183385698	5.8904388397
19	2.1178894043	10.1611573857	5.9794246685
20	1.8771362305	9.8368219917	6.0114683716
21	0.2449035645	18.7938085985	9.5956736476
22	3.0090942383	15.2872880160	3.8574968890
23	3.7755126953	13.8170861817	10.6688024411
24	1.8797302246	9.8402926698	6.0113267137
25	0.5377807617	15.8670348649	8.0981074906
26	3.7123107910	11.5729854234	9.5347006438
27	0.4756164551	15.5967997368	8.0895856426
28	3.4130859375	6.9310945626	9.1453159923
29	3.4457397461	7.5019009530	8.9718687513
30	3.9943542480	-0.4988617263	1.7122024728
31	3.2744445801	1.3010948512	11.7391959398
32	0.3352661133	16.3753525790	8.5484607445
33	2.8554382324	12.5701380237	5.1493562298
34	0.3118286133	16.7662617106	8.7250190987
35	1.5697326660	9.3647565796	5.9928762542
36	3.8272399902	18.2242167612	13.1523915357
37	1.8093872070	9.7447883748	6.0136079386
38	1.7741088867	9.6953372122	6.0134939858
39	2.8857421875	12.8873051954	5.0077656455
40	3.4592285156	7.7121181714	8.9194031407
41	2.1037292480	10.1412238924	5.9824353255
42	2.5226135254	10.9198320452	5.7930978271
43	3.2835388184	2.0800361559	11.3453905535
44	0.8821105957	-7.1852283355	1.8185393608
45	0.5107116699	15.7023927081	8.0798609420
46	2.7343750000	11.7125076918	5.5089486514
47	0.3960266113	15.7743133430	8.2520718184
48	1.1439208984	7.5979668307	5.6444882873
49	0.6264648438	17.1324864898	8.3660578897
50	2.2512207031	10.3620947403	5.9425477460
51	2.0882568359	10.1196653823	5.9855485456
52	3.6311950684	10.0340671186	8.9561647384
53	3.3436279297	5.1747473389	9.8532629817
54	3.8334350586	19.1837981703	13.7077118339
55	3.7423706055	12.4413122457	9.9503934656
56	2.6352844238	11.2745817343	5.6736712347
57	1.9490661621	9.9323882043	6.0059376420
58	3.0389099121	16.4894890912	3.2530673103
59	0.1679687500	26.5592480227	12.8124016811
60	3.5439758301	8.8599486591	8.7835153348
61	0.8463134766	-37.1710402957	-6.0937111722
62	1.7268371582	9.6266420709	6.0119323094
63	2.1371765137	10.1886554440	5.9750677858
64	0.6577148438	18.0291795769	8.5839622500
65	3.9035644531	-533.3704889182	-314.6601758620
66	1.1867675781	7.9637485656	5.7292690645
67	2.5447387695	10.9810599204	5.7735766857
68	3.6310119629	10.0313125925	8.9554205570
69	0.4260253906	15.6377544795	8.1662093706
70	1.8923950195	9.8571998364	6.0105727949
71	3.1932983398	-40.1435098687	33.6498476257
72	2.5390625000	10.9650182457	5.7787393975
73	3.7537231445	12.8489443261	10.1574164295
74	3.8805847168	44.3282826669	28.5403205478
75	0.2034301758	21.5257603057	10.7353884093
76	2.5688476563	11.0519561330	5.7503666192
77	0.4841308594	15.6119425767	8.0838810742
78	0.7551879883	26.7125613551	10.8290158316
79	0.0489196777	-10.8352040090	-2.4513015425
80	3.3357849121	4.8949193335	9.9800723501
81	0.3198242188	16.6201399466	8.6597151937
82	2.3159790039	10.4719479380	5.9179432790
83	0.2168273926	20.4232779350	10.2774432631
84	3.8250427246	17.9203664226	12.9771748080
85	0.5411682129	15.8933077249	8.1020850949
86	3.8125610352	16.4722474941	12.1476163822
87	1.4927062988	9.2048913084	5.9731614252
88	3.9578552246	-6.1274982382	-1.5731544907
89	1.1038818359	7.1510579079	5.5376942392
90	0.8232727051	927.0475293569	248.7656062679
91	3.8706359863	32.7764748143	21.6991479201
92	3.7831420898	14.2340079524	10.8952262499
93	3.3618164063	5.7416261286	9.6053348487
94	3.7591247559	13.0634497596	10.2686034326
95	3.0885620117	20.2742856297	1.3023335107
96	0.2937011719	17.1557371133	8.8963522949
97	3.4145202637	6.9584505167	9.1361178769
98	2.9926147461	14.7871238907	4.1049866971
99	1.7883605957	9.7154747496	6.0136447540
100	1.8677673340	9.8242616624	6.0119437612
101	1.0799255371	6.8142635741	5.4555794002
102	2.6117553711	11.1906216780	5.7032346869
103	3.3009338379	3.2643649994	10.7566486652
104	1.3352966309	8.7487313305	5.8962979448
105	2.4920043945	10.8404910347	5.8176227679
106	0.7988586426	52.7502068293	17.6920088205
107	0.0564880371	-14.8164523925	-4.0837340724
108	0.6694946289	18.4754495214	8.6951623398
109	2.3234252930	10.4852655928	5.9147724847
110	3.8345642090	19.3773753367	13.8200521906
111	2.6195983887	11.2179285406	5.6937005386
112	2.3031311035	10.4493267154	5.9232391443
113	3.6332092285	10.0645012661	8.9644774297
114	0.7266845703	22.3183738778	9.6809871552
115	1.3493957520	8.8001120784	5.9060393804
116	2.0700073242	10.0945042778	5.9889903468
117	0.3394165039	16.3171235945	8.5215477795
118	0.4640197754	15.5866382029	8.1007918501
119	1.6846923828	9.5623122880	6.0090697084
120	0.7712402344	31.2947716709	12.0329583460
121	3.3167114258	4.0960581195	10.3539399113
122	2.8954772949	13.0028314344	4.9553187146
123	0.0542602539	-13.5005977237	-3.5442810102
124	0.3668823242	16.0005702378	8.3703487377
125	1.1191711426	7.3365179759	5.5823591179
126	2.2337646484	10.3340954779	5.9483498003
127	1.4118041992	8.9988944857	5.9414541258
128	0.7921142578	44.1171086834	15.4130321913
129	0.3277282715	16.4890593661	8.6004773628
130	3.1844177246	-90.6648836046	60.5443213444
131	3.3962707520	6.5905249393	9.2659755082
132	2.3987731934	10.6298169742	5.8779962133
133	0.5230407715	15.7677471013	8.0852653038
134	2.6997070313	11.5409723119	5.5753880158
135	0.1168823242	67.5073878957	29.5973924619
136	0.0217895508	-3.0928155695	0.7271376459
137	3.8830261230	49.0002480975	31.3105064631
138	1.3574829102	8.8283872420	5.9113069565
139	3.5633850098	9.1078376938	8.7936460535
140	2.6704101563	11.4124387287	5.6236114974
141	3.4055480957	6.7831548422	9.1963832087
142	2.3651123047	10.5628842736	5.8955439892
143	2.6412353516	11.2968250115	5.6657181029
144	0.8448181152	-40.7189181733	-7.0308728056
145	0.7561035156	26.9155117580	10.8822413944
146	1.1883544922	7.9755943054	5.7319627838
147	0.8315734863	-137.0243409178	-32.4800245683
148	1.4774169922	9.1694506778	5.9681535899
149	2.7403869629	11.7447367634	5.4962211146
150	1.8053894043	9.7392484906	6.0136383979
151	0.4766235352	15.5982498914	8.0887997756
152	2.4992675781	10.8587926808	5.8120458741
153	0.4020385742	15.7396311946	8.2321824198
154	3.5855407715	9.3955950863	8.8238673436
155	0.6896057129	19.4361207503	8.9380487513
156	0.0315246582	-5.1384529127	-0.1134171500
157	0.7453308105	24.8284828161	10.3355704898
158	1.7933349609	9.7224502301	6.0136637044
159	3.8901367188	73.4494896049	45.8191330123
160	1.2017517090	8.0715203397	5.7536338897
161	0.0826416016	-59.1148113242	-22.2283153915
162	1.7172546387	9.6123008136	6.0114080751
163	3.9641723633	-4.6835737074	-0.7258902720
164	0.5854187012	16.3754614782	8.1941448040
165	1.0073242188	5.2341446071	5.0596219442
166	0.4238891602	15.6445555345	8.1712628625
167	0.0493164063	-11.0129779253	-2.5242128784
168	0.2723388672	17.7442523645	9.1504018034
169	2.9912414551	14.7493634822	4.1235512133
170	3.1365356445	32.9385218959	-5.3727146562
171	3.9448547363	-10.4338518192	-4.1091407083
172	1.5578918457	9.3419405244	5.9903809071
173	1.6074829102	9.4340092745	5.9997113747
174	1.2393493652	8.3068724828	5.8055663727
175	0.1470336914	33.0115240304	15.4628787832
176	3.2596435547	-0.3170560380	12.5680136724
177	3.3778991699	6.1679595351	9.4290859356
178	3.9061279297	-187.7833282393	-109.3851741725
179	1.5091247559	9.2414354762	5.9781006850
180	1.6586303711	9.5207079801	6.0065428703
181	3.2460021973	-2.3984227436	13.6474449536
182	2.3542480469	10.5421279662	5.9008077646
183	0.5266113281	15.7896210668	8.0877247421
184	3.0657958984	18.1198312972	2.4190920412
185	2.6742858887	11.4286809411	5.6175969328
186	1.7236022949	9.6218181272	6.0117634317
187	1.2473449707	8.3514189214	5.8151645441
188	1.0133972168	5.4142109258	5.1053494131
189	2.3672485352	10.5670120560	5.8944869119
190	1.5804138184	9.3848689058	5.9949785709
191	2.8067016602	12.1627545121	5.3250857855
192	2.0714416504	10.0964721825	5.9887286972
193	3.6187133789	9.8506011632	8.9096705448
194	3.0462341309	16.8675808369	3.0608554063
195	1.5877685547	9.3984720308	5.9963471316
196	2.2890319824	10.4249985135	5.9288051806
197	0.2847595215	17.3827021796	8.9948714102
198	1.5518493652	9.3300758761	5.9890383259
199	2.0064392090	10.0085927895	5.9991275904
200	0.2607727051	18.1386125098	9.3185849014
201	0.3811340332	15.8773292294	8.3077351479
202	1.2161254883	8.1669564015	5.7749214163
203	2.9215698242	13.3535790467	4.7936307417
204	0.8182678223	183.2120559554	52.1661712906
205	2.3061523438	10.4546064985	5.9220133496
206	0.8499145508	-30.3369033437	-4.2887623956
207	1.6701965332	9.5393624768	6.0077390970
208	2.3464050293	10.5273823693	5.9044940670
209	0.6881103516	19.3541823879	8.9171910875
210	1.5850830078	9.3935275233	5.9958547431
211	0.7277221680	22.4320882621	9.7105395166
212	1.7249145508	9.6237771115	6.0118329276
213	1.8582153320	9.8114110572	6.0123697886
214	0.1282043457	46.4916586496	20.9892299924
215	0.9929199219	4.7538525533	4.9371457432
216	2.8945922852	12.9920173318	4.9602463154
217	3.9479370117	-9.1928311373	-3.3772531174
218	3.6397094727	10.1644835481	8.9929273315
219	1.6981811523	9.5832685976	6.0101451066
220	2.0488586426	10.0656595557	5.9926763954
221	2.6118774414	11.1910416936	5.7030886439
222	0.2375793457	19.1515044376	9.7460579294
223	0.9447631836	2.2924831613	4.3020338112
224	3.4500427246	7.5702987615	8.9540374416
225	3.3754272461	6.1062409543	9.4539477131
226	1.1264038086	7.4175002485	5.6017164718
227	2.8627929688	12.6418186728	5.1176865748
228	0.8708801270	-11.6085793806	0.6534831934
229	2.6072387695	11.1751897169	5.7085872492
230	2.3511657715	10.5363096023	5.9022676454
231	2.3964538574	10.6250702092	5.8792686529
232	0.6609191895	18.1435164578	8.6123228890
233	0.1171264648	66.7929570045	29.3048139389
234	3.1762695313	-1265.9313495566	686.5385487251
235	3.7142028809	11.6205840429	9.5563465023
236	3.4378662109	7.3731341293	9.0073049418
237	2.3785095215	10.5890325603	5.8887911115
238	0.0893554688	-114.3475915132	-44.8427289393
239	3.2439575195	-2.7809550962	13.8469243952
240	1.4040222168	8.9763279125	5.9376402889
241	0.3761901855	15.9172193955	8.3283633998
242	3.4302368164	7.2434396092	9.0453079402
243	2.3330688477	10.5027484419	5.9105515986
244	2.2876586914	10.4226555368	5.9293340100
245	2.0789794922	10.1068405271	5.9873289260
246	1.6448059082	9.4979816793	6.0049505758
247	1.5336914063	9.2934634986	5.9847091342
248	0.9095458984	-1.3045000653	3.3632013840
249	2.5373840332	10.9603198710	5.7802450852
250	1.1639404297	7.7807203630	5.6872079577
251	3.5128479004	8.4593987192	8.7983189117
252	0.3742065430	15.9340634528	8.3369594542
253	1.6062011719	9.4317379939	5.9995057202
254	0.9074401855	-1.6173339340	3.2812450180
255	0.5875244141	16.4058468242	8.2006324146
256	1.8863220215	9.8490999916	6.0109472035
257	2.2922058105	10.4304312170	5.9275740580
258	3.4128417969	6.9264138319	9.1468977249
259	1.8849182129	9.8472257730	6.0110303722
260	2.1923522949	10.2699499040	5.9608655168
261	2.7267761230	11.6728833834	5.5244940317
262	0.5894470215	16.4342778088	8.2067476738
263	1.1275634766	7.4301136106	5.6047228013
264	1.6466369629	9.5010198164	6.0051718719
265	2.7636718750	11.8775419066	5.4430230112
266	1.0971069336	7.0620035380	5.5160980258
267	2.0435485840	10.0584635623	5.9935520114
268	3.9030151367	-862.9530985843	-510.4322701045
269	3.2015075684	-24.2042630034	25.1747706989
270	0.3502502441	16.1786745786	8.4566153292
271	0.4014892578	15.7426417497	8.2339410226
272	1.2312316895	8.2598204695	5.7953418207
273	1.6315307617	9.4756865046	6.0032486829
274	1.1467285156	7.6250099775	5.6508500738
275	2.6708984375	11.4144729230	5.6228595228
276	2.4581909180	10.7591933162	5.8417824286
277	1.9102783203	9.8809861930	6.0093326556
278	3.9216308594	-32.3404527348	-17.0805396375
279	1.3072204590	8.6376262186	5.8745587071
280	2.5344848633	10.9522522331	5.7828236999
281	0.2571411133	18.2758228731	9.3768227447
282	0.6264038086	17.1310581295	8.3657194936
283	0.6620178223	18.1838776708	8.6223570858
284	1.7257690430	9.6250511837	6.0118774545
285	1.9771423340	9.9695982437	6.0028746440
286	0.2325439453	19.4218372653	9.8593938839
287	2.5181274414	10.9078303249	5.7968648345
288	2.4291687012	10.6940435142	5.8603790776
289	3.8085021973	16.0827439292	11.9264683051
290	2.8606262207	12.6203762191	5.1271815136
291	1.2498474121	8.3650110957	5.8180765507
292	1.6147460938	9.4467816611	6.0008434322
293	0.8953247070	-3.7812715524	2.7135307514
294	2.5342102051	10.9514910421	5.7830665482
295	1.6080017090	9.4349271069	5.9997941106
296	1.8916931152	9.8562643253	6.0106172808
297	3.3852539063	6.3443834962	9.3594004170
298	0.5586853027	16.0515345890	8.1291863444
299	0.1302185059	44.2971328310	20.0900008106
300	3.2000732422	-26.2198468003	26.2457308759
301	3.6521301270	10.3639195313	9.0546089254
302	0.5252075195	15.7808590685	8.0867090031
303	0.1759948730	25.0111786046	12.1750686067
304	1.1269226074	7.4231554152	5.6030646481
305	1.1436462402	7.5952949335	5.6438590215
306	0.9396057129	1.9046314865	4.2012277241
307	0.5868530273	16.3960740080	8.1985402565
308	3.8477783203	22.2328632516	15.4859217025
309	3.8540344238	24.1266779407	16.5969171206
310	2.4762573242	10.8018576796	5.8292308868
311	2.9716186523	14.2636363005	4.3606022209
312	1.6931762695	9.5755359291	6.0097640473
313	3.4216308594	7.0905998939	9.0928331618
314	2.8571472168	12.5865182280	5.1421372472
315	2.6163940430	11.2066926523	5.6976331604
316	3.3398742676	5.0438496975	9.9122650295
317	0.8516540527	-27.6838027848	-3.5881844797
318	0.3554687500	16.1185230403	8.4278924034
319	2.0198364258	10.0265219559	5.9972231547
320	0.6274108887	17.1547637186	8.3713403766
321	2.8637695313	12.6515739420	5.1133609174
322	0.9248657227	0.5735196952	3.8543422355
323	1.0532836914	6.3540244919	5.3417442383
324	0.9993896484	4.9795823612	4.9947928836
325	1.8647766113	9.8202432900	6.0120835322
326	1.9530944824	9.9377226326	6.0055295750
327	0.7459411621	24.9312133497	10.3624394526
328	2.5699768066	11.0553918234	5.7492259769
329	2.5462646484	10.9854129469	5.7721699635
330	3.6411132813	10.1864489193	8.9994058709
331	0.6949768066	19.7470433845	9.0173831698
332	3.8153381348	16.7591853670	12.3111410817
333	1.1072692871	7.1939340426	5.5480588877
334	0.0067749023	-0.8014200306	1.6698572051
335	1.1006774902	7.1094996843	5.5276273908
336	1.8898620605	9.8538230775	6.0107318397
337	0.1019592285	273.9521040724	114.1203959164
338	3.5139465332	8.4737576734	8.7971392342
339	0.4266967773	15.6357059404	8.1646529056
340	0.5678100586	16.1500153954	8.1479335343
341	2.9122009277	13.2200637743	4.8555871578
342	0.3262939453	16.5119144957	8.6108573855
343	3.6851501465	10.9650289440	9.2741057838
344	0.8095092773	82.3030033365	25.4986653646
345	1.8453369141	9.7940031709	6.0128498463
346	1.1862487793	7.9598527353	5.7283823443
347	3.3466796875	5.2773400026	9.8074378389
348	1.9528808594	9.9374397292	6.0055514781
349	1.8567199707	9.8093948213	6.0124311016
350	1.9187927246	9.8922845932	6.0086701289
351	1.8758239746	9.8350651372	6.0115383781
352	2.5298156738	10.9393843626	5.7869186037
353	3.8974914551	177.8489318721	107.8182434165
354	3.5606079102	9.0722436032	8.7912774859
355	2.8909606934	12.9483068404	4.9801258095
356	3.7076110840	11.4580845174	9.4831146530
357	3.8871459961	60.3369996837	38.0362523721
358	3.1136779785	24.4674624352	-0.8952324436
359	2.9495849609	13.8154374191	4.5759678459
360	0.3553161621	16.1202245232	8.4287099481
361	3.3112182617	3.8272784760	10.4828379158
362	2.9244079590	13.3958907044	4.7738991209
363	2.9584960938	13.9861752905	4.4943562737
364	3.7351379395	12.2076341424	9.8346955983
365	1.4439697266	9.0865890423	5.9556822933
366	1.6875305176	9.5667525711	6.0093088235
367	1.2087707520	8.1190382526	5.7642690274
368	1.8189697266	9.7580083052	6.0134906430
369	0.1959228516	22.2807441001	11.0480638911
370	2.0748291016	10.1011260871	5.9881048020
371	3.0361328125	16.3563152384	3.3205598368
372	1.2295837402	8.2500336493	5.7932044365
373	0.5867309570	16.3943056948	8.1981622524
374	3.9892883301	-1.0007359251	1.4218393794
375	1.1059570313	7.1774507930	5.5440769414
376	0.8072814941	73.0830507819	23.0626687208
377	2.8426513672	12.4525625694	5.2008469199
378	1.4437866211	9.0861134310	5.9556078396
379	2.3236083984	10.4855950452	5.9146935547
380	0.8010864258	56.6996727361	18.7349605053
381	1.1192626953	7.3375687177	5.5826108783
382	1.0651245117	6.5715376393	5.3957450121
383	2.3692932129	10.5709775441	5.8934682200
384	1.6852722168	9.5632208151	6.0091191222
385	3.8490905762	22.5933267179	15.6970935889
386	3.2229309082	-8.6104235804	16.9094689887
387	2.8585510254	12.6000966918	5.1361448536
388	3.6007690430	9.5996928418	8.8568598042
389	0.7143554688	21.1357030211	9.3744758503
390	2.7834777832	12.0017136059	5.3922598150
391	1.1271667480	7.4258097438	5.6036972668
392	1.4214782715	9.0261833485	5.9459856641
393	2.2445373535	10.3513020219	5.9448078728
394	1.4887084961	9.1957604451	5.9718911582
395	2.6414794922	11.2977467268	5.6653874799
396	3.4458312988	7.5033701810	8.9714783109
397	0.0390930176	-7.2005808343	-0.9600805967
398	2.9600524902	14.0173845816	4.4793788504
399	3.0334167480	16.2309985566	3.3839626539
400	2.7129821777	11.6039426118	5.5512616913
401	3.6150207520	9.7978506719	8.8974995929
402	1.3273620605	8.7185741782	5.8904845251
403	0.7608032227	28.0502980408	11.1800529300
404	3.9444274902	-10.6200903497	-4.2190314312
405	0.8796081543	-8.0144139571	1.6002799380
406	2.4828186035	10.8177851982	5.8244725393
407	2.3923339844	10.6166895724	5.8815049829
408	3.1103210449	23.7214757448	-0.5028092595
409	0.2280883789	19.6797389316	9.9673012720
410	0.9598388672	3.2545884149	4.5513991229
411	0.5178222656	15.7381874191	8.0823993208
412	2.6208190918	11.2222381963	5.6921885947
413	3.2662353516	0.4674883097	12.1646777568
414	2.4370117188	10.7112609717	5.8555335278
415	1.2834472656	8.5329834166	5.8533501313
416	3.1425781250	37.1324150599	-7.5971111289
417	1.1580200195	7.7290303445	5.6751922935
418	2.8669128418	12.6833656131	5.0992385509
419	0.5517578125	15.9843222839	8.1171221782
420	2.0401611328	10.0538818496	5.9941002767
421	0.5983581543	16.5750444223	8.2375890371
422	1.2301330566	8.2533049410	5.7939192671
423	3.6868591309	10.9997059383	9.2880652956
424	3.4423522949	7.4470961957	8.9866598960
425	3.4107055664	6.8851489505	9.1609403728
426	1.9140625000	9.8860094027	6.0090439375
427	0.9646301270	3.5163900108	4.6190477220
428	0.9336853027	1.4136469488	4.0734287873
429	1.7696533203	9.6889923508	6.0134171544
430	3.7169494629	11.6911214793	9.5887067963
431	0.6079101563	16.7436949637	8.2755548315
432	2.8707885742	12.7234096121	5.0813959958
433	0.0486755371	-10.7272350576	-2.4070186740
434	1.4765930176	9.1674998132	5.9678719747
435	3.4464721680	7.5136374818	8.9687588096
436	1.3236999512	8.7043371236	5.8877166494
437	3.2927551270	2.7496553392	11.0107260637
438	1.3244628906	8.7073201451	5.8882978040
439	0.2023925781	21.6234336086	10.7758758449
440	3.6424560547	10.2075894990	9.0057168697
441	1.3160705566	8.6740035828	5.8817713233
442	0.5645141602	16.1130906841	8.1407754616
443	0.4000854492	15.7504790298	8.2384883774
444	1.6484069824	9.5039483967	6.0053827441
445	2.4245910645	10.6841211831	5.8631484045
446	0.1770324707	24.8343176418	12.1021967078
447	3.9015197754	1332.0561338527	793.4132825625
448	2.4505615234	10.7416771609	5.8468514218
449	1.7637329102	9.6805230833	6.0132928918
450	2.9476623535	13.7802797254	4.5927017528
451	0.0662841797	-22.8110006140	-7.3599968033
452	2.8871154785	12.9031566959	5.0005951496
453	1.2911376953	8.5680019072	5.8605196528
454	1.2211914063	8.1989045669	5.7819810925
455	3.5368652344	8.7692136833	8.7835249828
456	1.5917358398	9.4057297531	5.9970592891
457	3.3741455078	6.0737300236	9.4671390730
458	1.2805786133	8.5196172964	5.8505955864
459	1.6486816406	9.5044021066	6.0054151982
460	1.6850891113	9.5629339883	6.0091035491
461	0.0125427246	-1.5852917387	1.3471806585
462	0.3507690430	16.1725111912	8.4536883877
463	2.4653625488	10.7759253730	5.8368942082
464	3.0911865234	20.5964970017	1.1343639891
465	0.6863403320	19.2596372115	8.8931522967
466	1.2276000977	8.2381448627	5.7906031950
467	0.4388122559	15.6059420743	8.1391192034
468	3.4786987305	7.9967844598	8.8602939332
469	3.8281250000	18.3516112804	13.2259510580
470	0.5318298340	15.8240645018	8.0920617467
471	2.6943969727	11.5166503912	5.5846207965
472	3.8275451660	18.2678099625	13.1775566938
473	3.9210510254	-33.5737389518	-17.8120546660
474	0.5878601074	16.4107632389	8.2016868607
475	1.9411010742	9.9218414317	6.0067136935
476	0.6202087402	16.9914951851	8.3328435471
477	1.2212829590	8.1994742666	5.7821066614
478	1.9277954102	9.9042182424	6.0079190454
479	2.0066833496	10.0089188759	5.9990939672
480	1.6580810547	9.5198140667	6.0064830148
481	0.1057128906	147.8990613521	62.5135648333
482	2.4202270508	10.6747468378	5.8657490433
483	3.9978637695	-0.1819340197	1.8951437656
484	2.5029602051	10.8682188268	5.8091544319
485	1.0446166992	6.1795296644	5.2981984770
486	0.0242309570	-3.5546285767	0.5373068048
487	1.0853881836	6.8966807910	5.4757796178
488	3.5434875488	8.8537227677	8.7834524699
489	1.1993103027	8.0545642206	5.7498223678
490	1.1682739258	7.8173924442	5.6956979569
491	0.9143066406	-0.6516869087	3.5341067175
492	2.6863708496	11.4807771505	5.5981484481
493	1.6448059082	9.4979816793	6.0049505758
494	2.7540893555	11.8212818407	5.4657032597
495	3.6390075684	10.1535520979	8.9897333459
496	1.6730041504	9.5438438446	6.0080112742
497	1.2174682617	8.1755066915	5.7768142108
498	1.7854919434	9.7114399076	6.0136259475
499	0.5835266113	16.3488165390	8.1884991040
500	1.0207519531	5.6170118191	5.1567061633
501	2.9877014160	14.6544913695	4.1701125827
502	0.6224670410	17.0411508544	8.3444963426
503	1.5264892578	9.2785208888	5.9828643615
504	0.5893859863	16.4333650025	8.2065506881
505	1.3575134277	8.8284923634	5.9113264113
506	0.8599548340	-18.6051476120	-1.1917350624
507	2.6115112305	11.1897821137	5.7035265533
508	0.7725219727	31.7838503490	12.1616636298
509	1.7832946777	9.7083432141	6.0136076263
510	3.8318176270	18.9171994996	13.5531560305
511	0.8821411133	-7.1755619478	1.8210832982
512	1.3139038086	8.6652181371	5.8800375079
513	0.1233825684	53.1569509856	23.7198690396
514	2.7396850586	11.7409327425	5.4977271880
515	3.4421691895	7.4441087285	8.9874787421
516	3.7490539551	12.6746811311	10.0681774863
517	3.6107482910	9.7375857487	8.8842780665
518	0.4068603516	15.7145460698	8.2172404412
519	1.2406311035	8.3141307725	5.8071358401
520	1.4713745117	9.1550434626	5.9660596365
521	1.4506530762	9.1037769291	5.9583518128
522	1.6572875977	9.5185215561	6.0063960638
523	2.4822082520	10.8162934899	5.8249198304
524	0.4237976074	15.6448566618	8.1714828949
525	1.0433044434	6.1518699185	5.2912791624
526	0.3194885254	16.6259922748	8.6623443946
527	2.6620788574	11.3782538698	5.6361922211
528	2.4150695801	10.6637728451	5.8687738110
529	1.8315124512	9.7751957872	6.0132435748
530	2.8552856445	12.5686834397	5.1499967603
531	1.2263183594	8.2303991198	5.7889056457
532	0.0611877441	-18.1179967421	-5.4369610009
533	3.7733764648	13.7087143038	10.6104697507
534	0.6139526367	16.8608429403	8.3024444483
535	3.8569641113	25.1927066603	17.2237024805
536	0.3518066406	16.1603072861	8.4478824136
537	0.4398803711	15.6039649804	8.1370957465
538	1.7109069824	9.6027131032	6.0110205880
539	0.3820800781	15.8700296178	8.3039144385
540	3.8416748047	20.7603646985	14.6250997598
541	0.7375488281	23.6472022471	10.0269987647
542	1.5317382813	9.2894357123	5.9842162154
543	0.3111267090	16.7797835616	8.7310288878
544	1.4669494629	9.1443419485	5.9644832840
545	3.2561950684	-0.7776425837	12.8058477691
546	3.8611145020	26.9622187741	18.2657697243
547	2.9949035645	14.8512933071	4.0733973219
548	0.9866943359	4.5192645473	4.8770938167
549	3.2414855957	-3.2747575932	14.1048127084
550	0.6365966797	17.3851941474	8.4264576811
551	0.4108276367	15.6956838646	8.2055993615
552	0.0492858887	-10.9991995551	-2.5185619569
553	0.1926269531	22.6512306288	11.2012915912
554	2.3276977539	10.4929778453	5.9129186215
555	1.5730895996	9.3711242940	5.9935518919
556	2.8837585449	12.8646565617	5.0179962202
557	2.0850524902	10.1152275065	5.9861707171
558	2.9395446777	13.6378846761	4.6602130344
559	3.5677490234	9.1639287255	8.7979968167
560	0.6162414551	16.9074973566	8.3132536159
561	3.2179565430	-10.8296021639	18.0818275595
562	2.6421203613	11.3001697119	5.6645179453
563	2.2129211426	10.3014322345	5.9548611486
564	3.2113647461	-14.7166530994	20.1396389084
565	3.6871643066	11.0059422337	9.2905888279
566	0.0238952637	-3.4893065491	0.5641549933
567	2.3439331055	10.5227751820	5.9056366405
568	1.0386657715	6.0513021855	5.2660851564
569	2.4826049805	10.8172628629	5.8246292008
570	1.9707641602	9.9611363314	6.0036154817
571	1.7234802246	9.6216357492	6.0117568981
572	3.0639953613	17.9865217926	2.4877294842
573	1.2109985352	8.1337501439	5.7675474611
574	3.1701049805	173.3436861041	-80.1052378390
575	3.5767822266	9.2808412484	8.8094771607
576	0.6659545898	18.3336144174	8.6596796463
577	0.4436340332	15.5978381242	8.1302709978
578	0.2396240234	19.0476204929	9.7024356105
579	3.7517700195	12.7748543614	10.1193495986
580	1.0772094727	6.7719168832	5.4451762351
581	2.6888122559	11.4915783897	5.5940867865
582	0.4810791016	15.6057614859	8.0856807468
583	1.5041503906	9.2305213650	5.9766503050
584	3.4510192871	7.5856398730	8.9501363832
585	1.9897155762	9.9863039753	6.0013361055
586	3.2595214844	-0.3327246534	12.5760928299
587	3.9076843262	-133.1193452581	-76.9175497701
588	0.5525512695	15.9917037677	8.1184124437
589	2.1469421387	10.2027449870	5.9727457515
590	1.0068664551	5.2200740770	5.0560440426
591	3.8892517090	68.9342394663	43.1388244471
592	2.0753173828	10.1017976606	5.9880141791
593	3.5662231445	9.1442921765	8.7963878320
594	3.8510742188	23.1731234644	16.0370651681
595	0.8890075684	-5.2338887746	2.3318285015
596	2.5825500488	11.0943898042	5.7361793577
597	0.7309875488	22.8068672055	9.8080209294
598	1.8698120117	9.8270063566	6.0118448620
599	1.1456604004	7.6147793306	5.6484449124
600	2.0737304688	10.0996157331	5.9883080653
601	1.3001403809	8.6075548419	5.8685316275
602	2.9696044922	14.2188405007	4.3822851945
603	0.6064147949	16.7159966167	8.2692547170
604	3.1758422852	-3271.9589707700	1755.0531401882
605	0.8306274414	-159.6568629388	-38.4616042914
606	2.3895263672	10.6110153180	5.8830116677
607	3.4623718262	7.7594442170	8.9085814206
608	1.9597778320	9.9465749301	6.0048294102
609	0.1250915527	50.5237905888	22.6411949936
610	1.8302307129	9.7734450742	6.0132736528
611	3.3085021973	3.6866515398	10.5507839610
612	2.3819580078	10.5958658730	5.8870044682
613	2.2046508789	10.2886883187	5.9573243628
614	1.2078857422	8.1131451601	5.7629538699
615	0.9288024902	0.9662665433	3.9568203466
616	2.3504028320	10.5348741177	5.9026267566
617	0.9063415527	-1.7869878849	3.2367848650
618	0.0328979492	-5.4767382572	-0.2523491194
619	3.7066650391	11.4355051097	9.4730926071
620	2.4165039063	10.6668135196	5.8679378437
621	1.1060180664	7.1782209738	5.5442630717
622	3.4140014648	6.9485839288	9.1394262752
623	1.6597290039	9.5224936034	6.0066617456
624	0.0911254883	-147.1842701001	-58.2865281035
625	2.5657653809	11.0426319297	5.7534549816
626	0.6871643066	19.3033258934	8.9042566430
627	0.1002807617	458.2326016581	189.5644450715
628	1.7861328125	9.7123420951	6.0136306506
629	0.4068298340	15.7146973344	8.2173322497
630	1.6693420410	9.5379950167	6.0076548629
631	1.9203186035	9.8943080433	6.0085464852
632	0.3808898926	15.8792302080	8.3087276585
633	0.2069702148	21.2070099024	10.6031751670
634	0.5375061035	15.8649629971	8.0978021980
635	1.5016174316	9.2249119838	5.9758965714
636	0.4134826660	15.6839408831	8.1981304214
637	1.7233581543	9.6214533462	6.0117503529
638	1.3325500488	8.7383971345	5.8943135322
639	2.2510681152	10.3618472987	5.9425998919
640	1.8972778320	9.8637033500	6.0102545651
641	2.2400817871	10.3441574727	5.9462877774
642	2.0881042480	10.1194538533	5.9855783469
643	1.7607421875	9.6762276005	6.0132204300
644	3.7622070313	13.1926529367	10.3362224354
645	1.5409545898	9.3082861679	5.9864950537
646	2.5845336914	11.1006699020	5.7340615442
647	2.5930175781	11.1279369873	5.7248133572
648	2.9212951660	13.3495320401	4.7955156267
649	1.5069580078	9.2366979212	5.9774737488
650	1.7278442383	9.6281403273	6.0119832134
651	1.6907348633	9.5717457071	6.0095705147
652	0.9619750977	3.3736061797	4.5821653811
653	1.3391418457	8.7630173504	5.8990276279
654	2.5535583496	11.0064645268	5.7653325494
655	1.4124450684	9.0007280525	5.9417614018
656	3.4624938965	7.7612705347	8.9081714443
657	3.4060668945	6.7935712879	9.1927169494
658	2.8555297852	12.5710113954	5.1489715967
659	3.1924743652	-42.5975523700	34.9555119930
660	1.9334411621	9.9116974045	6.0074214929
661	2.7166137695	11.6217335066	5.5443887130
662	2.4400329590	10.7179681928	5.8536322738
663	0.8261108398	-618.7928530595	-159.8129987120
664	1.3839721680	8.9154699581	5.9270738543
665	0.0175170898	-2.3527347363	1.0314559521
666	1.0045776367	5.1486232530	5.0378652105
667	0.3797607422	15.8881145654	8.3133530394
668	0.5133361816	15.7150119147	8.0806162128
669	1.5161437988	9.2566118254	5.9800813362
670	0.6417541504	17.5266802954	8.4606756328
671	0.7261047363	22.2559006620	9.6647567651
672	2.5272521973	10.9323843382	5.7891368357
673	2.2280273438	10.3250240811	5.9501863405
674	0.9682312012	3.7014840816	4.6668119013
675	1.7042846680	9.5926325801	6.0105815922
676	1.5793457031	9.3828769650	5.9947745187
677	3.9496765137	-8.5631996206	-3.0062128994
678	3.8786621094	41.3330969153	26.7651137896
679	2.9049682617	13.1229977707	4.9003216686
680	2.8374938965	12.4074851530	5.2204302561
681	1.8560485840	9.8084891584	6.0124581548
682	3.9245300293	-27.1303037835	-13.9909747970
683	2.0806274414	10.1091133622	5.9870173387
684	3.1752319336	2644.7832839848	-1396.5145834455
685	0.7233276367	21.9668918974	9.5897244988
686	1.3180541992	8.6819795668	5.8833408229
687	3.1805725098	-168.1779330503	101.8250809394
688	2.4882812500	10.8312297032	5.8204260092
689	2.7765502930	11.9570061706	5.4106452650
690	0.5612182617	16.0777073612	8.1340572793
691	0.0112609863	-1.4019733368	1.4226239307
692	0.6357421875	17.3626285086	8.4210248063
693	3.1622924805	77.3042427585	-28.9627368271
694	0.6994934082	20.0304257619	9.0899219695
695	0.5212402344	15.7572278886	8.0841793583
696	3.0067443848	15.2101746394	3.8958340542
697	3.0462341309	16.8675808369	3.0608554063
698	3.2008361816	-25.1192733351	25.6609135918
699	2.7115478516	11.5969844417	5.5539430813
700	1.7116394043	9.6038230565	6.0110669524
701	3.3359375000	4.9006007708	9.9774730642
702	3.4597167969	7.7195080338	8.9176884341
703	3.1706542969	191.5806094446	-89.8182443056
704	3.3985290527	6.6385666287	9.2483113473
705	0.0284118652	-4.4215223911	0.1810825257
706	1.9257507324	9.9015088023	6.0080941935
707	3.2347412109	-4.8297563960	14.9192592921
708	3.6946716309	11.1637689851	9.3557243089
709	2.1827697754	10.2555178864	5.9635262162
710	0.8578186035	-20.5095963596	-1.6942994712
711	0.7728576660	31.9159839751	12.1964406318
712	2.2728271484	10.3976402067	5.9348995121
713	2.5180053711	10.9075056123	5.7969664756
714	1.7029418945	9.5905786200	6.0104882056
715	0.5969848633	16.5523523422	8.2325594134
716	2.5426635742	10.9751676720	5.7754769026
717	1.6354675293	9.4823484181	6.0037714563
718	1.1001281738	7.1022752492	5.5258753468
719	0.4973144531	15.6484665037	8.0792581934
720	1.9672851563	9.9565235442	6.0040083857
721	3.8666687012	29.9754889146	20.0437477387
722	1.5093078613	9.2418346804	5.9781533268
723	0.9023437500	-2.4450371016	3.0642476561
724	0.0044250488	-0.5101191528	1.7898269160
725	1.7458190918	9.6546119849	6.0127603103
726	1.4652404785	9.1401740712	5.9638645920
727	0.1639404297	27.4801496223	13.1911735759
728	1.6730957031	9.5439896758	6.0080200314
729	0.1075744629	121.6228576170	51.7555286334
730	1.4564208984	9.1183474057	5.9605819844
731	2.4676818848	10.7813933316	5.8352871186
732	2.7447814941	11.7688069083	5.4866678921
733	3.8096923828	16.1935093526	11.9892535282
734	2.4290161133	10.6937112816	5.8604720794
735	1.3679199219	8.8636728509	5.9177816629
736	0.5599670410	16.0646692880	8.1316197799
737	0.0806274414	-50.9263142637	-18.8752717814
738	0.9156799316	-0.4761414758	3.5800341451
739	3.9478454590	-9.2272911763	-3.3975661817
740	1.4695434570	9.1506309307	5.9654118056
741	0.4922180176	15.6324388106	8.0804368937
742	2.7895812988	12.0423160224	5.3754607436
743	0.6048889160	16.6882421113	8.2629658755
744	2.9011230469	13.0733666218	4.9230894604
745	2.5573425293	11.0175490274	5.7617097208
746	3.6432189941	10.2196589874	9.0093528972
747	1.4605712891	9.1286857948	5.9621456523
748	1.0505981445	6.3014268145	5.3286381341
749	0.9526062012	2.8216804856	4.4393307331
750	0.7923278809	44.3348354373	15.4704892224
751	2.3959045410	10.6239490269	5.8795685925
752	0.1983337402	22.0255831857	10.9424578493
753	3.3658752441	5.8550404330	9.5574713769
754	0.9049072266	-2.0155061125	3.1768836354
755	1.7114257813	9.6034994204	6.0110534742
756	1.6507873535	9.5078741270	6.0056616350
757	2.9691467285	14.2087770680	4.3871517819
758	3.2549133301	-0.9588724299	12.8996130714
759	1.4123840332	9.0005535874	5.9417321814
760	3.3068237305	3.5969947318	10.5942703112
761	3.5160217285	8.5008174449	8.7950441557
762	3.6014099121	9.6084381746	8.8584787653
763	0.1188964844	62.1102936550	27.3870709446
764	0.8490295410	-31.8308840325	-4.6832979969
765	1.0643920898	6.5587244778	5.3925733533
766	2.6922607422	11.5069994398	5.5882707805
767	1.6011047363	9.4226542782	5.9986702823
768	1.5603637695	9.3467504224	5.9909165110
769	3.3241882324	4.4318734995	10.1949145208
770	2.3931579590	10.6183605080	5.8810601484
771	2.9393310547	13.6342638310	4.6619240243
772	3.7652282715	13.3245058788	10.4056881491
773	0.6299438477	17.2157038789	8.3858348771
774	0.4415588379	15.6010675593	8.1339891192
775	2.3092651367	10.4600715653	5.9207379289
776	2.8962402344	13.0122058330	4.9510441694
777	1.5384826660	9.3032686974	5.9858955031
778	1.8254089355	9.7668477289	6.0133769757
779	1.3920593262	8.9405059773	5.9314687229
780	1.1853027344	7.9527189063	5.7267576023
781	2.0516052246	10.0693885141	5.9922157017
782	0.7872314453	39.8237416457	14.2803259225
783	3.4095153809	6.8619140770	9.1689238379
784	3.9802551270	-2.0550864523	0.8096139618
785	1.4636535645	9.1362862532	5.9632850963
786	2.4530334473	10.7473209143	5.8452236260
787	1.7842102051	9.7096341610	6.0136156738
788	1.6861572266	9.5646061520	6.0091939860
789	1.8342590332	9.7789431762	6.0131754376
790	1.0860595703	6.9065653251	5.4781979774
791	1.4247741699	9.0352944672	5.9474783518
792	2.3317565918	10.5003534854	5.9111336897
793	0.0859985352	-78.9312172175	-30.3422468757
794	1.9658203125	9.9545818271	6.0041714613
795	0.6358337402	17.3650347004	8.4216037788
796	1.7608032227	9.6763153811	6.0132219742
797	2.7269592285	11.6738240172	5.5241263369
798	2.8919982910	12.9606878155	4.9745011579
799	3.6534118652	10.3851972423	9.0615553699
800	3.4485473633	7.5466792010	8.9601146720
801	0.1985168457	22.0067189451	10.9346476936
802	0.3132629395	16.7389881632	8.7128812121
803	3.8048706055	15.7610561816	11.7446383196
804	2.9431152344	13.6993454602	4.6311267116
805	2.8479309082	12.5000719496	5.1801110240
806	2.0812683105	10.1099978459	5.9868956238
807	3.2942199707	2.8468408300	10.9625182611
808	3.9319763184	-18.3802384309	-8.8067865757
809	1.5259094238	9.2773070122	5.9827125771
810	0.8295898438	-194.0222131186	-47.5442241018
811	2.6121826172	11.1920924146	5.7027232160
812	1.9331665039	9.9113336143	6.0074461718
813	2.8094787598	12.1832645348	5.3164293407
814	0.9774475098	4.1348394151	4.7784093915
815	3.5713500977	9.2103893393	8.8021705532
816	3.6119079590	9.7538652282	8.8877768322
817	1.8493957520	9.7995004888	6.0127102858
818	1.3588256836	8.8330015798	5.9121600163
819	3.9664306641	-4.2358004220	-0.4636006303
820	2.7218933105	11.6480509452	5.5341772276
821	2.8430786133	12.4563550521	5.1991952388
822	3.4762878418	7.9625512291	8.8666171648
823	2.8593139648	12.6075234987	5.1328641731
824	1.6717224121	9.5418002215	6.0078878910
825	0.1319580078	42.6111357844	19.3990667535
826	0.3797912598	15.8878724450	8.3132272692
827	3.4892578125	8.1438864770	8.8357334139
828	3.7163391113	11.6752954336	9.5814175667
829	1.9243469238	9.8996483066	6.0082128914
830	2.1708068848	10.2376963772	5.9667302528
831	3.8080749512	16.0436468017	11.9043276669
832	1.7733459473	9.6942524861	6.0134818413
833	3.6430969238	10.2177250252	9.0087686723
834	3.1310119629	30.0979159564	-3.8682109142
835	2.6401977539	11.2929158584	5.6671193974
836	1.8645019531	9.8198740273	6.0120960769
837	2.8980712891	13.0349028718	4.9406834417
838	0.4763488770	15.5978453586	8.0890111437
839	2.4679260254	10.7819705425	5.8351171954
840	0.1821594238	24.0254730407	11.7687387069
841	0.0840454102	-66.2319422993	-25.1425319987
842	3.7358398438	12.2295229035	9.8454291043
843	2.8415832520	12.4431208315	5.2049562012
844	1.7804870605	9.7043783771	6.0135792531
845	0.6031188965	16.6566786847	8.2558445614
846	1.7555236816	9.6687038821	6.0130782894
847	0.4146118164	15.6791581849	8.1950309554
848	3.8920898438	86.2347478151	53.4097388119
849	3.7126159668	11.5806091216	9.5381569933
850	0.3273315430	16.4953408525	8.6033325258
851	0.6037597656	16.6680292917	8.2584016342
852	3.8692932129	31.7528508420	21.0939425241
853	2.9975585938	14.9277327648	4.0357018054
854	1.4431152344	9.0843673436	5.9553342350
855	3.8742370605	36.0072551938	23.6107041673
856	0.7505798340	25.7683215389	10.5815517270
857	2.4683532715	10.7829814148	5.8348194817
858	3.1733703613	415.5753792500	-209.1249489438
859	0.6498718262	17.7691559726	8.5198614403
860	1.4519958496	9.1071904307	5.9588770220
861	2.2835388184	10.4156542166	5.9309066094
862	3.1712646484	217.3009724060	-103.5172171644
863	2.8482666016	12.5031409881	5.1787681935
864	3.5835876465	9.3698640832	8.8203752517
865	1.0973205566	7.0648812813	5.5167972939
866	2.8015441895	12.1254082229	5.3407910112
867	0.0409545898	-7.7923398897	-1.2029495306
868	0.8907470703	-4.8061277171	2.4442713512
869	1.0323791504	5.9076416372	5.2300026627
870	3.8943786621	109.4325427607	67.1847853461
871	3.2386169434	-3.8958571490	14.4297282670
872	1.3206176758	8.6921934650	5.8853442570
873	1.2773437500	8.5043405300	5.8474354661
874	2.1242675781	10.1702046899	5.9780170056
875	0.3010253906	16.9878290226	8.8228979501
876	1.7135925293	9.6067782058	6.0111884751
877	0.3095397949	16.8107859046	8.7447885295
878	1.0140380859	5.4325238914	5.1099934350
879	0.9725341797	3.9106484590	4.7207185170
880	0.1196289063	60.3958560671	26.6849047608
881	0.7427673340	24.4140478626	10.2272272083
882	3.5636596680	9.1113618834	8.7938971673
883	2.5419006348	10.9730094230	5.7761717933
884	0.7396850586	23.9494871887	10.1058865392
885	0.7996520996	54.0753441914	18.0419237853
886	0.5041809082	15.6739403556	8.0788923663
887	1.1277160645	7.4317658476	5.6051164253
888	3.4921264648	8.1831302204	8.8299195897
889	2.4096679688	10.6523985272	5.8718863007
890	2.1766357422	10.2463533983	5.9651852066
891	3.5883178711	9.4323374455	8.8291167502
892	0.2041320801	21.4608077676	10.7084577899
893	2.9314575195	13.5050341103	4.7227958960
894	0.0359802246	-6.2910228750	-0.5867044958
895	3.0571899414	17.5187625182	2.7280094743
896	1.4281311035	9.0444800730	5.9489726806
897	0.5007019043	15.6604717400	8.0789015797
898	2.7799072266	11.9784922166	5.4018242333
899	3.1029052734	22.3164795079	0.2348170611
900	0.8831481934	-6.8622319247	1.9035373327
901	2.0027770996	10.0037041063	5.9996271471
902	1.1028747559	7.1381031691	5.5345583110
903	3.5144348145	8.4801319286	8.7966306229
904	3.5212097168	8.5681402419	8.7905639925
905	0.6702575684	18.5069553247	8.7030599843
906	1.0749206543	6.7354959083	5.4362162516
907	0.7111816406	20.8742576713	9.3069685676
908	2.2188110352	10.3105813104	5.9530657816
909	3.3056945801	3.5354462928	10.6241952182
910	2.1455688477	10.2007565180	5.9730770933
911	2.7782897949	11.9680985220	5.4060947966
912	0.0933532715	-224.9610699724	-90.1287361928
913	2.1292419434	10.1772919054	5.9768965554
914	2.7728576660	11.9337488171	5.4201619952
915	3.1265869141	28.2832824264	-2.9084092287
916	2.4443969727	10.7277314819	5.8508512421
917	0.2513427734	18.5099183818	9.4759091546
918	3.6770324707	10.8057283108	9.2116291315
919	2.7779541016	11.9659510041	5.4069763618
920	3.3201904297	4.2563498138	10.2777331178
921	0.7702941895	30.9487305646	11.9419127906
922	2.7196960449	11.6370318143	5.5384591984
923	0.2753601074	17.6508690527	9.1103710977
924	2.7090454102	11.5849360282	5.5585770616
925	3.4950561523	8.2229245019	8.8243514696
926	1.4075012207	8.9864860867	5.9393643333
927	2.2180480957	10.3093926944	5.9533002940
928	0.3557739258	16.1151302613	8.4262612713
929	2.2926635742	10.4312168477	5.9273954571
930	1.0212097168	5.6291206629	5.1597673855
931	1.4217224121	9.0268614280	5.9460971105
932	3.2030029297	-22.3270498071	24.1776376610
933	1.0612182617	6.5022567980	5.3785813396
934	1.3694763184	8.8688230344	5.9187171500
935	1.7036437988	9.5916527068	6.0105372063
936	0.4577026367	15.5861442955	8.1085785886
937	2.3272399902	10.4921490181	5.9131184704
938	1.1678771973	7.8140748067	5.6949311059
939	3.2927856445	2.7517038441	11.0097088830
940	2.2825012207	10.4138973896	5.9312994098
941	3.4684753418	7.8497500548	8.8890053470
942	3.0427246094	16.6813101623	3.1556562273
943	2.8650817871	12.6647729496	5.1075024020
944	1.1121215820	7.2535356023	5.5624289558
945	3.5615539551	9.0843613737	8.7920495670
946	2.1600036621	10.2217791488	5.9695143729
947	2.2034606934	10.2868639649	5.9576733710
948	0.5947875977	16.5168171072	8.2247256320
949	2.8545532227	12.5617193975	5.1530622051
950	2.4792785645	10.8091621974	5.8270534791
951	0.4831542969	15.6098726182	8.0844271925
952	3.1586303711	62.7758697731	-21.2302304205
953	1.8647766113	9.8202432900	6.0120835322
954	2.6325988770	11.2646821003	5.6771949049
955	0.1816711426	24.0981587931	11.7987183135
956	1.2030944824	8.0807505467	5.7557051280
957	3.1012878418	22.0470658169	0.3760016526
958	2.4284057617	10.6923833829	5.8608436074
959	3.6140747070	9.7844372410	8.8944932001
960	3.9153442383	-51.4747631894	-28.4347910554
961	2.4126892090	10.6587455695	5.8701523399
962	1.9804687500	9.9740144590	6.0024777117
963	2.0931396484	10.1264451670	5.9845856697
964	3.7117309570	11.5585562965	9.5281701265
965	3.9596862793	-5.6765539433	-1.3083329092
966	0.4617309570	15.5860490418	8.1034751104
967	1.7144165039	9.6080228619	6.0112388219
968	2.3040161133	10.4508708328	5.9228813017
969	1.8127746582	9.7494709568	6.0135735955
970	1.4832153320	9.1830587228	5.9701009117
971	0.7664794922	29.6687664315	11.6052934603
972	3.3909606934	6.4744208564	9.3094556309
973	2.1748962402	10.2437647030	5.9656494774
974	1.0980529785	7.0747126142	5.5191855379
975	1.7661132813	9.6839336221	6.0133459077
976	2.9747314453	14.3345681305	4.3262024900
977	3.2291259766	-6.4206147365	15.7553266103
978	2.4301757813	10.6962388446	5.8597640621
979	3.1182861328	25.6330821167	-1.5092720283
980	2.3021240234	10.4475721074	5.9236451115
981	3.6112365723	9.7444333383	8.8857431294
982	2.9284362793	13.4575323527	4.7450728952
983	2.4015502930	10.6355282268	5.8764597172
984	3.4312133789	7.2603306083	9.0402334241
985	0.5074768066	15.6877779797	8.0792195713
986	2.2454223633	10.3527259219	5.9445113768
987	2.2779541016	10.4062286283	5.9330054798
988	0.4225463867	15.6490518999	8.1745186215
989	1.3771057129	8.8936659104	5.9231942256
990	0.7413024902	24.1888938307	10.1684033275
991	3.0284423828	16.0132306144	3.4938766570
992	2.1557006836	10.2154837898	5.9705950184
993	1.3001708984	8.6076863752	5.8685581135
994	1.6128234863	9.4434167952	6.0005492422
995	0.7127990723	21.0055660250	9.3408600927
996	0.7705688477	31.0479338526	11.9680121889
997	3.9501037598	-8.4155077758	-2.9192091892
998	3.6472167969	10.2836103736	9.0290117547
999	3.9549560547	-6.9050454569	-2.0301765378
1000	1.7338867188	9.6370953291	6.0122720930
